08	1a	cf	4d	00	c4	00	1d	07	4b	
1a	c9	00	00	01	00	06	00	45	07	
1d	00	95	6d	3b	44	0c	00	00	00	
00	00	00	00	00	00	00	00	00	00	
00	00	00	00	00	00	00	00	00	01	
b7	00	01	00	00	00	c5	00	36	00	
3b	00	15	00	00	00	1c	00	f7	01	
12	00	09	00	15	00	00	00	00	00	
84	3f	84	3f	7e	3f	00	00	00	00	
00	00	00	00	00	10	00	01	00	00	
a2	00	00	00	03	00	80	3f	94	ff	
80	3f	00	00	00	00	d0	f3	01	00	
15	01	cb	00	14	00	1d	00	17	00	
14	00	0f	00	12	00	0c	00	15	00	
14	00	00	00	00	00	00	00	00	00	
f9	03	00	00	00	00	00	00	00	00	
ce	0c	00	00	00	00	00	17	01	21	
01	41	00	40	01	2f	11	d0	11	d5	
11	c4	11	fc	11	ff	11	f1	f4	04	
00	a5	70	fd	3e	14	ae	c7	bd	c2	
f5	28	be	