08	1a	c2	3b	00	c4	00	3b	6e	ab	
2d	64	00	00	0a	00	07	00	a5	6e	
3b	00	17	f4	de	54	36	00	00	00	
00	00	00	00	00	00	00	00	00	00	
00	00	00	00	00	00	00	00	00	01	
bc	00	01	00	00	00	1c	01	36	00	
3b	00	09	00	09	00	09	01	08	02	
15	00	0c	00	15	00	00	00	00	00	
9a	3d	9a	3d	95	3d	00	00	00	00	
00	00	00	00	00	10	00	01	00	00	
a3	00	00	00	03	00	97	3d	92	ff	
ab	3d	00	00	00	00	a3	f4	01	00	
cb	01	c7	01	14	00	20	00	1a	00	
17	00	0f	00	12	00	0f	00	18	00	
17	00	ba	13	00	00	00	00	00	00	
46	04	00	00	00	00	00	00	00	00	
cc	0c	00	00	00	00	00	4e	00	51	
00	79	00	6b	00	3c	40	4a	40	4b	
40	1b	40	37	40	12	40	20	57	7f	
03	29	5c	0f	bd	29	5c	8f	bd	29	
5c	8f	3c	