08	1a	e2	0d	00	c4	00	1d	c2	cb	
18	f3	00	00	04	00	06	00	c5	c2	
1d	00	fb	66	51	3e	6c	00	00	00	
00	00	00	00	00	00	00	00	00	00	
00	00	00	00	00	00	00	00	00	01	
b8	00	00	01	00	00	ea	00	36	00	
3b	00	06	00	00	00	19	00	fa	01	
12	00	0c	00	12	00	00	00	00	00	
37	3f	38	3f	32	3f	00	00	00	00	
00	00	00	00	00	10	00	01	00	00	
a2	00	00	00	03	00	34	3f	95	ff	
3c	3f	00	00	00	00	df	a2	02	00	
fe	ff	c3	00	14	00	1d	00	1a	00	
17	00	0f	00	12	00	0c	00	18	00	
17	00	00	00	00	00	00	00	00	00	
46	04	00	00	00	00	00	00	00	00	
cc	0c	00	00	00	00	00	09	00	12	
00	0f	00	13	00	10	01	13	01	07	
01	06	01	22	01	2f	01	3d	3f	04	
00	cc	cc	cc	bc	14	ae	87	3e	00	
00	c0	3e	