08	1a	cf	3e	00	c4	00	1d	06	b5	
16	d9	00	00	01	00	06	00	af	06	
1d	00	65	31	56	44	04	00	00	00	
00	00	00	00	00	00	00	00	00	00	
00	00	00	00	00	00	00	00	00	01	
b7	00	01	00	00	00	c0	00	33	00	
3b	00	09	00	00	00	1c	00	fa	01	
0f	00	0c	00	12	00	00	00	00	00	
84	3f	84	3f	7e	3f	00	00	00	00	
00	00	00	00	00	10	00	01	00	00	
a2	00	00	00	03	00	80	3f	95	ff	
7f	3f	00	00	00	00	5c	f4	01	00	
0c	01	c2	00	17	00	1d	00	1a	00	
14	00	0c	00	15	00	0f	00	15	00	
14	00	00	00	00	00	00	00	00	00	
f9	03	00	00	00	00	00	00	00	00	
ce	0c	00	00	00	00	00	c2	00	c4	
00	40	00	43	01	1c	17	56	17	33	
17	2b	17	2b	17	1e	17	55	7d	04	
00	48	e1	ba	3e	66	66	86	be	e1	
7a	94	be	