08	1a	c0	25	00	c4	00	1c	6f	bb	
18	d6	00	00	00	00	06	00	b5	6f	
1c	00	0f	ef	39	42	78	00	00	00	
00	00	00	00	00	00	00	00	00	00	
00	00	00	00	00	00	00	00	00	01	
b7	00	01	00	00	00	e4	00	36	00	
3b	00	06	00	00	00	1c	00	fa	01	
0f	00	0c	00	12	00	00	00	00	00	
28	3f	38	3f	32	3f	00	00	00	00	
00	00	00	00	00	10	00	01	00	00	
a2	00	00	00	03	00	34	3f	95	ff	
37	3f	00	00	00	00	69	8b	02	00	
fd	ff	c3	00	17	00	1a	00	17	00	
14	00	0f	00	12	00	0c	00	15	00	
14	00	00	00	00	00	00	00	00	00	
46	04	00	00	00	00	00	00	00	00	
ca	0c	00	00	00	00	00	09	00	12	
00	0f	00	13	00	0f	01	13	01	23	
01	22	01	06	01	21	01	3d	4d	04	
00	71	3d	0a	3e	0a	d7	23	3d	71	
3d	8a	be	