48	59	56	52	49	44	00	00	00	00	
00	00	fe	ff	ff	ff	81	51	0f	00	
88	88	20	76	04	1a	20	76	04	1a	
ff	8a	00	00	bb	0b	52	01	01	00	
01	01	01	01	45	01	41	01	01	00	
00	00	0f	02	00	00	ed	1c	00	00	
01	00	03	00	00	00	00	00	00	00	
00	00	00	00	00	00	00	00	bd	3e	
c0	3e	22	01	23	01	01	01	01	01	
01	01	01	01	02	00	00	00	d6	2f	
2d	00	ff	ff	cd	00	bd	3e	00	00	
00	00	00	00	0e	00	00	00	01	00	
00	00	0e	00	00	00	88	13	88	13	
88	13	48	0d	48	0d	48	0d	09	00	
10	00	0e	00	0c	00	78	01	90	01	
d7	01	fe	04	00	00	00	00	00	00	
00	00	00	00	00	00	00	00	00	00	
00	00	00	00	00	00	21	00	70	00	
04	00	e2	00	00	00	00	00	00	00	
00	