08	1a	e5	f2	00	c4	00	20	69	bd	
16	da	00	00	0a	00	06	00	b7	69	
20	00	be	70	42	42	5e	00	00	00	
00	00	00	00	00	00	00	00	00	00	
00	00	00	00	00	00	00	00	00	01	
b9	00	00	01	00	00	f0	00	36	00	
38	00	09	00	03	00	19	00	fa	01	
12	00	0c	00	12	00	00	00	00	00	
37	3f	38	3f	32	3f	00	00	00	00	
00	00	00	00	00	10	00	01	00	00	
a2	00	00	00	03	00	34	3f	94	ff	
3b	3f	00	00	00	00	50	fd	01	00	
fe	ff	c4	00	14	00	1a	00	1a	00	
17	00	0c	00	12	00	0f	00	15	00	
14	00	00	00	00	00	00	00	00	00	
46	04	00	00	00	00	00	00	00	00	
cc	0c	00	00	00	00	00	09	00	12	
00	0f	00	13	00	10	01	13	01	07	
01	06	01	06	01	21	01	3d	31	04	
00	c3	f5	88	be	5c	8f	82	be	1f	
85	6b	bd	