08	1a	d3	34	00	c4	00	1f	ae	51	
16	da	00	00	0a	00	06	00	4b	ae	
1f	00	3e	4b	46	46	ff	00	00	00	
00	00	00	00	00	00	00	00	00	00	
00	00	00	00	00	00	00	00	00	01	
b8	00	00	01	00	00	d4	00	33	00	
3b	00	06	00	00	00	1c	00	fd	01	
12	00	09	00	12	00	00	00	00	00	
84	3f	84	3f	7e	3f	00	00	00	00	
00	00	00	00	00	10	00	01	00	00	
a2	00	00	00	03	00	80	3f	94	ff	
83	3f	00	00	00	00	b3	a2	02	00	
03	01	c2	00	14	00	1a	00	1a	00	
17	00	0c	00	15	00	0c	00	15	00	
14	00	00	00	00	00	00	00	00	00	
f9	03	00	00	00	00	00	00	00	00	
cc	0c	00	00	00	00	00	19	01	26	
01	86	00	88	00	0f	15	55	15	93	
15	7e	15	8c	15	a9	15	3b	a5	04	
00	8f	c2	f5	3d	c2	f5	a8	3e	eb	
51	b8	bc	