08	1a	c0	17	00	c4	00	3b	59	43	
2d	66	00	00	0a	00	07	00	3d	59	
3b	00	f0	d1	d1	54	24	00	00	00	
00	00	00	00	00	00	00	00	00	00	
00	00	00	00	00	00	00	00	00	01	
bc	00	01	00	00	00	e7	00	39	00	
3b	00	09	00	09	00	7f	01	19	02	
13	03	09	00	15	00	00	00	00	00	
28	3f	19	3f	22	3f	00	00	00	00	
00	00	00	00	00	10	00	01	00	00	
a3	00	00	00	03	00	15	3f	95	ff	
35	3f	00	00	00	00	18	0a	02	00	
c1	00	35	03	14	00	1d	00	1a	00	
14	00	0c	00	15	00	0f	00	18	00	
14	00	ba	13	00	00	00	00	00	00	
46	04	00	00	00	00	00	00	00	00	
cc	0c	00	00	00	00	00	03	00	0e	
00	1d	00	19	00	0e	36	0d	36	1a	
41	02	41	90	3c	79	41	84	88	7f	
0d	1f	85	cb	3f	00	00	9c	40	00	
00	00	bf	