08	1a	c4	1a	00	c4	00	1f	17	4d	
16	d9	00	00	08	00	06	00	47	17	
1f	00	00	c7	43	48	72	00	00	00	
00	00	00	00	00	00	00	00	00	00	
00	00	00	00	00	00	00	00	00	01	
b8	00	00	01	00	00	db	00	33	00	
3b	00	09	00	03	00	1c	00	fa	01	
12	00	09	00	12	00	00	00	00	00	
28	3f	28	3f	22	3f	00	00	00	00	
00	00	00	00	00	10	00	01	00	00	
a2	00	00	00	03	00	24	3f	95	ff	
28	3f	00	00	00	00	17	fd	01	00	
fd	ff	c3	00	17	00	1a	00	17	00	
14	00	0f	00	15	00	0c	00	15	00	
14	00	00	00	00	00	00	00	00	00	
46	04	00	00	00	00	00	00	00	00	
ce	0c	00	00	00	00	00	09	00	12	
00	0f	00	13	00	10	00	13	00	eb	
00	eb	01	f8	01	13	01	2f	23	04	
00	86	eb	d1	3d	71	3d	8a	3e	cd	
cc	0c	3e	