08	1a	f7	6e	00	c4	00	21	18	95	
17	0a	00	00	0a	00	06	00	8f	18	
21	00	7d	cf	48	40	1c	00	00	00	
00	00	00	00	00	00	00	00	00	00	
00	00	00	00	00	00	00	00	00	01	
b9	00	00	01	00	00	dc	00	36	00	
3b	00	0c	00	00	00	1c	00	fa	01	
12	00	0c	00	15	00	00	00	00	00	
84	3f	84	3f	7e	3f	00	00	00	00	
00	00	00	00	00	10	00	01	00	00	
a2	00	00	00	03	00	80	3f	92	ff	
86	3f	00	00	00	00	05	8b	02	00	
1a	01	cc	00	14	00	1d	00	17	00	
14	00	0c	00	15	00	0c	00	15	00	
17	00	00	00	00	00	00	00	00	00	
46	04	00	00	00	00	00	00	00	00	
ce	0c	00	00	01	00	01	61	00	69	
00	27	00	28	01	33	11	83	11	2f	
11	2c	11	1e	11	07	11	30	4e	04	
00	eb	51	b8	3d	00	00	00	be	8f	
c2	f5	be	