08	1a	c0	12	00	c4	00	3b	59	11	
2d	6d	00	00	0a	00	07	00	0b	59	
3b	00	59	58	cb	58	22	00	00	00	
00	00	00	00	00	00	00	00	00	00	
00	00	00	00	00	00	00	00	00	01	
bc	00	01	00	00	00	e5	00	2a	00	
3b	00	21	00	0c	00	62	00	05	02	
0e	03	f4	ff	15	00	00	00	00	00	
56	3f	47	3f	41	3f	00	00	00	00	
00	00	00	00	00	10	00	01	00	00	
a3	00	00	00	03	00	52	3f	94	ff	
5b	3f	00	00	00	00	4a	0a	02	00	
ae	00	0f	02	11	00	1d	00	1a	00	
17	00	0f	00	12	00	0f	00	15	00	
17	00	ba	13	00	00	00	00	00	00	
46	04	00	00	00	00	00	00	00	00	
cc	0c	00	00	00	00	00	30	00	3a	
00	16	01	13	00	00	37	33	37	4b	
37	40	37	16	36	04	37	bf	55	7f	
0d	71	3d	8a	be	a4	70	3d	be	14	
ae	07	3e	