08	1a	c3	ee	00	c4	00	1f	15	95	
16	da	00	00	08	00	06	00	8f	15	
1f	00	85	9b	8c	44	5c	00	00	00	
00	00	00	00	00	00	00	00	00	00	
00	00	00	00	00	00	00	00	00	01	
b8	00	00	01	00	00	e1	00	33	00	
3b	00	06	00	00	00	1c	00	fa	01	
12	00	09	00	12	00	00	00	00	00	
37	3f	38	3f	32	3f	00	00	00	00	
00	00	00	00	00	10	00	01	00	00	
a2	00	00	00	03	00	34	3f	94	ff	
3d	3f	00	00	00	00	cf	fe	01	00	
fe	ff	c3	00	14	00	1d	00	1a	00	
17	00	0f	00	15	00	0f	00	15	00	
17	00	00	00	00	00	00	00	00	00	
46	04	00	00	00	00	00	00	00	00	
cc	0c	00	00	00	00	00	09	00	12	
00	0f	00	13	00	10	01	13	01	07	
01	14	01	06	01	2f	01	3d	23	04	
00	8f	c2	75	bc	1f	85	6b	3d	51	
b8	be	3e	