08	1a	c7	d9	00	c4	00	28	47	b9	
16	da	00	00	0a	00	06	00	b3	47	
28	00	b3	ed	59	46	11	00	00	00	
00	00	00	00	00	00	00	00	00	00	
00	00	00	00	00	00	00	00	00	01	
bb	00	00	01	00	00	e0	00	36	00	
3b	00	09	00	a0	00	19	00	19	02	
12	00	09	00	15	00	00	00	00	00	
09	3f	0a	3f	13	3f	00	00	00	00	
00	00	00	00	00	10	00	01	00	00	
a2	00	00	00	03	00	06	3f	94	ff	
12	3f	00	00	00	00	d6	65	01	00	
fd	ff	6b	01	14	00	d9	00	1a	00	
17	00	0f	00	15	00	0f	00	15	00	
17	00	00	00	04	2f	00	00	00	00	
46	04	00	00	00	00	00	00	00	00	
cc	0c	01	00	00	00	00	09	00	12	
00	0f	00	14	00	10	01	13	00	07	
00	f8	00	f8	01	f8	01	3d	31	04	
00	8f	c2	75	3c	e1	7a	14	3e	3d	
0a	d7	3e	