08	1a	e5	ef	00	c4	00	20	69	9f	
16	f0	00	00	0a	00	06	00	99	69	
20	00	65	5d	37	48	5d	00	00	00	
00	00	00	00	00	00	00	00	00	00	
00	00	00	00	00	00	00	00	00	01	
b9	00	00	01	00	00	f1	00	36	00	
3b	00	06	00	00	00	1c	00	fa	01	
12	00	0c	00	12	00	00	00	00	00	
37	3f	38	3f	32	3f	00	00	00	00	
00	00	00	00	00	10	00	01	00	00	
a2	00	00	00	03	00	34	3f	94	ff	
3c	3f	00	00	00	00	6e	fd	01	00	
fd	ff	c3	00	14	00	1d	00	1a	00	
17	00	0c	00	12	00	0c	00	15	00	
14	00	00	00	00	00	00	00	00	00	
46	04	00	00	00	00	00	00	00	00	
cc	0c	00	00	00	00	00	09	00	12	
00	0f	00	14	00	10	01	13	01	23	
01	14	01	06	01	06	01	3d	23	04	
00	85	eb	91	be	0a	d7	83	be	b8	
1e	05	bd	