48	59	56	52	49	44	00	00	00	00	
00	00	fe	ff	07	00	3f	46	0f	00	
00	00	20	76	04	1a	20	76	04	1a	
ff	75	00	00	b6	f3	52	01	01	00	
01	01	01	01	33	01	31	01	01	00	
00	00	0e	02	00	00	db	18	00	00	
01	00	03	00	00	00	00	00	00	00	
00	00	00	00	00	00	00	00	db	3e	
d8	3e	17	01	18	01	01	01	01	01	
01	01	01	01	02	00	00	00	fc	58	
2d	00	fe	ff	93	00	db	3e	00	00	
00	00	00	00	0e	00	00	00	01	00	
00	00	0e	00	00	00	88	13	88	13	
88	13	48	0d	48	0d	48	0d	09	00	
10	00	0f	00	0c	00	6a	01	83	01	
0f	02	1a	05	00	00	00	00	00	00	
00	00	00	00	00	00	00	00	00	00	
00	00	00	00	00	00	00	00	00	00	
00	00	00	00	00	00	00	c9	00	00	
00	