08	1a	c0	0a	00	c4	00	1c	6e	ad	
16	c9	00	00	00	00	06	00	a7	6e	
1c	00	80	7b	43	40	6a	00	00	00	
00	00	00	00	00	00	00	00	00	00	
00	00	00	00	00	00	00	00	00	01	
b7	00	01	00	00	00	e5	00	36	00	
3b	00	06	00	00	00	1c	00	f7	01	
12	00	0c	00	12	00	00	00	00	00	
37	3f	38	3f	41	3f	00	00	00	00	
00	00	00	00	00	10	00	01	00	00	
a2	00	00	00	03	00	43	3f	95	ff	
45	3f	00	00	00	00	77	8c	02	00	
fe	ff	c3	00	14	00	1d	00	17	00	
14	00	0c	00	12	00	0f	00	15	00	
14	00	00	00	00	00	00	00	00	00	
46	04	00	00	00	00	00	00	00	00	
ce	0c	00	00	00	00	00	09	00	12	
00	0f	00	13	00	0f	01	13	01	5a	
01	59	01	06	01	21	01	3d	23	04	
00	ad	47	e1	bc	3d	0a	d7	bd	3d	
0a	97	be	