08	1a	d9	48	00	c4	00	28	f6	0f	
16	da	00	00	0a	00	06	00	09	f6	
28	00	02	29	56	46	c9	00	00	00	
00	00	00	00	00	00	00	00	00	00	
00	00	00	00	00	00	00	00	00	01	
bb	00	00	01	00	00	ce	00	36	00	
3b	00	06	00	00	00	1c	00	17	02	
12	00	09	00	12	00	00	00	00	00	
84	3f	84	3f	7e	3f	00	00	00	00	
00	00	00	00	00	10	00	01	00	00	
a2	00	00	00	03	00	80	3f	94	ff	
80	3f	00	00	00	00	71	0b	02	00	
02	01	d0	00	17	00	1d	00	1a	00	
17	00	0f	00	15	00	0c	00	18	00	
17	00	00	00	00	00	00	00	00	00	
f9	03	00	00	00	00	00	00	00	00	
cc	0c	00	00	00	00	00	22	01	2b	
01	c2	01	c5	00	3c	0e	43	0e	95	
0e	95	0e	cc	0e	a8	0e	b6	a5	04	
00	09	d7	63	be	67	66	66	be	51	
b8	de	be	