08	1a	c4	0f	00	c4	00	1f	16	df	
16	e9	00	00	08	00	06	00	d9	16	
1f	00	2e	57	3f	48	6d	00	00	00	
00	00	00	00	00	00	00	00	00	00	
00	00	00	00	00	00	00	00	00	01	
b8	00	00	01	00	00	dd	00	36	00	
3b	00	09	00	00	00	19	00	14	02	
12	00	0c	00	15	00	00	00	00	00	
28	3f	28	3f	22	3f	00	00	00	00	
00	00	00	00	00	10	00	01	00	00	
a2	00	00	00	03	00	34	3f	8d	ff	
2e	3f	00	00	00	00	85	fd	01	00	
fd	ff	c8	00	14	00	1d	00	17	00	
17	00	0f	00	12	00	0f	00	18	00	
14	00	00	00	00	00	00	00	00	00	
46	04	00	00	00	00	00	00	00	00	
cc	0c	00	00	00	00	00	09	00	12	
00	0f	00	13	00	0f	00	13	00	f9	
00	f8	01	f8	01	13	01	2f	23	04	
00	ad	47	e1	3c	c2	f5	68	3e	a4	
70	3d	3e	