08	1a	d5	48	00	c4	00	1f	c3	19	
16	df	00	00	0a	00	06	00	13	c3	
1f	00	96	8b	42	44	09	00	00	00	
00	00	00	00	00	00	00	00	00	00	
00	00	00	00	00	00	00	00	00	01	
b8	00	00	01	00	00	cb	00	33	00	
3b	00	06	00	00	00	19	00	ff	01	
15	00	0c	00	12	00	00	00	00	00	
93	3f	93	3f	8d	3f	00	00	00	00	
00	00	00	00	00	10	00	01	00	00	
a2	00	00	00	03	00	8f	3f	94	ff	
93	3f	00	00	00	00	e8	8d	02	00	
9e	01	c2	00	17	00	1a	00	17	00	
14	00	0c	00	12	00	0c	00	15	00	
14	00	00	00	00	00	00	00	00	00	
f9	03	00	00	00	00	00	00	00	00	
ca	0c	00	00	00	00	00	45	00	52	
00	df	01	eb	00	2f	20	1e	20	b0	
20	9e	20	9e	20	9a	20	c3	e0	04	
00	cc	cc	ac	3e	ae	47	81	3e	ae	
47	21	3e	