08	1a	f7	46	00	c4	00	21	17	05	
16	da	00	00	0a	00	06	00	ff	16	
21	00	88	5b	4f	46	08	00	00	00	
00	00	00	00	00	00	00	00	00	00	
00	00	00	00	00	00	00	00	00	01	
b9	00	00	01	00	00	d1	00	33	00	
3b	00	06	00	00	00	19	00	fd	01	
0f	00	09	00	12	00	00	00	00	00	
84	3f	84	3f	7e	3f	00	00	00	00	
00	00	00	00	00	10	00	01	00	00	
a2	00	00	00	03	00	80	3f	95	ff	
83	3f	00	00	00	00	95	8c	02	00	
29	01	ca	00	14	00	1d	00	17	00	
14	00	0f	00	12	00	0c	00	18	00	
14	00	00	00	00	00	00	00	00	00	
f9	03	00	00	00	00	00	00	00	00	
cc	0c	00	00	00	00	00	5f	02	68	
02	10	00	0f	00	cc	0e	17	0e	a3	
0e	a2	0e	be	0e	a8	0e	c3	c1	04	
00	eb	51	38	be	51	b8	5e	3e	99	
99	19	bf	