48	59	56	52	49	44	00	00	00	00	
00	00	fe	ff	07	00	75	4f	0f	00	
00	00	20	76	04	1a	20	76	04	1a	
00	00	00	00	b8	33	52	01	01	00	
01	01	01	01	3b	01	39	01	01	00	
00	00	0e	02	00	00	b6	24	00	00	
01	00	03	00	00	00	00	00	00	00	
00	00	00	00	00	00	00	00	ea	3e	
f6	3e	1e	01	20	01	01	01	01	01	
01	01	01	01	02	00	00	00	21	4d	
2d	00	fe	ff	98	00	fa	3e	00	00	
00	00	00	00	0e	00	00	00	01	00	
00	00	0e	00	00	00	88	13	88	13	
88	13	48	0d	48	0d	48	0d	09	00	
10	00	0e	00	0c	00	78	01	90	01	
0f	02	6d	05	00	00	00	00	00	00	
00	00	00	00	00	00	00	00	00	00	
00	00	00	00	00	00	00	00	00	00	
00	00	00	00	00	00	00	d3	00	00	
00	