08	1a	d3	17	00	c4	00	1f	ad	2f	
16	e9	00	00	0a	00	06	00	29	ad	
1f	00	fe	38	50	3e	f1	00	00	00	
00	00	00	00	00	00	00	00	00	00	
00	00	00	00	00	00	00	00	00	01	
b8	00	00	01	00	00	cc	00	39	00	
3e	00	06	00	00	00	1c	00	1e	03	
18	00	0f	00	18	00	00	00	00	00	
75	3f	75	3f	6f	3f	00	00	00	00	
00	00	00	00	00	10	00	01	00	00	
a2	00	00	00	03	00	71	3f	92	ff	
7a	3f	00	00	00	00	f5	a2	02	00	
ff	00	2f	01	17	00	1d	00	17	00	
14	00	0f	00	12	00	0c	00	15	00	
14	00	00	00	00	00	00	00	00	00	
f9	03	00	00	00	00	00	00	00	00	
ce	0c	00	00	00	00	00	1a	01	24	
01	71	00	74	01	32	0f	8a	0f	b8	
10	e0	0f	0a	10	ca	10	0e	1c	04	
00	b8	1e	85	3d	99	99	99	3e	09	
d7	63	3e	