08	1a	d1	84	00	c4	00	1d	1d	71	
16	e8	00	00	01	00	06	00	6b	1d	
1d	00	44	42	4a	3c	27	00	00	00	
00	00	00	00	00	00	00	00	00	00	
00	00	00	00	00	00	00	00	00	01	
b7	00	01	00	00	00	c4	00	33	00	
3b	00	06	00	03	00	19	00	fd	01	
12	00	09	00	12	00	00	00	00	00	
84	3f	84	3f	7e	3f	00	00	00	00	
00	00	00	00	00	10	00	01	00	00	
a2	00	00	00	03	00	80	3f	95	ff	
83	3f	00	00	00	00	9d	dd	01	00	
17	01	c2	00	17	00	1d	00	1a	00	
17	00	0f	00	15	00	0c	00	18	00	
17	00	00	00	00	00	00	00	00	00	
f9	03	00	00	00	00	00	00	00	00	
ce	0c	00	00	00	00	00	29	00	34	
00	3f	01	40	00	a1	21	1a	21	80	
21	52	21	7c	21	76	21	92	be	04	
00	85	eb	91	be	8f	c2	f5	bc	3d	
0a	07	bf	