08	1a	e4	4e	00	c4	00	3c	c3	69	
2d	6f	00	00	0a	00	07	00	63	c3	
3c	00	b7	1e	cf	5c	40	00	00	00	
00	00	00	00	00	00	00	00	00	00	
00	00	00	00	00	00	00	00	00	01	
bc	00	01	00	00	00	e5	00	36	00	
3b	00	06	00	00	00	1c	00	25	02	
12	00	0c	00	15	00	00	00	00	00	
28	3f	28	3f	22	3f	00	00	00	00	
00	00	00	00	00	10	00	01	00	00	
a3	00	00	00	03	00	24	3f	94	ff	
29	3f	00	00	00	00	a1	8a	02	00	
a1	00	d2	00	14	00	1d	00	1a	00	
17	00	0c	00	12	00	0f	00	15	00	
17	00	00	00	00	00	00	00	00	00	
46	04	00	00	00	00	00	00	00	00	
cc	0c	00	00	00	00	00	29	00	36	
00	34	00	31	00	0e	41	0c	41	b4	
41	9e	41	ac	37	94	3b	65	d6	0c	
03	0a	d7	a3	bd	66	66	26	3e	0a	
d7	a3	bc	