08	1a	e5	e0	00	c4	00	20	69	09	
16	d9	00	00	0a	00	06	00	03	69	
20	00	67	fb	46	46	55	00	00	00	
00	00	00	00	00	00	00	00	00	00	
00	00	00	00	00	00	00	00	00	01	
b9	00	00	01	00	00	f3	00	33	00	
38	00	06	00	00	00	1c	00	fa	01	
12	00	0c	00	12	00	00	00	00	00	
37	3f	47	3f	41	3f	00	00	00	00	
00	00	00	00	00	10	00	01	00	00	
a2	00	00	00	03	00	34	3f	95	ff	
45	3f	00	00	00	00	04	fe	01	00	
fe	ff	c4	00	14	00	1a	00	17	00	
14	00	0f	00	12	00	0c	00	15	00	
14	00	00	00	00	00	00	00	00	00	
46	04	00	00	00	00	00	00	00	00	
cc	0c	00	00	00	00	00	09	00	12	
00	0f	00	14	00	10	01	13	01	07	
01	06	01	14	01	2f	01	4b	23	04	
00	99	99	99	be	29	5c	8f	be	7b	
14	ae	3d	