08	1a	f5	25	00	c4	00	21	01	bb	
16	e9	00	00	0a	00	06	00	b5	01	
21	00	9f	e3	48	3c	f8	00	00	00	
00	00	00	00	00	00	00	00	00	00	
00	00	00	00	00	00	00	00	00	01	
b9	00	00	01	00	00	d2	00	36	00	
3b	00	06	00	03	00	1c	00	fd	01	
12	00	09	00	12	00	00	00	00	00	
65	3f	75	3f	6f	3f	00	00	00	00	
00	00	00	00	00	10	00	01	00	00	
a2	00	00	00	03	00	71	3f	94	ff	
71	3f	00	00	00	00	e1	a1	02	00	
71	00	c2	00	17	00	1d	00	17	00	
17	00	0f	00	12	00	0f	00	18	00	
14	00	00	00	00	00	00	00	00	00	
f9	03	00	00	00	00	00	00	00	00	
ce	0c	00	00	00	00	00	08	00	11	
00	45	00	40	00	0d	09	0c	13	0d	
41	3a	41	f1	40	d9	3a	12	89	04	
00	7b	14	ae	bd	3d	0a	17	3e	a3	
70	9d	be	