08	1a	c2	4b	00	c4	00	3b	6f	4b	
2d	67	00	00	0a	00	07	00	45	6f	
3b	00	7e	99	de	54	3e	00	00	00	
00	00	00	00	00	00	00	00	00	00	
00	00	00	00	00	00	00	00	00	01	
bc	00	01	00	00	00	27	01	36	00	
3e	00	06	00	03	00	0c	01	08	02	
15	00	0c	00	15	00	00	00	00	00	
9a	3d	9a	3d	85	3d	00	00	00	00	
00	00	00	00	00	10	00	01	00	00	
a3	00	00	00	03	00	97	3d	90	ff	
a4	3d	00	00	00	00	03	f4	01	00	
ab	01	1d	02	14	00	1d	00	17	00	
14	00	0c	00	12	00	0f	00	15	00	
14	00	00	00	00	00	00	00	00	00	
46	04	00	00	00	00	00	00	00	00	
ca	0c	00	00	00	00	00	46	00	49	
00	72	00	62	00	3a	40	4a	40	30	
40	1b	40	37	40	12	40	20	57	7f	
03	7b	14	2e	bd	e1	7a	94	bd	29	
5c	8f	3c	