08	1a	db	83	00	c4	00	2c	ef	2b	
18	c6	00	00	0a	00	06	00	25	ef	
2c	00	65	de	4f	40	a4	00	00	00	
00	00	00	00	00	00	00	00	00	00	
00	00	00	00	00	00	00	00	00	01	
bb	00	00	01	00	00	09	01	36	00	
3b	00	06	00	a0	00	1c	00	08	02	
12	00	09	00	15	00	00	00	00	00	
56	3f	47	3f	41	3f	00	00	00	00	
00	00	00	00	00	10	00	01	00	00	
a2	00	00	00	03	00	43	3f	95	ff	
51	3f	00	00	00	00	8f	f5	01	00	
d2	02	66	01	14	00	df	00	1a	00	
17	00	0f	00	15	00	0f	00	18	00	
17	00	00	00	04	2f	00	00	00	00	
46	04	00	00	00	00	00	00	00	00	
ca	0c	01	00	01	00	01	1e	00	1e	
00	5d	00	59	00	0e	42	0c	42	31	
41	0d	41	ff	3b	be	3a	b5	c0	04	
00	51	b8	de	3e	e1	7a	94	bd	eb	
51	b8	be	