08	1a	e1	ed	00	c4	00	3c	ab	9f	
2d	7e	00	00	0a	00	07	00	99	ab	
3c	00	85	d3	dd	54	0f	00	00	00	
00	00	00	00	00	00	00	00	00	00	
00	00	00	00	00	00	00	00	00	01	
bc	00	01	00	00	00	c8	00	36	00	
3b	00	06	00	00	00	1f	00	19	02	
12	00	09	00	15	00	00	00	00	00	
47	3f	38	3f	41	3f	00	00	00	00	
00	00	00	00	00	10	00	01	00	00	
a3	00	00	00	03	00	43	3f	94	ff	
43	3f	00	00	00	00	6e	a2	02	00	
b7	00	cc	00	17	00	1d	00	1a	00	
17	00	0f	00	15	00	0f	00	18	00	
17	00	00	00	00	00	00	00	00	00	
f9	03	00	00	00	00	00	00	00	00	
cc	0c	00	00	00	00	00	33	00	3d	
00	39	00	33	00	0e	41	0c	41	ec	
41	c8	41	c8	38	b0	3b	5d	83	0c	
03	00	00	00	3e	52	b8	9e	bd	99	
99	19	3e	