08	1a	d5	72	00	c4	00	1f	c4	bd	
16	be	00	00	0a	00	06	00	b7	c4	
1f	00	d1	5b	3c	40	1e	00	00	00	
00	00	00	00	00	00	00	00	00	00	
00	00	00	00	00	00	00	00	00	01	
b8	00	00	01	00	00	d4	00	36	00	
3b	00	06	00	00	00	1c	00	fd	01	
12	00	0c	00	12	00	00	00	00	00	
65	3f	66	3f	6f	3f	00	00	00	00	
00	00	00	00	00	10	00	01	00	00	
a2	00	00	00	03	00	71	3f	94	ff	
6f	3f	00	00	00	00	64	a2	02	00	
96	00	c2	00	17	00	1d	00	1a	00	
14	00	0c	00	12	00	0c	00	15	00	
14	00	00	00	00	00	00	00	00	00	
f9	03	00	00	00	00	00	00	00	00	
ce	0c	00	00	00	00	00	4b	00	5a	
00	0e	00	09	00	0e	42	0c	41	07	
41	ff	41	ac	3a	87	37	bc	e0	04	
00	33	33	33	3e	d7	a3	30	3e	00	
00	40	be	