08	1a	e1	ff	00	c4	00	1d	c2	3f	
16	d9	00	00	03	00	06	00	39	c2	
1d	00	b7	36	43	44	65	00	00	00	
00	00	00	00	00	00	00	00	00	00	
00	00	00	00	00	00	00	00	00	01	
b8	00	00	01	00	00	ec	00	36	00	
3b	00	06	00	00	00	1c	00	fa	01	
0f	00	09	00	12	00	00	00	00	00	
37	3f	38	3f	32	3f	00	00	00	00	
00	00	00	00	00	10	00	01	00	00	
a2	00	00	00	03	00	43	3f	95	ff	
41	3f	00	00	00	00	7d	a2	02	00	
fd	ff	c4	00	14	00	1d	00	17	00	
14	00	0c	00	12	00	0c	00	15	00	
14	00	00	00	00	00	00	00	00	00	
46	04	00	00	00	00	00	00	00	00	
cc	0c	00	00	00	00	00	09	00	12	
00	0f	00	13	00	10	01	13	01	07	
01	14	01	30	01	4b	01	3d	23	04	
00	f5	28	dc	bd	51	b8	5e	3e	67	
66	e6	3e	