08	1a	d1	93	00	c4	00	1d	1e	07	
16	e7	00	00	01	00	06	00	01	1e	
1d	00	a6	8e	44	3c	2f	00	00	00	
00	00	00	00	00	00	00	00	00	00	
00	00	00	00	00	00	00	00	00	01	
b7	00	01	00	00	00	ca	00	36	00	
3b	00	06	00	00	00	1c	00	fd	01	
12	00	0c	00	12	00	00	00	00	00	
84	3f	84	3f	7e	3f	00	00	00	00	
00	00	00	00	00	10	00	01	00	00	
a2	00	00	00	03	00	80	3f	95	ff	
83	3f	00	00	00	00	07	dd	01	00	
0d	01	cb	00	14	00	1a	00	17	00	
14	00	0f	00	15	00	0c	00	15	00	
17	00	00	00	00	00	00	00	00	00	
f9	03	00	00	00	00	00	00	00	00	
cc	0c	00	00	01	01	01	6f	00	79	
00	13	01	15	00	6c	10	4f	10	a4	
10	b0	10	be	10	d0	10	d0	c3	04	
00	46	e1	fa	bd	5c	8f	82	be	e1	
7a	14	bf	