08	1a	d1	6e	00	c4	00	1d	1c	95	
16	db	00	00	01	00	06	00	8f	1c	
1d	00	47	ee	44	3c	1c	00	00	00	
00	00	00	00	00	00	00	00	00	00	
00	00	00	00	00	00	00	00	00	01	
b7	00	01	00	00	00	bc	00	33	00	
3b	00	06	00	00	00	1c	00	fd	01	
12	00	09	00	12	00	00	00	00	00	
84	3f	84	3f	7e	3f	00	00	00	00	
00	00	00	00	00	10	00	01	00	00	
a2	00	00	00	03	00	80	3f	95	ff	
7f	3f	00	00	00	00	83	de	01	00	
05	01	c1	00	14	00	1d	00	17	00	
14	00	0f	00	12	00	0f	00	15	00	
14	00	00	00	00	00	00	00	00	00	
f9	03	00	00	00	00	00	00	00	00	
ce	0c	00	00	00	00	00	0c	01	18	
01	48	00	48	00	9b	16	2b	16	e0	
16	ca	16	ca	16	cb	17	cb	00	04	
00	cc	cc	4c	bd	86	eb	51	3e	00	
00	00	bf	