08	1a	e6	02	00	c4	00	20	6a	5d	
18	ce	00	00	0a	00	06	00	57	6a	
20	00	66	af	2d	48	66	00	00	00	
00	00	00	00	00	00	00	00	00	00	
00	00	00	00	00	00	00	00	00	01	
b9	00	00	01	00	00	ed	00	33	00	
3b	00	06	00	00	00	19	00	fa	01	
12	00	09	00	12	00	00	00	00	00	
28	3f	28	3f	32	3f	00	00	00	00	
00	00	00	00	00	10	00	01	00	00	
a2	00	00	00	03	00	34	3f	94	ff	
35	3f	00	00	00	00	c4	fc	01	00	
fd	ff	c3	00	14	00	1a	00	1a	00	
17	00	0f	00	15	00	0f	00	15	00	
14	00	00	00	00	00	00	00	00	00	
46	04	00	00	00	00	00	00	00	00	
ce	0c	00	00	00	00	00	09	00	12	
00	0f	00	13	00	0f	00	13	01	f9	
01	06	01	06	01	13	01	3d	31	04	
00	52	b8	1e	be	99	99	59	be	b8	
1e	05	be	