08	1a	f5	39	00	c4	00	21	02	83	
16	c9	00	00	0a	00	06	00	7d	02	
21	00	c5	9c	56	46	02	00	00	00	
00	00	00	00	00	00	00	00	00	00	
00	00	00	00	00	00	00	00	00	01	
b9	00	00	01	00	00	d8	00	36	00	
3b	00	06	00	00	00	1c	00	ff	01	
12	00	0c	00	12	00	00	00	00	00	
75	3f	66	3f	6f	3f	00	00	00	00	
00	00	00	00	00	10	00	01	00	00	
a2	00	00	00	03	00	71	3f	94	ff	
74	3f	00	00	00	00	23	a1	02	00	
b3	00	c3	00	14	00	1a	00	1a	00	
14	00	0f	00	12	00	0c	00	15	00	
14	00	00	00	00	00	00	00	00	00	
f9	03	00	00	00	00	00	00	00	00	
ce	0c	00	00	00	00	00	09	00	12	
00	69	00	65	00	0d	03	0c	03	40	
41	2f	41	ff	3d	e7	37	29	e0	04	
00	e1	7a	94	bd	0a	d7	a3	3d	eb	
51	38	be	