08	1a	e4	44	00	c4	00	3c	c3	05	
2d	65	00	00	0a	00	07	00	ff	c2	
3c	00	a5	c2	d8	5a	3b	00	00	00	
00	00	00	00	00	00	00	00	00	00	
00	00	00	00	00	00	00	00	00	01	
bc	00	01	00	00	00	e2	00	33	00	
3b	00	09	00	00	00	1c	00	08	02	
12	00	09	00	15	00	00	00	00	00	
28	3f	28	3f	32	3f	00	00	00	00	
00	00	00	00	00	10	00	01	00	00	
a3	00	00	00	03	00	34	3f	95	ff	
32	3f	00	00	00	00	06	8b	02	00	
c8	00	c8	00	17	00	1d	00	1a	00	
17	00	0f	00	15	00	0f	00	18	00	
17	00	00	00	00	00	00	00	00	00	
46	04	00	00	00	00	00	00	00	00	
ce	0c	00	00	00	00	00	34	00	40	
00	3d	00	3c	00	0e	41	0c	41	c2	
41	ba	41	ba	37	a2	3a	73	dc	0c	
03	5c	8f	c2	bd	eb	51	38	3e	99	
99	19	bd	