08	1a	f7	57	00	c4	00	21	17	af	
16	ca	00	00	0a	00	06	00	a9	17	
21	00	81	46	44	40	11	00	00	00	
00	00	00	00	00	00	00	00	00	00	
00	00	00	00	00	00	00	00	00	01	
b9	00	00	01	00	00	d6	00	33	00	
3b	00	09	00	03	00	1c	00	fd	01	
15	00	09	00	12	00	00	00	00	00	
84	3f	84	3f	7e	3f	00	00	00	00	
00	00	00	00	00	10	00	01	00	00	
a2	00	00	00	03	00	80	3f	94	ff	
84	3f	00	00	00	00	eb	8b	02	00	
1c	01	c9	00	17	00	1d	00	1a	00	
14	00	0f	00	12	00	0f	00	15	00	
14	00	00	00	00	00	00	00	00	00	
f9	03	00	00	00	00	00	00	00	00	
cc	0c	00	00	01	00	01	1a	00	20	
00	1a	01	1c	00	e3	12	3c	12	8a	
12	a1	12	94	12	89	12	97	a9	04	
00	5c	8f	a2	be	eb	51	38	bd	7b	
14	0e	bf	