08	1a	d9	37	00	c4	00	28	f5	65	
16	e1	00	00	0a	00	06	00	5f	f5	
28	00	d9	f0	4f	42	c0	00	00	00	
00	00	00	00	00	00	00	00	00	00	
00	00	00	00	00	00	00	00	00	01	
bb	00	00	01	00	00	c9	00	36	00	
3b	00	09	00	03	00	1c	00	08	02	
15	00	0c	00	15	00	00	00	00	00	
84	3f	84	3f	7e	3f	00	00	00	00	
00	00	00	00	00	10	00	01	00	00	
a2	00	00	00	03	00	80	3f	95	ff	
83	3f	00	00	00	00	2f	0c	02	00	
0d	01	c8	00	17	00	1d	00	1a	00	
17	00	0f	00	15	00	0f	00	18	00	
17	00	00	00	00	00	00	00	00	00	
f9	03	00	00	00	00	00	00	00	00	
ce	0c	00	00	00	00	00	1c	01	26	
01	ac	00	a7	00	22	11	f5	11	21	
11	11	11	48	11	30	11	30	4e	04	
00	c3	f5	88	be	33	33	b3	bd	c3	
f5	88	be	