08	1a	cf	46	00	c4	00	1d	07	05	
16	ca	00	00	01	00	06	00	ff	06	
1d	00	47	05	4e	44	08	00	00	00	
00	00	00	00	00	00	00	00	00	00	
00	00	00	00	00	00	00	00	00	01	
b7	00	01	00	00	00	c2	00	33	00	
3b	00	09	00	00	00	19	00	fd	01	
12	00	09	00	12	00	00	00	00	00	
84	3f	84	3f	7e	3f	00	00	00	00	
00	00	00	00	00	10	00	01	00	00	
a2	00	00	00	03	00	80	3f	95	ff	
85	3f	00	00	00	00	0c	f4	01	00	
2f	01	c1	00	14	00	1d	00	1a	00	
14	00	0c	00	15	00	0c	00	15	00	
17	00	00	00	00	00	00	00	00	00	
f9	03	00	00	00	00	00	00	00	00	
ce	0c	00	00	00	00	00	07	00	12	
00	81	00	84	01	27	1e	d2	1e	40	
1e	15	1e	4c	1e	2d	1e	48	98	04	
00	cc	cc	ec	3e	d7	a3	30	be	70	
3d	4a	be	