08	1a	f5	1f	00	c4	00	21	01	7f	
16	e0	00	00	0a	00	06	00	79	01	
21	00	4a	b1	48	3e	f5	00	00	00	
00	00	00	00	00	00	00	00	00	00	
00	00	00	00	00	00	00	00	00	01	
b9	00	00	01	00	00	d0	00	33	00	
38	00	06	00	03	00	1c	00	fd	01	
12	00	0c	00	12	00	00	00	00	00	
84	3f	84	3f	7e	3f	00	00	00	00	
00	00	00	00	00	10	00	01	00	00	
a2	00	00	00	03	00	80	3f	94	ff	
86	3f	00	00	00	00	1d	a2	02	00	
08	01	c2	00	14	00	1d	00	1a	00	
17	00	0f	00	12	00	0f	00	18	00	
17	00	00	00	00	00	00	00	00	00	
f9	03	00	00	00	00	00	00	00	00	
cc	0c	00	00	00	00	00	04	00	0f	
00	46	00	43	00	d0	34	2e	34	b1	
34	b6	34	63	34	6e	34	37	ad	04	
00	8f	c2	75	bd	48	e1	3a	3e	eb	
51	b8	be	