08	1a	f5	0f	00	c4	00	21	00	df	
16	da	00	00	0a	00	06	00	d9	00	
21	00	5f	6f	51	3c	ed	00	00	00	
00	00	00	00	00	00	00	00	00	00	
00	00	00	00	00	00	00	00	00	01	
b9	00	00	01	00	00	cb	00	36	00	
3e	00	06	00	03	00	1c	00	11	02	
15	00	0c	00	15	00	00	00	00	00	
75	3f	75	3f	7e	3f	00	00	00	00	
00	00	00	00	00	10	00	01	00	00	
a2	00	00	00	03	00	80	3f	8b	ff	
81	3f	00	00	00	00	bd	a2	02	00	
03	01	d4	00	17	00	1d	00	1a	00	
17	00	0f	00	12	00	0f	00	15	00	
14	00	00	00	00	00	00	00	00	00	
f9	03	00	00	00	00	00	00	00	00	
cc	0c	00	00	00	00	00	24	01	2d	
01	7b	01	7d	00	07	11	40	11	f1	
12	e0	11	09	12	ff	12	1b	10	04	
00	b8	1e	05	3e	66	66	86	3e	14	
ae	c7	be	