08	1a	cf	39	00	c4	00	1d	06	83	
16	d8	00	00	01	00	06	00	7d	06	
1d	00	a5	69	50	42	02	00	00	00	
00	00	00	00	00	00	00	00	00	00	
00	00	00	00	00	00	00	00	00	01	
b7	00	01	00	00	00	be	00	33	00	
3b	00	06	00	00	00	1c	00	fd	01	
12	00	09	00	12	00	00	00	00	00	
84	3f	84	3f	7e	3f	00	00	00	00	
00	00	00	00	00	10	00	01	00	00	
a2	00	00	00	03	00	80	3f	95	ff	
80	3f	00	00	00	00	98	f4	01	00	
1b	01	c1	00	14	00	1a	00	1a	00	
14	00	0c	00	15	00	0c	00	15	00	
14	00	00	00	00	00	00	00	00	00	
ea	03	00	00	00	00	00	00	00	00	
cc	0c	00	00	01	00	01	78	00	78	
00	44	00	48	00	13	13	96	13	3e	
13	55	13	55	13	4a	13	58	6b	04	
00	66	66	86	3e	66	66	a6	be	eb	
51	b8	be	