08	1a	e1	fd	00	c4	00	3c	ac	3f	
2d	68	00	00	0a	00	07	00	39	ac	
3c	00	93	40	de	5a	17	00	00	00	
00	00	00	00	00	00	00	00	00	00	
00	00	00	00	00	00	00	00	00	01	
bc	00	01	00	00	00	d0	00	42	00	
46	00	06	00	00	00	1f	00	ed	04	
21	00	17	00	1e	00	00	00	00	00	
37	3f	28	3f	22	3f	00	00	00	00	
00	00	00	00	00	10	00	01	00	00	
a3	00	00	00	03	00	34	3f	8d	ff	
35	3f	00	00	00	00	ce	a1	02	00	
c1	00	6d	01	14	00	1d	00	1a	00	
17	00	0f	00	12	00	0c	00	15	00	
17	00	00	00	00	00	00	00	00	00	
46	04	00	00	00	00	00	00	00	00	
ce	0c	00	00	00	00	00	35	00	42	
00	39	00	35	00	0e	41	0c	41	de	
41	c8	41	d5	37	a2	39	20	49	0c	
03	3d	0a	d7	3d	52	b8	9e	bd	5c	
8f	02	3e	