08	1a	d1	9b	00	c4	00	1d	1e	57	
16	d9	00	00	01	00	06	00	51	1e	
1d	00	5d	fd	33	48	33	00	00	00	
00	00	00	00	00	00	00	00	00	00	
00	00	00	00	00	00	00	00	00	01	
b7	00	01	00	00	00	cc	00	33	00	
3b	00	06	00	00	00	1c	00	fd	01	
12	00	0c	00	12	00	00	00	00	00	
84	3f	84	3f	7e	3f	00	00	00	00	
00	00	00	00	00	10	00	01	00	00	
a2	00	00	00	03	00	80	3f	94	ff	
83	3f	00	00	00	00	b7	dc	01	00	
0e	01	cb	00	14	00	1d	00	17	00	
17	00	0f	00	12	00	0c	00	15	00	
14	00	00	00	00	00	00	00	00	00	
ea	03	00	00	00	00	00	00	00	00	
ce	0c	00	00	02	00	02	0f	00	17	
00	1e	00	21	00	5a	0f	4e	0f	73	
0f	a9	0f	9b	0f	ae	0f	ca	bb	04	
00	99	99	99	3d	99	99	99	be	66	
66	06	bf	