08	1a	e1	f1	00	c4	00	1d	c1	b3	
16	d9	00	00	01	00	06	00	ad	c1	
1d	00	86	27	4f	44	5e	00	00	00	
00	00	00	00	00	00	00	00	00	00	
00	00	00	00	00	00	00	00	00	01	
b8	00	00	01	00	00	ee	00	36	00	
38	00	06	00	00	00	19	00	08	02	
12	00	09	00	12	00	00	00	00	00	
37	3f	47	3f	41	3f	00	00	00	00	
00	00	00	00	00	10	00	01	00	00	
a2	00	00	00	03	00	43	3f	92	ff	
48	3f	00	00	00	00	47	39	01	00	
fe	ff	ca	00	14	00	1d	00	17	00	
17	00	0c	00	12	00	0f	00	15	00	
14	00	00	00	00	00	00	00	00	00	
46	04	00	00	00	00	00	00	00	00	
cc	0c	00	00	00	00	00	09	00	12	
00	0f	00	13	00	0f	01	13	01	15	
01	22	01	06	01	21	01	66	31	04	
00	28	5c	4f	be	14	ae	47	3e	d7	
a3	f0	3e	