08	1a	e2	11	00	c4	00	1d	c2	f3	
17	1b	00	00	04	00	06	00	ed	c2	
1d	00	34	93	5e	44	6e	00	00	00	
00	00	00	00	00	00	00	00	00	00	
00	00	00	00	00	00	00	00	00	01	
b8	00	00	01	00	00	ea	00	36	00	
3b	00	09	00	00	00	19	00	f7	01	
12	00	09	00	15	00	00	00	00	00	
28	3f	38	3f	32	3f	00	00	00	00	
00	00	00	00	00	10	00	01	00	00	
a2	00	00	00	03	00	34	3f	94	ff	
3a	3f	00	00	00	00	ae	a2	02	00	
fe	ff	c3	00	17	00	1d	00	1a	00	
14	00	0c	00	15	00	0f	00	18	00	
17	00	00	00	00	00	00	00	00	00	
46	04	00	00	00	00	00	00	00	00	
cc	0c	00	00	00	00	00	09	00	12	
00	0f	00	13	00	10	00	13	00	f9	
01	f8	01	14	01	2f	01	3d	3f	04	
00	29	5c	8f	3c	29	5c	8f	3e	33	
33	b3	3e	