08	1a	db	87	00	c4	00	2c	ef	53	
16	cb	00	00	0a	00	06	00	4d	ef	
2c	00	33	fb	3c	40	a6	00	00	00	
00	00	00	00	00	00	00	00	00	00	
00	00	00	00	00	00	00	00	00	01	
bb	00	00	01	00	00	0a	01	36	00	
3b	00	06	00	a3	00	1c	00	05	02	
12	00	0c	00	12	00	00	00	00	00	
19	3f	0a	3f	13	3f	00	00	00	00	
00	00	00	00	00	10	00	01	00	00	
a2	00	00	00	03	00	15	3f	94	ff	
1d	3f	00	00	00	00	67	f5	01	00	
2b	01	67	01	17	00	dc	00	1a	00	
17	00	0c	00	15	00	0c	00	15	00	
14	00	00	00	04	2f	00	00	00	00	
46	04	00	00	00	00	00	00	00	00	
cc	0c	01	00	00	00	00	6e	00	6f	
00	39	00	34	00	0e	41	0c	41	d0	
41	ac	41	ac	3c	79	3e	91	47	04	
00	7c	14	ee	3e	eb	51	b8	bc	71	
3d	aa	be	