08	1a	c7	c1	00	c4	00	28	46	c9	
16	de	00	00	0a	00	06	00	c3	46	
28	00	c1	f7	48	3e	05	00	00	00	
00	00	00	00	00	00	00	00	00	00	
00	00	00	00	00	00	00	00	00	01	
bb	00	00	01	00	00	e1	00	33	00	
3b	00	06	00	91	00	1c	00	08	02	
15	00	0c	00	15	00	00	00	00	00	
28	3f	28	3f	22	3f	00	00	00	00	
00	00	00	00	00	10	00	01	00	00	
a2	00	00	00	03	00	24	3f	95	ff	
2e	3f	00	00	00	00	c6	66	01	00	
fd	ff	55	01	17	00	c5	00	17	00	
17	00	0f	00	15	00	0f	00	15	00	
14	00	00	00	04	2f	00	00	00	00	
46	04	00	00	00	00	00	00	00	00	
ce	0c	01	00	00	00	00	09	00	12	
00	0f	00	13	00	10	01	13	01	07	
00	06	01	f8	01	13	01	2f	23	04	
00	c2	f5	68	be	f6	28	1c	3e	a5	
70	7d	3e	