08	1a	f1	3a	00	c4	00	1e	5a	8d	
16	da	00	00	05	00	06	00	87	5a	
1e	00	86	ae	44	44	02	00	00	00	
00	00	00	00	00	00	00	00	00	00	
00	00	00	00	00	00	00	00	00	01	
b8	00	00	01	00	00	d6	00	33	00	
3b	00	06	00	00	00	1c	00	fd	01	
12	00	0c	00	0f	00	00	00	00	00	
84	3f	84	3f	7e	3f	00	00	00	00	
00	00	00	00	00	10	00	01	00	00	
a2	00	00	00	03	00	80	3f	94	ff	
80	3f	00	00	00	00	32	a2	02	00	
07	01	cb	00	14	00	1a	00	1a	00	
14	00	0c	00	15	00	0f	00	15	00	
14	00	00	00	00	00	00	00	00	00	
f9	03	00	00	00	00	00	00	00	00	
cc	0c	00	00	00	00	00	56	00	5f	
00	d6	02	dd	00	07	10	25	10	ce	
10	cb	10	d9	10	dd	10	dd	d1	04	
00	86	eb	d1	bd	99	99	59	3e	68	
66	c6	3e	