08	1a	f4	fa	00	c4	00	21	00	0d	
16	d9	00	00	0a	00	06	00	07	00	
21	00	40	f0	42	44	e2	00	00	00	
00	00	00	00	00	00	00	00	00	00	
00	00	00	00	00	00	00	00	00	01	
b9	00	00	01	00	00	c7	00	33	00	
38	00	06	00	00	00	1c	00	fa	01	
12	00	0c	00	15	00	00	00	00	00	
84	3f	84	3f	7e	3f	00	00	00	00	
00	00	00	00	00	10	00	01	00	00	
a2	00	00	00	03	00	80	3f	94	ff	
83	3f	00	00	00	00	ee	66	01	00	
0b	01	cc	00	17	00	1a	00	1a	00	
17	00	12	00	12	00	0f	00	15	00	
14	00	00	00	00	00	00	00	00	00	
f9	03	00	00	00	00	00	00	00	00	
cc	0c	00	00	00	00	00	1e	01	28	
01	ae	00	b0	00	25	10	df	10	35	
10	33	10	78	10	53	10	61	70	04	
00	3d	0a	d7	3e	eb	51	38	3e	7b	
14	2e	be	