08	1a	c3	e5	00	c4	00	1f	15	3b	
16	d8	00	00	08	00	06	00	35	15	
1f	00	5d	c2	46	46	58	00	00	00	
00	00	00	00	00	00	00	00	00	00	
00	00	00	00	00	00	00	00	00	01	
b8	00	00	01	00	00	e2	00	36	00	
3b	00	06	00	00	00	1c	00	f7	01	
12	00	09	00	12	00	00	00	00	00	
37	3f	47	3f	41	3f	00	00	00	00	
00	00	00	00	00	10	00	01	00	00	
a2	00	00	00	03	00	43	3f	95	ff	
43	3f	00	00	00	00	29	ff	01	00	
fe	ff	c3	00	14	00	1d	00	17	00	
17	00	0c	00	15	00	0c	00	15	00	
17	00	00	00	00	00	00	00	00	00	
46	04	00	00	00	00	00	00	00	00	
cc	0c	00	00	00	00	00	09	00	12	
00	0f	00	14	00	10	01	13	01	07	
01	06	01	06	01	2f	01	4b	23	04	
00	cc	cc	cc	3c	7b	14	2e	3d	5c	
8f	e2	3e	