08	1a	c0	0f	00	c4	00	3b	58	f3	
2d	75	00	00	0a	00	07	00	ed	58	
3b	00	fe	6b	d4	52	20	00	00	00	
00	00	00	00	00	00	00	00	00	00	
00	00	00	00	00	00	00	00	00	01	
bc	00	01	00	00	00	e4	00	39	00	
3b	00	06	00	03	00	65	00	19	02	
15	00	0c	00	12	00	00	00	00	00	
84	3f	84	3f	7e	3f	00	00	00	00	
00	00	00	00	00	10	00	01	00	00	
a3	00	00	00	03	00	80	3f	94	ff	
85	3f	00	00	00	00	5e	0a	02	00	
49	01	1b	01	14	00	1d	00	1a	00	
17	00	0c	00	15	00	0f	00	18	00	
14	00	ba	13	00	00	00	00	00	00	
46	04	00	00	00	00	00	00	00	00	
cc	0c	00	00	01	01	01	e3	00	e7	
00	15	00	17	00	dc	12	3f	12	dd	
12	f4	13	f4	13	05	13	13	0a	7f	
0d	20	85	ab	be	09	d7	63	be	cc	
cc	ac	3e	