08	1a	c3	f6	00	c4	00	1f	15	e5	
16	e0	00	00	08	00	06	00	df	15	
1f	00	b4	37	42	42	60	00	00	00	
00	00	00	00	00	00	00	00	00	00	
00	00	00	00	00	00	00	00	00	01	
b8	00	00	01	00	00	e0	00	36	00	
3b	00	06	00	00	00	19	00	fa	01	
12	00	09	00	0f	00	00	00	00	00	
37	3f	38	3f	32	3f	00	00	00	00	
00	00	00	00	00	10	00	01	00	00	
a2	00	00	00	03	00	34	3f	95	ff	
38	3f	00	00	00	00	7f	fe	01	00	
fd	ff	c3	00	14	00	1d	00	1a	00	
14	00	0f	00	12	00	0c	00	15	00	
14	00	00	00	00	00	00	00	00	00	
46	04	00	00	00	00	00	00	00	00	
ce	0c	00	00	00	00	00	09	00	12	
00	0f	00	13	00	10	00	13	01	f9	
01	06	01	14	01	2f	01	2f	23	04	
00	0a	d7	23	bd	33	33	b3	3d	5c	
8f	a2	3e	