08	1a	c4	19	00	c4	00	1f	17	43	
16	d8	00	00	08	00	06	00	3d	17	
1f	00	de	05	4a	3c	72	00	00	00	
00	00	00	00	00	00	00	00	00	00	
00	00	00	00	00	00	00	00	00	01	
b8	00	00	01	00	00	db	00	36	00	
38	00	06	00	00	00	19	00	fa	01	
0f	00	09	00	12	00	00	00	00	00	
28	3f	28	3f	22	3f	00	00	00	00	
00	00	00	00	00	10	00	01	00	00	
a2	00	00	00	03	00	24	3f	95	ff	
29	3f	00	00	00	00	2a	fd	01	00	
fd	ff	c3	00	14	00	1a	00	1a	00	
17	00	0c	00	12	00	0f	00	18	00	
14	00	00	00	00	00	00	00	00	00	
46	04	00	00	00	00	00	00	00	00	
cc	0c	00	00	00	00	00	09	00	12	
00	0f	00	13	00	10	00	13	00	f9	
00	f8	01	f8	01	13	01	2f	15	04	
00	eb	51	b8	3d	71	3d	8a	3e	b8	
1e	05	3e	