08	1a	f7	73	00	c4	00	21	18	c7	
16	da	00	00	0a	00	06	00	c1	18	
21	00	ed	79	48	3e	1f	00	00	00	
00	00	00	00	00	00	00	00	00	00	
00	00	00	00	00	00	00	00	00	01	
b9	00	00	01	00	00	dd	00	33	00	
3b	00	06	00	00	00	1c	00	fa	01	
12	00	09	00	15	00	00	00	00	00	
84	3f	84	3f	7e	3f	00	00	00	00	
00	00	00	00	00	10	00	01	00	00	
a2	00	00	00	03	00	80	3f	94	ff	
88	3f	00	00	00	00	d3	8a	02	00	
17	01	c2	00	14	00	1a	00	1a	00	
17	00	0f	00	12	00	0f	00	15	00	
14	00	00	00	00	00	00	00	00	00	
46	04	00	00	00	00	00	00	00	00	
cc	0c	00	00	00	00	00	ba	00	c2	
00	14	00	14	01	28	17	cd	17	18	
17	0f	17	01	17	02	17	39	6f	04	
00	e1	7a	14	3e	00	00	80	bd	eb	
51	f8	be	