08	1a	f7	5b	00	c4	00	21	17	d7	
16	c9	00	00	0a	00	06	00	d1	17	
21	00	f4	8d	43	40	13	00	00	00	
00	00	00	00	00	00	00	00	00	00	
00	00	00	00	00	00	00	00	00	01	
b9	00	00	01	00	00	d7	00	30	00	
3b	00	09	00	00	00	19	00	fa	01	
12	00	0c	00	12	00	00	00	00	00	
84	3f	75	3f	7e	3f	00	00	00	00	
00	00	00	00	00	10	00	01	00	00	
a2	00	00	00	03	00	80	3f	9c	ff	
85	3f	00	00	00	00	c3	8b	02	00	
26	01	cb	00	14	00	1d	00	17	00	
14	00	0f	00	12	00	0c	00	15	00	
17	00	00	00	00	00	00	00	00	00	
46	04	00	00	00	00	00	00	00	00	
ce	0c	00	00	01	00	01	b8	00	bf	
00	29	01	2b	00	60	0f	3d	0f	c6	
0f	d3	0f	e0	0f	bc	0f	f3	bb	04	
00	71	3d	8a	be	3d	0a	d7	bd	71	
3d	0a	bf	