08	1a	e2	22	00	c4	00	1d	c3	9d	
16	d9	00	00	04	00	06	00	97	c3	
1d	00	93	9b	3c	42	76	00	00	00	
00	00	00	00	00	00	00	00	00	00	
00	00	00	00	00	00	00	00	00	01	
b8	00	00	01	00	00	e7	00	33	00	
3b	00	06	00	03	00	19	00	fa	01	
12	00	0c	00	12	00	00	00	00	00	
28	3f	38	3f	22	3f	00	00	00	00	
00	00	00	00	00	10	00	01	00	00	
a2	00	00	00	03	00	24	3f	95	ff	
31	3f	00	00	00	00	04	a2	02	00	
fd	ff	c3	00	17	00	1d	00	17	00	
14	00	0c	00	12	00	0c	00	15	00	
17	00	00	00	00	00	00	00	00	00	
46	04	00	00	00	00	00	00	00	00	
cc	0c	00	00	00	00	00	09	00	12	
00	0f	00	13	00	10	01	13	01	07	
01	06	01	06	01	21	01	2f	31	04	
00	c2	f5	68	3e	0a	d7	a3	3e	46	
e1	7a	3e	