08	1a	f5	18	00	c4	00	21	01	39	
16	e9	00	00	0a	00	06	00	33	01	
21	00	f8	c9	51	3c	f1	00	00	00	
00	00	00	00	00	00	00	00	00	00	
00	00	00	00	00	00	00	00	00	01	
b9	00	00	01	00	00	ce	00	33	00	
3b	00	09	00	00	00	19	00	fa	01	
12	00	09	00	0f	00	00	00	00	00	
84	3f	84	3f	7e	3f	00	00	00	00	
00	00	00	00	00	10	00	01	00	00	
a2	00	00	00	03	00	80	3f	94	ff	
86	3f	00	00	00	00	63	a2	02	00	
15	01	c1	00	14	00	1d	00	1a	00	
17	00	0f	00	12	00	0f	00	15	00	
14	00	00	00	00	00	00	00	00	00	
f9	03	00	00	00	00	00	00	00	00	
cc	0c	00	00	00	00	00	0d	00	19	
00	8f	01	93	00	17	21	3c	21	1f	
21	0d	21	29	21	24	21	4d	6a	04	
00	00	00	00	80	09	d7	63	3e	70	
3d	ca	be	