08	1a	e4	39	00	c4	00	3c	c2	97	
2d	69	00	00	0a	00	07	00	91	c2	
3c	00	49	ce	d3	52	35	00	00	00	
00	00	00	00	00	00	00	00	00	00	
00	00	00	00	00	00	00	00	00	01	
bc	00	01	00	00	00	de	00	36	00	
38	00	09	00	00	00	1c	00	11	02	
12	00	09	00	15	00	00	00	00	00	
37	3f	38	3f	32	3f	00	00	00	00	
00	00	00	00	00	10	00	01	00	00	
a3	00	00	00	03	00	34	3f	94	ff	
38	3f	00	00	00	00	74	8b	02	00	
ec	00	c9	00	17	00	1d	00	1a	00	
17	00	0f	00	15	00	0c	00	15	00	
17	00	00	00	00	00	00	00	00	00	
46	04	00	00	00	00	00	00	00	00	
cc	0c	00	00	00	00	00	3c	00	47	
00	46	00	45	00	0e	41	0d	41	d0	
41	ba	41	c8	38	b0	39	18	65	0c	
03	3d	0a	d7	bd	14	ae	47	3e	8f	
c2	75	bd	