08	1a	d1	7f	00	c4	00	1d	1d	3f	
16	d8	00	00	01	00	06	00	39	1d	
1d	00	49	40	3b	42	25	00	00	00	
00	00	00	00	00	00	00	00	00	00	
00	00	00	00	00	00	00	00	00	01	
b7	00	01	00	00	00	c2	00	33	00	
3b	00	06	00	03	00	1c	00	fd	01	
12	00	09	00	12	00	00	00	00	00	
84	3f	84	3f	7e	3f	00	00	00	00	
00	00	00	00	00	10	00	01	00	00	
a2	00	00	00	03	00	80	3f	95	ff	
83	3f	00	00	00	00	cf	dd	01	00	
21	01	c1	00	17	00	1d	00	1a	00	
17	00	0f	00	15	00	0f	00	15	00	
17	00	00	00	00	00	00	00	00	00	
f9	03	00	00	00	00	00	00	00	00	
ce	0c	00	00	00	00	00	1d	00	2a	
00	8a	01	8d	00	6a	1f	13	1f	71	
1f	60	1f	60	1f	5c	1f	86	bc	04	
00	71	3d	8a	be	0a	d7	23	3d	ae	
47	01	bf	