08	1a	c7	bf	00	c4	00	28	46	b5	
16	ca	00	00	0a	00	06	00	af	46	
28	00	2a	42	45	40	04	00	00	00	
00	00	00	00	00	00	00	00	00	00	
00	00	00	00	00	00	00	00	00	01	
bb	00	00	01	00	00	e1	00	36	00	
3b	00	06	00	03	00	1c	00	19	02	
12	00	0c	00	12	00	00	00	00	00	
37	3f	38	3f	32	3f	00	00	00	00	
00	00	00	00	00	10	00	01	00	00	
a2	00	00	00	03	00	43	3f	94	ff	
40	3f	00	00	00	00	da	66	01	00	
fd	ff	c9	00	17	00	1d	00	1a	00	
17	00	0f	00	15	00	0f	00	18	00	
17	00	00	00	00	00	00	00	00	00	
46	04	00	00	00	00	00	00	00	00	
cc	0c	00	00	00	00	00	09	00	12	
00	0f	00	14	00	10	00	13	01	f9	
00	06	01	f8	01	13	01	2f	23	04	
00	00	00	80	be	e1	7a	14	3e	7c	
14	6e	3e	