08	1a	e1	e1	00	c4	00	3c	ab	27	
2d	6d	00	00	0a	00	07	00	21	ab	
3c	00	71	1d	e3	5a	09	00	00	00	
00	00	00	00	00	00	00	00	00	00	
00	00	00	00	00	00	00	00	00	01	
bc	00	01	00	00	00	be	00	36	00	
38	00	09	00	06	00	1c	00	0e	02	
12	00	09	00	12	00	00	00	00	00	
47	3f	47	3f	41	3f	00	00	00	00	
00	00	00	00	00	10	00	01	00	00	
a3	00	00	00	03	00	43	3f	95	ff	
48	3f	00	00	00	00	e6	a2	02	00	
cd	00	c9	00	14	00	1d	00	1a	00	
17	00	0f	00	15	00	0f	00	15	00	
14	00	00	00	00	00	00	00	00	00	
f9	03	00	00	00	00	00	00	00	00	
cc	0c	00	00	00	00	00	3b	00	45	
00	3a	00	36	00	0e	41	0c	41	ec	
41	d5	41	e3	3a	b0	3b	4e	d6	0c	
03	29	5c	0f	3e	ad	47	61	bd	52	
b8	1e	3e	