08	1a	cf	54	00	c4	00	1d	07	91	
17	15	00	00	01	00	06	00	8b	07	
1d	00	9b	83	56	46	0f	00	00	00	
00	00	00	00	00	00	00	00	00	00	
00	00	00	00	00	00	00	00	00	01	
b7	00	01	00	00	00	c6	00	33	00	
3b	00	06	00	00	00	1c	00	fd	01	
0f	00	09	00	15	00	00	00	00	00	
84	3f	84	3f	7e	3f	00	00	00	00	
00	00	00	00	00	10	00	01	00	00	
a2	00	00	00	03	00	80	3f	97	ff	
81	3f	00	00	00	00	80	f3	01	00	
1a	01	ca	00	14	00	1d	00	1a	00	
14	00	0c	00	12	00	0f	00	18	00	
14	00	00	00	00	00	00	00	00	00	
f9	03	00	00	00	00	00	00	00	00	
cc	0c	00	00	00	00	00	27	01	31	
01	42	00	3e	01	2c	11	88	12	e3	
12	17	12	78	12	36	12	36	7f	04	
00	eb	51	f8	3e	ad	47	e1	bc	eb	
51	38	be	