08	1a	c2	4e	00	c4	00	3b	6f	69	
2d	77	00	00	0a	00	07	00	63	6f	
3b	00	c0	ef	df	52	40	00	00	00	
00	00	00	00	00	00	00	00	00	00	
00	00	00	00	00	00	00	00	00	01	
bc	00	01	00	00	00	29	01	36	00	
3b	00	06	00	fd	ff	8b	01	14	02	
15	00	0c	00	15	00	00	00	00	00	
8a	3d	7c	3d	76	3d	00	00	00	00	
00	00	00	00	00	10	00	01	00	00	
a3	00	00	00	03	00	88	3d	92	ff	
a0	3d	00	00	00	00	e5	f3	01	00	
a9	01	42	02	14	00	1d	00	1a	00	
14	00	0f	00	12	00	0f	00	15	00	
14	00	00	00	00	00	00	00	00	00	
46	04	00	00	00	00	00	00	00	00	
ca	0c	00	00	00	00	00	45	00	48	
00	70	00	61	00	3a	40	4a	40	3d	
40	1b	40	37	40	12	40	20	49	7f	
03	cc	cc	4c	bd	99	99	99	bd	eb	
51	b8	3c	