08	1a	e2	09	00	c4	00	3c	ac	b7	
2d	78	00	00	0a	00	07	00	b1	ac	
3c	00	f3	58	d8	52	1d	00	00	00	
00	00	00	00	00	00	00	00	00	00	
00	00	00	00	00	00	00	00	00	01	
bc	00	01	00	00	00	d6	00	36	00	
3b	00	09	00	00	00	1f	00	05	02	
12	00	09	00	12	00	00	00	00	00	
37	3f	38	3f	41	3f	00	00	00	00	
00	00	00	00	00	10	00	01	00	00	
a3	00	00	00	03	00	43	3f	94	ff	
3e	3f	00	00	00	00	56	a1	02	00	
a3	00	c7	00	14	00	1a	00	1a	00	
17	00	0f	00	15	00	0f	00	18	00	
17	00	00	00	00	00	00	00	00	00	
46	04	00	00	00	00	00	00	00	00	
cc	0c	00	00	00	00	00	2e	00	3b	
00	31	00	2d	00	0e	41	0d	41	de	
41	ba	41	c8	37	a2	38	04	33	0c	
03	52	b8	9e	3d	e1	7a	94	bd	3d	
0a	d7	3d	