08	1a	cf	34	00	c4	00	1d	06	51	
16	da	00	00	01	00	06	00	4b	06	
1d	00	fa	9b	50	42	ff	00	00	00	
00	00	00	00	00	00	00	00	00	00	
00	00	00	00	00	00	00	00	00	01	
b7	00	01	00	00	00	bc	00	33	00	
3b	00	06	00	03	00	19	00	fa	01	
0f	00	0c	00	12	00	00	00	00	00	
84	3f	84	3f	7e	3f	00	00	00	00	
00	00	00	00	00	10	00	01	00	00	
a2	00	00	00	03	00	80	3f	95	ff	
7e	3f	00	00	00	00	c0	f4	01	00	
1d	01	cb	00	14	00	1a	00	1a	00	
17	00	0f	00	15	00	0c	00	15	00	
14	00	00	00	00	00	00	00	00	00	
f9	03	00	00	00	00	00	00	00	00	
cc	0c	00	00	01	01	01	be	00	c0	
00	50	00	51	00	5d	11	43	11	90	
11	9b	11	b6	11	ac	11	c8	bd	04	
00	29	5c	0f	3e	e1	7a	b4	be	e1	
7a	d4	be	