08	1a	c3	e7	00	c4	00	1f	15	4f	
16	ef	00	00	08	00	06	00	49	15	
1f	00	06	a0	51	3c	59	00	00	00	
00	00	00	00	00	00	00	00	00	00	
00	00	00	00	00	00	00	00	00	01	
b8	00	00	01	00	00	e2	00	33	00	
3b	00	06	00	03	00	1c	00	fa	01	
15	00	09	00	12	00	00	00	00	00	
37	3f	47	3f	41	3f	00	00	00	00	
00	00	00	00	00	10	00	01	00	00	
a2	00	00	00	03	00	43	3f	95	ff	
41	3f	00	00	00	00	15	ff	01	00	
fe	ff	c3	00	14	00	1d	00	17	00	
14	00	0f	00	15	00	0f	00	15	00	
14	00	00	00	00	00	00	00	00	00	
46	04	00	00	00	00	00	00	00	00	
ce	0c	00	00	00	00	00	09	00	12	
00	0f	00	14	00	10	01	13	01	07	
01	06	01	14	01	2f	01	4b	23	04	
00	0a	d7	a3	3c	cc	cc	4c	3d	99	
99	d9	3e	