08	1a	d5	7c	00	c4	00	1f	c5	21	
16	e6	00	00	0a	00	06	00	1b	c5	
1f	00	73	bb	3c	3c	23	00	00	00	
00	00	00	00	00	00	00	00	00	00	
00	00	00	00	00	00	00	00	00	01	
b8	00	00	01	00	00	d7	00	36	00	
38	00	09	00	00	00	19	00	fd	01	
15	00	0c	00	12	00	00	00	00	00	
93	3f	93	3f	9d	3f	00	00	00	00	
00	00	00	00	00	10	00	01	00	00	
a2	00	00	00	03	00	9f	3f	94	ff	
98	3f	00	00	00	00	00	a2	02	00	
ca	01	c2	00	14	00	1a	00	1a	00	
14	00	0c	00	15	00	0c	00	15	00	
14	00	00	00	00	00	00	00	00	00	
f9	03	00	00	00	00	00	00	00	00	
cc	0c	00	00	00	00	00	b4	00	c1	
00	0c	00	09	00	0d	3b	ad	3b	78	
36	c9	35	02	3b	e3	3c	70	45	04	
00	7b	14	ae	3d	3d	0a	57	3e	b8	
1e	85	be	