08	1a	e2	16	00	c4	00	1d	c3	25	
16	ca	00	00	04	00	06	00	1f	c3	
1d	00	b9	79	3e	40	70	00	00	00	
00	00	00	00	00	00	00	00	00	00	
00	00	00	00	00	00	00	00	00	01	
b8	00	00	01	00	00	e9	00	36	00	
3b	00	06	00	00	00	1c	00	fa	01	
12	00	09	00	12	00	00	00	00	00	
28	3f	38	3f	32	3f	00	00	00	00	
00	00	00	00	00	10	00	01	00	00	
a2	00	00	00	03	00	34	3f	94	ff	
37	3f	00	00	00	00	7c	a2	02	00	
fd	ff	c3	00	14	00	1d	00	17	00	
17	00	0f	00	15	00	0c	00	15	00	
14	00	00	00	00	00	00	00	00	00	
46	04	00	00	00	00	00	00	00	00	
cc	0c	00	00	00	00	00	09	00	12	
00	0f	00	13	00	0f	00	13	00	f9	
01	f8	01	06	01	21	01	3d	3f	04	
00	99	99	99	3d	99	99	99	3e	b8	
1e	a5	3e	