08	1a	c0	0c	00	c4	00	3b	58	d5	
2d	6c	00	00	0a	00	07	00	cf	58	
3b	00	ea	08	e0	52	1f	00	00	00	
00	00	00	00	00	00	00	00	00	00	
00	00	00	00	00	00	00	00	00	01	
bc	00	01	00	00	00	e3	00	39	00	
3b	00	06	00	09	00	19	00	19	02	
15	00	0c	00	12	00	00	00	00	00	
84	3f	84	3f	7e	3f	00	00	00	00	
00	00	00	00	00	10	00	01	00	00	
a3	00	00	00	03	00	80	3f	94	ff	
85	3f	00	00	00	00	7c	0a	02	00	
06	01	dc	00	14	00	1d	00	1a	00	
17	00	0f	00	12	00	0f	00	18	00	
17	00	ba	13	00	00	00	00	00	00	
46	04	00	00	00	00	00	00	00	00	
cc	0c	00	00	01	00	01	de	00	e2	
00	1c	00	1f	00	ab	10	4b	10	43	
10	41	10	33	10	46	10	61	62	04	
00	47	e1	9a	be	eb	51	78	be	33	
33	b3	3e	