08	1a	d2	e0	00	c4	00	3c	15	1d	
2d	6a	00	00	0a	00	07	00	17	15	
3c	00	64	6c	d7	5a	89	00	00	00	
00	00	00	00	00	00	00	00	00	00	
00	00	00	00	00	00	00	00	00	01	
bc	00	01	00	00	00	dc	00	33	00	
3b	00	06	00	03	00	1f	00	0b	02	
12	00	09	00	12	00	00	00	00	00	
ae	3e	ae	3e	99	3e	00	00	00	00	
00	00	00	00	00	10	00	01	00	00	
a3	00	00	00	03	00	aa	3e	95	ff	
a6	3e	00	00	00	00	c5	a0	02	00	
fd	ff	ca	00	17	00	1d	00	1a	00	
17	00	0f	00	15	00	0f	00	15	00	
14	00	00	00	00	00	00	00	00	00	
46	04	00	00	00	00	00	00	00	00	
ce	0c	00	00	00	00	00	09	00	12	
00	10	00	14	00	10	00	14	00	eb	
00	eb	01	f8	01	06	01	2f	15	0c	
03	00	00	00	be	8f	c2	75	bd	99	
99	19	bd	