08	1a	cf	55	00	c4	00	1d	07	9b	
16	ea	00	00	01	00	06	00	95	07	
1d	00	c3	d8	42	48	10	00	00	00	
00	00	00	00	00	00	00	00	00	00	
00	00	00	00	00	00	00	00	00	01	
b7	00	01	00	00	00	c7	00	33	00	
3b	00	09	00	00	00	1c	00	fa	01	
15	00	0c	00	12	00	00	00	00	00	
84	3f	84	3f	7e	3f	00	00	00	00	
00	00	00	00	00	10	00	01	00	00	
a2	00	00	00	03	00	80	3f	94	ff	
81	3f	00	00	00	00	76	f3	01	00	
13	01	c9	00	14	00	1d	00	1a	00	
14	00	0c	00	12	00	0f	00	18	00	
14	00	00	00	00	00	00	00	00	00	
f9	03	00	00	00	00	00	00	00	00	
cc	0c	00	00	00	00	00	29	01	33	
01	34	00	30	01	2a	12	7a	12	6e	
12	5c	12	86	12	97	12	89	a9	04	
00	3d	0a	f7	3e	0a	d7	a3	bb	48	
e1	3a	be	