08	1a	d2	b5	00	c4	00	3c	13	6f	
2d	77	00	00	0a	00	07	00	69	13	
3c	00	75	b2	d4	52	73	00	00	00	
00	00	00	00	00	00	00	00	00	00	
00	00	00	00	00	00	00	00	00	01	
bc	00	01	00	00	00	e7	00	36	00	
3b	00	06	00	00	00	1f	00	08	02	
12	00	09	00	15	00	00	00	00	00	
ae	3e	bd	3e	b7	3e	00	00	00	00	
00	00	00	00	00	10	00	01	00	00	
a3	00	00	00	03	00	b9	3e	95	ff	
c0	3e	00	00	00	00	73	a2	02	00	
fd	ff	c9	00	17	00	1d	00	1a	00	
17	00	0c	00	15	00	0f	00	18	00	
17	00	00	00	00	00	00	00	00	00	
46	04	00	00	00	00	00	00	00	00	
cc	0c	00	00	00	00	00	09	00	13	
00	10	00	14	00	10	01	14	01	07	
00	06	01	f8	01	21	01	3d	23	0c	
03	eb	51	b8	bd	ad	47	e1	bc	8f	
c2	f5	bc	