08	1a	d3	23	00	c4	00	1f	ad	a7	
16	e0	00	00	0a	00	06	00	a1	ad	
1f	00	a2	2d	42	42	f7	00	00	00	
00	00	00	00	00	00	00	00	00	00	
00	00	00	00	00	00	00	00	00	01	
b8	00	00	01	00	00	d0	00	33	00	
38	00	06	00	00	00	1c	00	fa	01	
12	00	0c	00	12	00	00	00	00	00	
84	3f	75	3f	7e	3f	00	00	00	00	
00	00	00	00	00	10	00	01	00	00	
a2	00	00	00	03	00	80	3f	95	ff	
84	3f	00	00	00	00	91	a2	02	00	
05	01	c2	00	14	00	1d	00	1a	00	
17	00	0f	00	15	00	0f	00	15	00	
17	00	00	00	00	00	00	00	00	00	
f9	03	00	00	00	00	00	00	00	00	
cc	0c	00	00	00	00	00	12	01	1f	
01	0c	00	10	01	1f	14	69	14	38	
14	17	14	32	14	0b	14	35	65	04	
00	46	e1	fa	3d	66	66	a6	3e	1f	
85	eb	3d	