08	1a	f1	4b	00	c4	00	1e	5b	37	
16	d9	00	00	06	00	06	00	31	5b	
1e	00	72	e9	4e	44	0b	00	00	00	
00	00	00	00	00	00	00	00	00	00	
00	00	00	00	00	00	00	00	00	01	
b8	00	00	01	00	00	da	00	33	00	
3b	00	06	00	03	00	1c	00	fa	01	
12	00	09	00	12	00	00	00	00	00	
84	3f	84	3f	7e	3f	00	00	00	00	
00	00	00	00	00	10	00	01	00	00	
a2	00	00	00	03	00	80	3f	95	ff	
83	3f	00	00	00	00	88	a1	02	00	
06	01	c8	00	14	00	1a	00	1a	00	
14	00	0c	00	12	00	0c	00	15	00	
17	00	00	00	00	00	00	00	00	00	
46	04	00	00	00	00	00	00	00	00	
ce	0c	00	00	00	00	00	1a	02	24	
02	2c	00	2b	00	5f	0f	12	0f	8f	
0f	72	0f	a9	0f	92	0f	ae	bb	04	
00	8f	c2	75	bc	71	3d	8a	3e	eb	
51	98	3e	