08	1a	cf	56	00	c4	00	1d	07	a5	
16	d9	00	00	01	00	06	00	9f	07	
1d	00	a0	01	50	3e	10	00	00	00	
00	00	00	00	00	00	00	00	00	00	
00	00	00	00	00	00	00	00	00	01	
b7	00	01	00	00	00	c7	00	33	00	
3b	00	09	00	03	00	1c	00	fa	01	
12	00	09	00	12	00	00	00	00	00	
84	3f	84	3f	7e	3f	00	00	00	00	
00	00	00	00	00	10	00	01	00	00	
a2	00	00	00	03	00	80	3f	94	ff	
81	3f	00	00	00	00	6c	f3	01	00	
12	01	c2	00	17	00	1d	00	17	00	
17	00	0f	00	15	00	0f	00	15	00	
14	00	00	00	00	00	00	00	00	00	
f9	03	00	00	00	00	00	00	00	00	
cc	0c	00	00	00	00	00	26	01	32	
01	23	00	1f	01	27	13	69	13	30	
13	2c	13	47	13	4a	13	4a	6b	04	
00	34	33	f3	3e	0a	d7	23	3b	00	
00	40	be	