08	1a	cf	45	00	c4	00	1d	06	fb	
16	db	00	00	01	00	06	00	f5	06	
1d	00	92	c9	4e	44	08	00	00	00	
00	00	00	00	00	00	00	00	00	00	
00	00	00	00	00	00	00	00	00	01	
b7	00	01	00	00	00	c2	00	33	00	
3b	00	09	00	03	00	1c	00	fa	01	
0f	00	09	00	12	00	00	00	00	00	
84	3f	84	3f	7e	3f	00	00	00	00	
00	00	00	00	00	10	00	01	00	00	
a2	00	00	00	03	00	80	3f	94	ff	
83	3f	00	00	00	00	34	f4	01	00	
24	01	c2	00	14	00	1a	00	1a	00	
17	00	0f	00	12	00	0f	00	18	00	
17	00	00	00	00	00	00	00	00	00	
f9	03	00	00	00	00	00	00	00	00	
cc	0c	00	00	00	00	00	06	00	11	
00	60	00	61	01	26	22	cd	22	a4	
22	75	22	9e	22	8a	22	6f	b8	04	
00	67	66	e6	3e	48	e1	3a	be	e1	
7a	54	be	