08	1a	c3	dc	00	c4	00	1f	14	e1	
17	04	00	00	08	00	06	00	db	14	
1f	00	9a	e5	57	40	53	00	00	00	
00	00	00	00	00	00	00	00	00	00	
00	00	00	00	00	00	00	00	00	01	
b8	00	00	01	00	00	e2	00	36	00	
3b	00	09	00	03	00	1c	00	f7	01	
12	00	09	00	15	00	00	00	00	00	
47	3f	47	3f	41	3f	00	00	00	00	
00	00	00	00	00	10	00	01	00	00	
a2	00	00	00	03	00	43	3f	94	ff	
46	3f	00	00	00	00	83	ff	01	00	
fd	ff	c3	00	14	00	1d	00	17	00	
17	00	0c	00	12	00	0c	00	18	00	
17	00	00	00	00	00	00	00	00	00	
46	04	00	00	00	00	00	00	00	00	
ca	0c	00	00	00	00	00	09	00	12	
00	0f	00	13	00	10	01	13	01	07	
00	06	01	f8	01	13	01	4b	31	04	
00	ad	47	61	3d	00	00	80	3d	e0	
7a	f4	3e	