08	1a	d5	71	00	c4	00	1f	c4	b3	
16	e0	00	00	0a	00	06	00	ad	c4	
1f	00	44	95	50	3e	1e	00	00	00	
00	00	00	00	00	00	00	00	00	00	
00	00	00	00	00	00	00	00	00	01	
b8	00	00	01	00	00	d4	00	36	00	
3b	00	06	00	00	00	1c	00	fa	01	
12	00	0c	00	12	00	00	00	00	00	
65	3f	66	3f	5f	3f	00	00	00	00	
00	00	00	00	00	10	00	01	00	00	
a2	00	00	00	03	00	62	3f	95	ff	
6a	3f	00	00	00	00	77	a2	02	00	
62	00	c2	00	17	00	1d	00	1a	00	
14	00	0c	00	12	00	0c	00	15	00	
14	00	00	00	00	00	00	00	00	00	
f9	03	00	00	00	00	00	00	00	00	
ce	0c	00	00	00	00	00	3c	00	4a	
00	0e	00	09	00	0d	42	0d	41	15	
41	f1	41	9e	3a	6b	35	a1	6f	04	
00	00	00	40	3e	20	85	2b	3e	8f	
c2	35	be	