08	1a	d3	29	00	c4	00	1f	ad	e3	
16	dd	00	00	0a	00	06	00	dd	ad	
1f	00	5c	3b	51	3e	fa	00	00	00	
00	00	00	00	00	00	00	00	00	00	
00	00	00	00	00	00	00	00	00	01	
b8	00	00	01	00	00	d1	00	33	00	
38	00	06	00	00	00	1f	00	fd	01	
12	00	0c	00	0f	00	00	00	00	00	
84	3f	84	3f	7e	3f	00	00	00	00	
00	00	00	00	00	10	00	01	00	00	
a2	00	00	00	03	00	80	3f	94	ff	
85	3f	00	00	00	00	41	a2	02	00	
0e	01	c2	00	17	00	1d	00	17	00	
14	00	0f	00	15	00	0c	00	15	00	
14	00	00	00	00	00	00	00	00	00	
ea	03	00	00	00	00	00	00	00	00	
cc	0c	00	00	00	00	00	14	01	21	
01	1f	00	23	01	12	15	1d	15	d8	
15	a8	15	d1	15	d3	15	ee	ea	04	
00	cd	cc	0c	3e	cc	cc	ac	3e	e1	
7a	94	3d	