08	1a	d3	1b	00	c4	00	1f	ad	57	
16	dc	00	00	0a	00	06	00	51	ad	
1f	00	88	e2	44	3c	f3	00	00	00	
00	00	00	00	00	00	00	00	00	00	
00	00	00	00	00	00	00	00	00	01	
b8	00	00	01	00	00	ce	00	33	00	
3b	00	09	00	03	00	1c	00	fa	01	
15	00	09	00	12	00	00	00	00	00	
84	3f	84	3f	7e	3f	00	00	00	00	
00	00	00	00	00	10	00	01	00	00	
a2	00	00	00	03	00	80	3f	95	ff	
84	3f	00	00	00	00	cd	a2	02	00	
18	01	c9	00	17	00	1d	00	1a	00	
17	00	0c	00	15	00	0f	00	18	00	
14	00	00	00	00	00	00	00	00	00	
f9	03	00	00	00	00	00	00	00	00	
cc	0c	00	00	00	00	00	16	01	20	
01	3b	00	3e	01	31	12	94	12	7c	
12	6a	12	a1	12	97	12	89	a9	04	
00	eb	51	b8	3d	a3	70	9d	3e	a4	
70	3d	3e	