08	1a	d5	49	00	c4	00	1f	c3	23	
16	d9	00	00	0a	00	06	00	1d	c3	
1f	00	27	da	55	46	0a	00	00	00	
00	00	00	00	00	00	00	00	00	00	
00	00	00	00	00	00	00	00	00	01	
b8	00	00	01	00	00	cb	00	33	00	
3b	00	06	00	00	00	19	00	ff	01	
15	00	0c	00	12	00	00	00	00	00	
93	3f	93	3f	8d	3f	00	00	00	00	
00	00	00	00	00	10	00	01	00	00	
a2	00	00	00	03	00	8f	3f	94	ff	
93	3f	00	00	00	00	e8	8d	02	00	
9e	01	c2	00	17	00	1a	00	17	00	
14	00	0c	00	12	00	0c	00	15	00	
14	00	00	00	00	00	00	00	00	00	
f9	03	00	00	00	00	00	00	00	00	
ca	0c	00	00	00	00	00	4b	01	56	
01	08	01	13	00	3a	13	21	13	30	
13	1e	13	47	13	4a	13	4a	42	04	
00	8f	c2	b5	3e	a5	70	7d	3e	99	
99	19	3e	