08	1a	c0	1e	00	c4	00	1c	6f	75	
16	b8	00	00	00	00	06	00	6f	6f	
1c	00	43	77	49	44	74	00	00	00	
00	00	00	00	00	00	00	00	00	00	
00	00	00	00	00	00	00	00	00	01	
b7	00	01	00	00	00	e4	00	33	00	
3b	00	06	00	00	00	1c	00	fa	01	
12	00	0c	00	0f	00	00	00	00	00	
37	3f	38	3f	32	3f	00	00	00	00	
00	00	00	00	00	10	00	01	00	00	
a2	00	00	00	03	00	34	3f	95	ff	
3b	3f	00	00	00	00	b9	8b	02	00	
fd	ff	c3	00	14	00	1a	00	1a	00	
14	00	0c	00	12	00	0f	00	15	00	
14	00	00	00	00	00	00	00	00	00	
46	04	00	00	00	00	00	00	00	00	
cc	0c	00	00	00	00	00	09	00	12	
00	0f	00	13	00	0f	01	13	01	3f	
01	30	01	06	01	21	01	3d	3f	04	
00	14	ae	07	3e	0a	d7	23	bc	8f	
c2	75	be	