08	1a	e5	d9	00	c4	00	20	68	c3	
16	d3	00	00	0a	00	06	00	bd	68	
20	00	ce	11	43	44	52	00	00	00	
00	00	00	00	00	00	00	00	00	00	
00	00	00	00	00	00	00	00	00	01	
b9	00	00	01	00	00	f3	00	36	00	
3b	00	09	00	00	00	1c	00	fa	01	
12	00	09	00	15	00	00	00	00	00	
37	3f	47	3f	41	3f	00	00	00	00	
00	00	00	00	00	10	00	01	00	00	
a2	00	00	00	03	00	43	3f	94	ff	
48	3f	00	00	00	00	4a	fe	01	00	
fe	ff	c4	00	14	00	1a	00	1a	00	
14	00	0c	00	12	00	0c	00	15	00	
17	00	00	00	00	00	00	00	00	00	
46	04	00	00	00	00	00	00	00	00	
cc	0c	00	00	00	00	00	09	00	12	
00	0f	00	14	00	10	01	13	01	07	
01	06	01	14	01	2f	01	4b	31	04	
00	00	00	80	be	c3	f5	88	be	e1	
7a	14	3e	