08	1a	d3	41	00	c4	00	1f	ae	d3	
16	e0	00	00	0a	00	06	00	cd	ae	
1f	00	4d	83	47	46	06	00	00	00	
00	00	00	00	00	00	00	00	00	00	
00	00	00	00	00	00	00	00	00	01	
b8	00	00	01	00	00	d7	00	33	00	
3b	00	09	00	03	00	19	00	fa	01	
12	00	09	00	15	00	00	00	00	00	
75	3f	84	3f	7e	3f	00	00	00	00	
00	00	00	00	00	10	00	01	00	00	
a2	00	00	00	03	00	80	3f	94	ff	
85	3f	00	00	00	00	30	a2	02	00	
fc	00	cb	00	14	00	1a	00	1a	00	
17	00	0f	00	15	00	0c	00	18	00	
14	00	00	00	00	00	00	00	00	00	
f9	03	00	00	00	00	00	00	00	00	
ce	0c	00	00	00	00	00	10	01	1a	
01	d5	00	d6	00	d2	0f	38	0f	73	
0f	3a	0f	72	0f	5b	0f	77	5a	04	
00	5c	8f	42	3d	7b	14	8e	3e	eb	
51	b8	bd	