08	1a	d5	50	00	c4	00	1f	c3	69	
18	e9	00	00	0a	00	06	00	63	c3	
1f	00	90	6f	4a	3c	0d	00	00	00	
00	00	00	00	00	00	00	00	00	00	
00	00	00	00	00	00	00	00	00	01	
b8	00	00	01	00	00	cd	00	36	00	
3b	00	06	00	00	00	1f	00	14	02	
15	00	0c	00	12	00	00	00	00	00	
84	3f	84	3f	7e	3f	00	00	00	00	
00	00	00	00	00	10	00	01	00	00	
a2	00	00	00	03	00	80	3f	8d	ff	
80	3f	00	00	00	00	98	8d	02	00	
16	01	d1	00	14	00	1d	00	17	00	
17	00	0c	00	12	00	0c	00	15	00	
17	00	00	00	00	00	00	00	00	00	
ea	03	00	00	00	00	00	00	00	00	
ce	0c	00	00	00	00	00	62	01	6b	
01	bc	01	c0	00	4a	0d	20	0d	d2	
0e	e1	0e	42	0e	2c	0d	02	f1	04	
00	51	b8	be	3e	3d	0a	57	3e	14	
ae	c7	3d	