08	1a	f3	74	00	c4	00	1e	70	d1	
16	d9	00	00	07	00	06	00	cb	70	
1e	00	20	10	43	44	1f	00	00	00	
00	00	00	00	00	00	00	00	00	00	
00	00	00	00	00	00	00	00	00	01	
b8	00	00	01	00	00	d9	00	33	00	
38	00	06	00	00	00	19	00	fa	01	
12	00	09	00	15	00	00	00	00	00	
84	3f	84	3f	7e	3f	00	00	00	00	
00	00	00	00	00	10	00	01	00	00	
a2	00	00	00	03	00	80	3f	94	ff	
88	3f	00	00	00	00	10	a2	02	00	
21	01	c2	00	14	00	1d	00	17	00	
14	00	0c	00	12	00	0f	00	15	00	
14	00	00	00	00	00	00	00	00	00	
f9	03	00	00	00	00	00	00	00	00	
cc	0c	00	00	00	00	00	69	00	72	
00	1a	02	1b	00	0e	16	26	16	ee	
16	f4	17	f4	17	02	17	10	2a	04	
00	29	5c	0f	3d	5c	8f	82	3e	8f	
c2	f5	be	