08	1a	d2	a8	00	c4	00	3c	12	ed	
2d	6c	00	00	0a	00	07	00	e7	12	
3c	00	24	a4	c9	5a	6d	00	00	00	
00	00	00	00	00	00	00	00	00	00	
00	00	00	00	00	00	00	00	00	01	
bc	00	01	00	00	00	e9	00	36	00	
3b	00	09	00	00	00	74	00	17	02	
15	00	09	00	12	00	00	00	00	00	
ae	3e	bd	3e	b7	3e	00	00	00	00	
00	00	00	00	00	10	00	01	00	00	
a3	00	00	00	03	00	b9	3e	94	ff	
c5	3e	00	00	00	00	f5	a2	02	00	
fd	ff	cd	00	17	00	1d	00	1a	00	
17	00	0f	00	15	00	0f	00	15	00	
14	00	00	00	00	00	00	00	00	00	
46	04	00	00	00	00	00	00	00	00	
cc	0c	00	00	00	00	00	09	00	13	
00	10	00	14	00	10	01	14	01	07	
01	06	01	06	01	21	01	3d	23	0c	
03	c2	f5	a8	bd	8f	c2	75	bc	8f	
c2	f5	bc	