08	1a	d9	4c	00	c4	00	2c	d9	05	
16	ea	00	00	0a	00	06	00	ff	d8	
2c	00	7f	1a	52	3c	88	00	00	00	
00	00	00	00	00	00	00	00	00	00	
00	00	00	00	00	00	00	00	00	01	
bb	00	00	01	00	00	cb	00	33	00	
3b	00	06	00	03	00	1c	00	08	02	
12	00	09	00	12	00	00	00	00	00	
84	3f	84	3f	7e	3f	00	00	00	00	
00	00	00	00	00	10	00	01	00	00	
a2	00	00	00	03	00	80	3f	94	ff	
80	3f	00	00	00	00	b8	0b	02	00	
f3	00	c5	00	17	00	20	00	1a	00	
17	00	0f	00	15	00	0f	00	18	00	
17	00	00	00	00	00	00	00	00	00	
f9	03	00	00	00	00	00	00	00	00	
cc	0c	00	00	00	00	00	5c	00	5e	
00	10	00	0c	00	1b	39	5b	39	31	
3a	f3	3a	0e	3a	09	3a	17	51	04	
00	f5	28	dc	3d	a4	70	bd	3e	34	
33	f3	be	