48	59	56	52	49	44	00	00	00	00	
00	00	fe	ff	07	00	03	48	0f	00	
00	00	20	76	04	1a	20	76	04	1a	
ff	8c	00	00	b9	2d	52	01	01	00	
01	01	01	01	36	01	33	01	01	00	
00	00	0f	02	00	00	f5	09	00	00	
01	00	03	00	00	00	00	00	00	00	
00	00	00	00	00	00	00	00	fa	3e	
01	3f	19	01	1b	01	01	01	01	01	
01	01	01	01	02	00	00	00	61	43	
2d	00	ff	ff	97	00	fa	3e	00	00	
00	00	00	00	0e	00	00	00	01	00	
00	00	0e	00	00	00	88	13	88	13	
88	13	48	0d	48	0d	48	0d	09	00	
10	00	0e	00	0c	00	6a	01	75	01	
c9	01	f0	04	00	00	00	00	00	00	
00	00	00	00	00	00	00	00	00	00	
00	00	00	00	00	00	00	00	00	00	
00	00	00	00	00	00	00	c7	00	00	
00	