08	1a	d9	6b	00	c4	00	2c	da	3b	
16	da	00	00	0a	00	06	00	35	da	
2c	00	01	d6	4f	42	98	00	00	00	
00	00	00	00	00	00	00	00	00	00	
00	00	00	00	00	00	00	00	00	01	
bb	00	00	01	00	00	d2	00	33	00	
3b	00	06	00	9d	00	1c	00	05	02	
12	00	09	00	12	00	00	00	00	00	
93	3f	84	3f	7e	3f	00	00	00	00	
00	00	00	00	00	10	00	01	00	00	
a2	00	00	00	03	00	80	3f	95	ff	
85	3f	00	00	00	00	82	0a	02	00	
d5	01	63	01	14	00	d9	00	1a	00	
17	00	0c	00	15	00	0f	00	15	00	
14	00	00	00	04	2f	00	00	00	00	
46	04	00	00	00	00	00	00	00	00	
cc	0c	01	00	02	00	02	15	00	1a	
00	22	00	22	00	0f	1b	62	1b	7c	
1b	b4	1b	b4	1a	b2	1b	3e	f0	04	
00	51	b8	be	be	14	ae	47	3e	48	
e1	3a	be	