08	1a	c0	16	00	c4	00	3b	59	39	
2d	76	00	00	0a	00	07	00	33	59	
3b	00	b4	72	d4	52	24	00	00	00	
00	00	00	00	00	00	00	00	00	00	
00	00	00	00	00	00	00	00	00	01	
bc	00	01	00	00	00	e7	00	39	00	
3b	00	09	00	09	00	7f	01	19	02	
13	03	09	00	15	00	00	00	00	00	
28	3f	19	3f	22	3f	00	00	00	00	
00	00	00	00	00	10	00	01	00	00	
a3	00	00	00	03	00	15	3f	95	ff	
35	3f	00	00	00	00	18	0a	02	00	
c1	00	35	03	14	00	1d	00	1a	00	
17	00	0f	00	15	00	12	00	18	00	
17	00	ba	13	00	00	00	00	00	00	
46	04	00	00	00	00	00	00	00	00	
cc	0c	00	00	00	00	00	49	00	53	
00	18	00	13	00	0e	41	0e	41	c2	
41	ba	41	90	3a	6b	41	09	96	7f	
0d	51	b8	be	3f	14	ae	99	40	1f	
85	8b	bf	