08	1a	f1	47	00	c4	00	1e	5b	0f	
16	ef	00	00	06	00	06	00	09	5b	
1e	00	7a	b2	51	3c	09	00	00	00	
00	00	00	00	00	00	00	00	00	00	
00	00	00	00	00	00	00	00	00	01	
b8	00	00	01	00	00	d9	00	33	00	
3b	00	06	00	00	00	1c	00	fd	01	
04	00	17	00	12	00	00	00	00	00	
84	3f	84	3f	7e	3f	00	00	00	00	
00	00	00	00	00	10	00	01	00	00	
a2	00	00	00	03	00	80	3f	95	ff	
84	3f	00	00	00	00	b0	a1	02	00	
0e	01	ca	00	17	00	1a	00	17	00	
14	00	0f	00	15	00	0f	00	15	00	
14	00	00	00	00	00	00	00	00	00	
f9	03	00	00	00	00	00	00	00	00	
ce	0c	00	00	00	00	00	25	02	2f	
02	09	00	0a	00	de	0e	12	0e	b1	
0e	a2	0e	da	0e	b6	0e	df	dd	04	
00	0a	d7	23	bd	46	e1	7a	3e	66	
66	a6	3e	