08	1a	d9	6e	00	c4	00	2c	da	59	
16	d8	00	00	0a	00	06	00	53	da	
2c	00	04	55	48	46	99	00	00	00	
00	00	00	00	00	00	00	00	00	00	
00	00	00	00	00	00	00	00	00	01	
bb	00	00	01	00	00	d3	00	33	00	
3b	00	09	00	a0	00	1c	00	05	02	
12	00	09	00	15	00	00	00	00	00	
84	3f	75	3f	7e	3f	00	00	00	00	
00	00	00	00	00	10	00	01	00	00	
a2	00	00	00	03	00	80	3f	94	ff	
7f	3f	00	00	00	00	64	0a	02	00	
98	01	62	01	14	00	d9	00	17	00	
14	00	0f	00	12	00	0f	00	18	00	
17	00	00	00	04	2f	00	00	00	00	
46	04	00	00	00	00	00	00	00	00	
cc	0c	01	00	01	00	01	e9	00	ef	
00	1f	00	1f	00	10	18	8e	19	f0	
19	0f	18	01	0a	f3	19	8f	1e	04	
00	5c	8f	c2	be	7b	14	2e	3e	e1	
7a	14	be	