08	1a	e2	17	00	c4	00	1d	c3	2f	
16	df	00	00	04	00	06	00	29	c3	
1d	00	8f	b3	44	42	71	00	00	00	
00	00	00	00	00	00	00	00	00	00	
00	00	00	00	00	00	00	00	00	01	
b8	00	00	01	00	00	e9	00	36	00	
3b	00	06	00	00	00	1c	00	fa	01	
12	00	09	00	12	00	00	00	00	00	
28	3f	38	3f	32	3f	00	00	00	00	
00	00	00	00	00	10	00	01	00	00	
a2	00	00	00	03	00	34	3f	94	ff	
37	3f	00	00	00	00	7c	a2	02	00	
fd	ff	c3	00	14	00	1d	00	17	00	
17	00	0f	00	15	00	0c	00	15	00	
14	00	00	00	00	00	00	00	00	00	
46	04	00	00	00	00	00	00	00	00	
cc	0c	00	00	00	00	00	09	00	12	
00	0f	00	13	00	0f	00	13	01	f9	
01	06	01	06	01	21	01	3d	3f	04	
00	7b	14	ae	3d	eb	51	98	3e	5c	
8f	a2	3e	