08	1a	e4	1c	00	c4	00	3c	c1	75	
2d	68	00	00	0a	00	07	00	6f	c1	
3c	00	a9	81	8b	5e	27	00	00	00	
00	00	00	00	00	00	00	00	00	00	
00	00	00	00	00	00	00	00	00	01	
bc	00	01	00	00	00	cf	00	33	00	
3b	00	06	00	00	00	1f	00	08	02	
12	00	09	00	12	00	00	00	00	00	
28	3f	28	3f	22	3f	00	00	00	00	
00	00	00	00	00	10	00	01	00	00	
a3	00	00	00	03	00	24	3f	94	ff	
2c	3f	00	00	00	00	96	8c	02	00	
ab	00	c7	00	17	00	1d	00	1a	00	
17	00	0f	00	15	00	0f	00	15	00	
17	00	00	00	00	00	00	00	00	00	
f9	03	00	00	00	00	00	00	00	00	
cc	0c	00	00	00	00	00	2b	00	36	
00	3a	00	36	00	0e	41	0c	41	de	
41	ba	41	ac	3a	79	3b	a1	21	0c	
03	7b	14	ae	bd	e1	7a	54	3e	e1	
7a	94	bd	