08	1a	c2	32	00	c4	00	3b	6e	51	
2d	68	00	00	0a	00	07	00	4b	6e	
3b	00	62	28	cc	56	32	00	00	00	
00	00	00	00	00	00	00	00	00	00	
00	00	00	00	00	00	00	00	00	01	
bc	00	01	00	00	00	16	01	36	00	
3e	00	06	00	09	00	0c	01	19	02	
15	00	0c	00	15	00	00	00	00	00	
8a	3d	8b	3d	85	3d	00	00	00	00	
00	00	00	00	00	10	00	01	00	00	
a3	00	00	00	03	00	88	3d	94	ff	
9e	3d	00	00	00	00	fd	f4	01	00	
77	01	cc	01	14	00	1a	00	1a	00	
17	00	0f	00	12	00	0c	00	18	00	
14	00	ab	13	00	00	00	00	00	00	
46	04	00	00	00	00	00	00	00	00	
cc	0c	00	00	00	00	00	3f	00	44	
00	6b	00	5d	00	30	40	3b	40	22	
40	0d	40	29	40	04	40	04	3b	7f	
03	cc	cc	cc	bc	b8	1e	85	bd	8f	
c2	75	3c	