08	1a	d3	2c	00	c4	00	1f	ae	01	
16	de	00	00	0a	00	06	00	fb	ad	
1f	00	e7	20	43	44	fb	00	00	00	
00	00	00	00	00	00	00	00	00	00	
00	00	00	00	00	00	00	00	00	01	
b8	00	00	01	00	00	d2	00	33	00	
3b	00	06	00	00	00	19	00	fd	01	
12	00	0c	00	12	00	00	00	00	00	
84	3f	84	3f	7e	3f	00	00	00	00	
00	00	00	00	00	10	00	01	00	00	
a2	00	00	00	03	00	80	3f	95	ff	
84	3f	00	00	00	00	23	a2	02	00	
01	01	c2	00	14	00	1d	00	17	00	
14	00	0f	00	15	00	0c	00	15	00	
17	00	00	00	00	00	00	00	00	00	
f9	03	00	00	00	00	00	00	00	00	
cc	0c	00	00	00	00	00	16	01	23	
01	36	00	3a	00	0f	15	e9	15	40	
15	10	15	39	15	3b	15	3b	51	04	
00	f6	28	1c	3e	20	85	ab	3e	0a	
d7	23	3d	