08	1a	e5	d1	00	c4	00	20	68	73	
18	cc	00	00	0a	00	06	00	6d	68	
20	00	ab	9c	51	3c	4e	00	00	00	
00	00	00	00	00	00	00	00	00	00	
00	00	00	00	00	00	00	00	00	01	
b9	00	00	01	00	00	f3	00	36	00	
3b	00	06	00	03	00	19	00	fa	01	
12	00	09	00	15	00	00	00	00	00	
37	3f	47	3f	41	3f	00	00	00	00	
00	00	00	00	00	10	00	01	00	00	
a2	00	00	00	03	00	43	3f	90	ff	
4c	3f	00	00	00	00	9a	fe	01	00	
fd	ff	c7	00	17	00	1a	00	1a	00	
17	00	0f	00	15	00	0f	00	15	00	
17	00	00	00	00	00	00	00	00	00	
46	04	00	00	00	00	00	00	00	00	
cc	0c	00	00	00	00	00	09	00	12	
00	0f	00	13	00	10	01	13	01	07	
01	14	01	14	01	2f	01	58	31	04	
00	14	ae	47	be	8f	c2	75	be	c2	
f5	28	3e	