08	1a	db	80	00	c4	00	2c	ef	0d	
16	dd	00	00	0a	00	06	00	07	ef	
2c	00	ec	63	4f	40	a2	00	00	00	
00	00	00	00	00	00	00	00	00	00	
00	00	00	00	00	00	00	00	00	01	
bb	00	00	01	00	00	08	01	36	00	
3b	00	06	00	a3	00	1c	00	05	02	
12	00	09	00	12	00	00	00	00	00	
75	3f	56	3f	5f	3f	00	00	00	00	
00	00	00	00	00	10	00	01	00	00	
a2	00	00	00	03	00	62	3f	94	ff	
69	3f	00	00	00	00	ad	f5	01	00	
b8	03	65	01	14	00	dc	00	1a	00	
17	00	0f	00	15	00	0f	00	15	00	
17	00	00	00	04	2f	00	00	00	00	
46	04	00	00	00	00	00	00	00	00	
cc	0c	01	00	01	00	01	79	00	7a	
00	75	00	71	00	0e	42	0c	42	4d	
42	44	41	0d	3b	e7	38	8b	41	04	
00	cc	cc	cc	3e	3d	0a	d7	bd	b8	
1e	c5	be	