08	1a	f1	4a	00	c4	00	1e	5b	2d	
16	e0	00	00	06	00	06	00	27	5b	
1e	00	de	58	50	42	0a	00	00	00	
00	00	00	00	00	00	00	00	00	00	
00	00	00	00	00	00	00	00	00	01	
b8	00	00	01	00	00	da	00	33	00	
3b	00	09	00	03	00	1f	00	f7	01	
12	00	09	00	12	00	00	00	00	00	
84	3f	84	3f	7e	3f	00	00	00	00	
00	00	00	00	00	10	00	01	00	00	
a2	00	00	00	03	00	80	3f	95	ff	
84	3f	00	00	00	00	a6	a1	02	00	
01	01	c9	00	14	00	1a	00	1a	00	
14	00	0c	00	12	00	0c	00	15	00	
17	00	00	00	00	00	00	00	00	00	
46	04	00	00	00	00	00	00	00	00	
ce	0c	00	00	00	00	00	1d	02	26	
02	25	00	25	00	7d	0f	12	0f	8f	
0f	64	0f	a9	0f	5b	0f	ae	ad	04	
00	ad	47	e1	bc	c3	f5	88	3e	eb	
51	98	3e	