08	1a	cf	2c	00	c4	00	1d	06	01	
16	d9	00	00	01	00	06	00	fb	05	
1d	00	87	54	51	3e	fb	00	00	00	
00	00	00	00	00	00	00	00	00	00	
00	00	00	00	00	00	00	00	00	01	
b7	00	01	00	00	00	b9	00	33	00	
3b	00	06	00	03	00	1c	00	f7	01	
12	00	11	00	12	00	00	00	00	00	
84	3f	75	3f	7e	3f	00	00	00	00	
00	00	00	00	00	10	00	01	00	00	
a2	00	00	00	03	00	80	3f	95	ff	
7c	3f	00	00	00	00	10	f5	01	00	
17	01	cb	00	14	00	1d	00	17	00	
17	00	0f	00	12	00	0f	00	18	00	
17	00	00	00	00	00	00	00	00	00	
f9	03	00	00	00	00	00	00	00	00	
cc	0c	00	00	01	00	01	13	00	17	
00	38	01	3a	00	d4	10	67	11	f7	
11	48	11	3a	11	3e	11	4c	5c	04	
00	7b	14	ae	bd	3e	0a	b7	be	8f	
c2	f5	be	