08	1a	c7	f1	00	c4	00	28	48	a9	
16	ca	00	00	0a	00	06	00	a3	48	
28	00	2a	e8	51	3c	1d	00	00	00	
00	00	00	00	00	00	00	00	00	00	
00	00	00	00	00	00	00	00	00	01	
bb	00	00	01	00	00	de	00	36	00	
3b	00	06	00	88	00	1c	00	17	02	
12	00	09	00	12	00	00	00	00	00	
fa	3e	fa	3e	f4	3e	00	00	00	00	
00	00	00	00	00	10	00	01	00	00	
a2	00	00	00	03	00	f7	3e	94	ff	
fd	3e	00	00	00	00	e6	64	01	00	
fe	ff	6a	01	17	00	dc	00	1a	00	
17	00	0c	00	15	00	0c	00	15	00	
17	00	00	00	04	2f	00	00	00	00	
46	04	00	00	00	00	00	00	00	00	
cc	0c	01	00	00	00	00	09	00	12	
00	0f	00	14	00	10	00	13	01	f9	
00	06	01	f8	01	06	01	2f	15	04	
00	f6	28	1c	3e	eb	51	38	3d	7c	
14	ee	3e	