08	1a	c9	f8	00	c4	00	28	5c	ef	
16	dd	00	00	0a	00	06	00	e9	5c	
28	00	41	c3	51	3e	21	00	00	00	
00	00	00	00	00	00	00	00	00	00	
00	00	00	00	00	00	00	00	00	01	
bb	00	00	01	00	00	ec	00	36	00	
3b	00	06	00	a0	00	19	00	0b	02	
12	00	0c	00	12	00	00	00	00	00	
fa	3e	fa	3e	f4	3e	00	00	00	00	
00	00	00	00	00	10	00	01	00	00	
a2	00	00	00	03	00	f7	3e	94	ff	
02	3f	00	00	00	00	9d	50	01	00	
fe	ff	6a	01	17	00	dc	00	1a	00	
17	00	0f	00	12	00	0c	00	18	00	
17	00	00	00	f5	2e	00	00	00	00	
46	04	00	00	00	00	00	00	00	00	
ca	0c	01	00	00	00	00	09	00	12	
00	0f	00	14	00	10	01	13	01	15	
00	14	01	f8	01	21	01	3d	31	04	
00	0a	d7	a3	bb	0a	d7	a3	3d	51	
b8	be	3e	