08	1a	f7	4d	00	c4	00	21	17	4b	
18	cf	00	00	0a	00	06	00	45	17	
21	00	71	43	42	44	0c	00	00	00	
00	00	00	00	00	00	00	00	00	00	
00	00	00	00	00	00	00	00	00	01	
b9	00	00	01	00	00	d3	00	33	00	
38	00	06	00	00	00	1c	00	fd	01	
12	00	09	00	12	00	00	00	00	00	
84	3f	75	3f	7e	3f	00	00	00	00	
00	00	00	00	00	10	00	01	00	00	
a2	00	00	00	03	00	80	3f	95	ff	
84	3f	00	00	00	00	4f	8c	02	00	
27	01	cc	00	14	00	1d	00	1a	00	
17	00	0c	00	12	00	0c	00	15	00	
17	00	00	00	00	00	00	00	00	00	
f9	03	00	00	00	00	00	00	00	00	
cc	0c	00	00	00	00	00	5d	01	66	
01	2a	01	2e	00	e7	10	2c	10	b2	
10	a2	10	cb	10	d0	10	c2	c3	04	
00	f6	28	9c	be	b8	1e	05	3e	8f	
c2	15	bf	