08	1a	d1	76	00	c4	00	1d	1c	e5	
16	da	00	00	01	00	06	00	df	1c	
1d	00	4e	56	56	46	20	00	00	00	
00	00	00	00	00	00	00	00	00	00	
00	00	00	00	00	00	00	00	00	01	
b7	00	01	00	00	00	bf	00	30	00	
3b	00	06	00	00	00	1c	00	fd	01	
12	00	0c	00	12	00	00	00	00	00	
84	3f	84	3f	7e	3f	00	00	00	00	
00	00	00	00	00	10	00	01	00	00	
a2	00	00	00	03	00	80	3f	95	ff	
80	3f	00	00	00	00	47	de	01	00	
00	01	c0	00	14	00	1a	00	17	00	
17	00	0f	00	12	00	0c	00	18	00	
14	00	00	00	00	00	00	00	00	00	
f9	03	00	00	00	00	00	00	00	00	
cc	0c	00	00	00	00	00	0e	00	1b	
00	f0	00	f3	00	fc	19	16	19	88	
19	54	19	99	19	8a	19	8a	9b	04	
00	48	e1	3a	be	99	99	19	3e	ae	
47	01	bf	