08	1a	c7	c3	00	c4	00	28	46	dd	
16	ea	00	00	0a	00	06	00	d7	46	
28	00	11	15	4f	40	06	00	00	00	
00	00	00	00	00	00	00	00	00	00	
00	00	00	00	00	00	00	00	00	01	
bb	00	00	01	00	00	e1	00	33	00	
3b	00	06	00	91	00	1c	00	08	02	
15	00	0c	00	15	00	00	00	00	00	
28	3f	28	3f	22	3f	00	00	00	00	
00	00	00	00	00	10	00	01	00	00	
a2	00	00	00	03	00	24	3f	95	ff	
2e	3f	00	00	00	00	c6	66	01	00	
fd	ff	55	01	17	00	e2	00	1d	00	
1a	00	12	00	15	00	0f	00	18	00	
1a	00	00	00	f5	2e	00	00	00	00	
46	04	00	00	00	00	00	00	00	00	
cc	0c	01	00	00	00	00	09	00	12	
00	0f	00	14	00	10	00	13	00	f9	
01	f8	01	06	01	13	01	3d	23	04	
00	28	5c	4f	be	c2	f5	28	3e	66	
66	86	3e	