08	1a	f1	36	00	c4	00	1e	5a	65	
16	e0	00	00	05	00	06	00	5f	5a	
1e	00	16	a2	43	44	00	00	00	00	
00	00	00	00	00	00	00	00	00	00	
00	00	00	00	00	00	00	00	00	01	
b8	00	00	01	00	00	d5	00	33	00	
3b	00	09	00	00	00	1c	00	fd	01	
12	00	0c	00	12	00	00	00	00	00	
84	3f	75	3f	7e	3f	00	00	00	00	
00	00	00	00	00	10	00	01	00	00	
a2	00	00	00	03	00	80	3f	a0	ff	
80	3f	00	00	00	00	5a	a2	02	00	
fb	00	c1	00	17	00	1a	00	17	00	
17	00	0f	00	15	00	0f	00	15	00	
14	00	00	00	00	00	00	00	00	00	
f9	03	00	00	00	00	00	00	00	00	
cc	0c	00	00	00	00	00	4d	00	58	
00	41	02	48	00	0b	16	30	16	c4	
16	ca	16	ca	16	cb	16	d9	e4	04	
00	8f	c2	f5	bd	3d	0a	57	3e	c3	
f5	c8	3e	