08	1a	e4	2f	00	c4	00	3c	c2	33	
2d	69	00	00	0a	00	07	00	2d	c2	
3c	00	2f	3f	cb	58	30	00	00	00	
00	00	00	00	00	00	00	00	00	00	
00	00	00	00	00	00	00	00	00	01	
bc	00	01	00	00	00	d9	00	36	00	
3b	00	06	00	00	00	1f	00	14	02	
15	00	0c	00	12	00	00	00	00	00	
47	3f	38	3f	41	3f	00	00	00	00	
00	00	00	00	00	10	00	01	00	00	
a3	00	00	00	03	00	43	3f	94	ff	
40	3f	00	00	00	00	d8	8b	02	00	
3a	01	c9	00	14	00	1d	00	1a	00	
17	00	0f	00	15	00	0f	00	15	00	
17	00	00	00	00	00	00	00	00	00	
46	04	00	00	00	00	00	00	00	00	
ca	0c	00	00	00	00	00	4e	00	59	
00	5c	00	5b	00	0e	41	0c	41	de	
41	d5	41	d5	39	be	39	a8	fe	0c	
03	f5	28	dc	bd	99	99	59	3e	b8	
1e	85	bd	