08	1a	f1	3b	00	c4	00	1e	5a	97	
16	d9	00	00	05	00	06	00	91	5a	
1e	00	af	31	43	44	03	00	00	00	
00	00	00	00	00	00	00	00	00	00	
00	00	00	00	00	00	00	00	00	01	
b8	00	00	01	00	00	d7	00	33	00	
38	00	06	00	00	00	19	00	fd	01	
12	00	09	00	12	00	00	00	00	00	
84	3f	84	3f	7e	3f	00	00	00	00	
00	00	00	00	00	10	00	01	00	00	
a2	00	00	00	03	00	80	3f	95	ff	
83	3f	00	00	00	00	28	a2	02	00	
11	01	cb	00	14	00	1a	00	1a	00	
14	00	0c	00	15	00	0f	00	15	00	
14	00	00	00	00	00	00	00	00	00	
f9	03	00	00	00	00	00	00	00	00	
cc	0c	00	00	00	00	00	54	00	5c	
01	fd	01	03	00	fd	10	21	10	88	
10	4f	10	b0	10	b4	10	98	a7	04	
00	a4	70	bd	bd	3d	0a	57	3e	b8	
1e	c5	3e	