08	1a	d1	88	00	c4	00	1d	1d	99	
16	e4	00	00	01	00	06	00	93	1d	
1d	00	e0	23	51	44	29	00	00	00	
00	00	00	00	00	00	00	00	00	00	
00	00	00	00	00	00	00	00	00	01	
b7	00	01	00	00	00	c6	00	33	00	
3b	00	09	00	00	00	1c	00	fa	01	
12	00	0c	00	12	00	00	00	00	00	
84	3f	84	3f	7e	3f	00	00	00	00	
00	00	00	00	00	10	00	01	00	00	
a2	00	00	00	03	00	80	3f	95	ff	
83	3f	00	00	00	00	89	dd	01	00	
13	01	c1	00	17	00	1d	00	1a	00	
17	00	0f	00	15	00	0f	00	15	00	
14	00	00	00	00	00	00	00	00	00	
f9	03	00	00	00	00	00	00	00	00	
cc	0c	00	00	00	00	00	2e	00	3a	
00	0d	01	0d	00	be	24	22	24	7c	
24	66	24	58	24	5f	24	7b	ac	04	
00	1f	85	8b	be	5c	8f	c2	bd	99	
99	09	bf	