48	59	56	52	49	44	00	00	00	00	
00	00	fe	ff	07	00	2b	46	0f	00	
88	88	20	76	04	1a	20	76	04	1a	
ff	88	00	00	ba	d5	52	01	01	00	
01	01	01	01	40	01	3d	01	01	00	
00	00	0f	02	00	00	f9	10	00	00	
01	00	03	00	00	00	00	00	00	00	
00	00	00	00	00	00	00	00	db	3e	
df	3e	1d	01	1f	01	01	01	01	01	
01	01	01	01	02	00	00	00	ca	3b	
2d	00	fe	ff	c8	00	db	3e	00	00	
00	00	00	00	0e	00	00	00	01	00	
00	00	0e	00	00	00	88	13	88	13	
88	13	48	0d	48	0d	48	0d	09	00	
10	00	0e	00	0c	00	78	01	83	01	
d7	01	fe	04	00	00	00	00	00	00	
00	00	00	00	00	00	00	00	00	00	
00	00	00	00	00	00	00	00	00	00	
04	00	e2	00	00	00	00	cf	00	00	
00	