08	1a	e2	1c	00	c4	00	1d	c3	61	
16	d9	00	00	04	00	06	00	5b	c3	
1d	00	28	3b	47	44	73	00	00	00	
00	00	00	00	00	00	00	00	00	00	
00	00	00	00	00	00	00	00	00	01	
b8	00	00	01	00	00	e9	00	33	00	
3b	00	06	00	00	00	1c	00	fa	01	
12	00	0c	00	12	00	00	00	00	00	
28	3f	38	3f	32	3f	00	00	00	00	
00	00	00	00	00	10	00	01	00	00	
a2	00	00	00	03	00	34	3f	94	ff	
33	3f	00	00	00	00	40	a2	02	00	
fd	ff	c4	00	17	00	1a	00	1a	00	
17	00	0f	00	15	00	0c	00	15	00	
14	00	00	00	00	00	00	00	00	00	
46	04	00	00	00	00	00	00	00	00	
cc	0c	00	00	00	00	00	09	00	12	
00	0f	00	13	00	10	00	13	01	f9	
01	06	01	06	01	21	01	3d	31	04	
00	e1	7a	14	3e	ae	47	a1	3e	85	
eb	91	3e	