08	1a	ca	23	00	c4	00	28	5e	9d	
16	d9	00	00	0a	00	06	00	97	5e	
28	00	2e	23	50	42	36	00	00	00	
00	00	00	00	00	00	00	00	00	00	
00	00	00	00	00	00	00	00	00	01	
bb	00	00	01	00	00	eb	00	36	00	
3b	00	06	00	00	00	1c	00	05	02	
12	00	0c	00	12	00	00	00	00	00	
eb	3e	fa	3e	f4	3e	00	00	00	00	
00	00	00	00	00	10	00	01	00	00	
a2	00	00	00	03	00	f7	3e	94	ff	
f9	3e	00	00	00	00	f5	a2	02	00	
fe	ff	c7	00	14	00	1d	00	1a	00	
17	00	0c	00	15	00	0c	00	15	00	
14	00	00	00	00	00	00	00	00	00	
46	04	00	00	00	00	00	00	00	00	
cc	0c	00	00	00	00	00	09	00	12	
00	0f	00	14	00	10	01	13	01	07	
00	06	01	f8	01	06	01	3d	31	04	
00	8f	c2	f5	3d	5c	8f	42	3d	5c	
8f	c2	3e	