08	1a	e1	fa	00	c4	00	1d	c2	0d	
16	da	00	00	02	00	06	00	07	c2	
1d	00	f1	2c	41	46	62	00	00	00	
00	00	00	00	00	00	00	00	00	00	
00	00	00	00	00	00	00	00	00	01	
b8	00	00	01	00	00	ed	00	36	00	
3b	00	06	00	03	00	1c	00	fa	01	
12	00	09	00	12	00	00	00	00	00	
37	3f	47	3f	32	3f	00	00	00	00	
00	00	00	00	00	10	00	01	00	00	
a2	00	00	00	03	00	43	3f	95	ff	
43	3f	00	00	00	00	af	a2	02	00	
fd	ff	c3	00	14	00	1d	00	17	00	
14	00	0f	00	12	00	0c	00	15	00	
14	00	00	00	00	00	00	00	00	00	
46	04	00	00	00	00	00	00	00	00	
cc	0c	00	00	00	00	00	09	00	12	
00	0f	00	13	00	0f	01	13	01	15	
01	14	01	30	01	3d	01	58	31	04	
00	14	ae	07	be	cc	cc	4c	3e	85	
eb	f1	3e	