08	1a	cf	4a	00	c4	00	1d	07	2d	
16	d8	00	00	01	00	06	00	27	07	
1d	00	b3	8a	48	44	0a	00	00	00	
00	00	00	00	00	00	00	00	00	00	
00	00	00	00	00	00	00	00	00	01	
b7	00	01	00	00	00	c4	00	33	00	
3b	00	06	00	00	00	1c	00	08	02	
12	00	09	00	12	00	00	00	00	00	
84	3f	75	3f	7e	3f	00	00	00	00	
00	00	00	00	00	10	00	01	00	00	
a2	00	00	00	03	00	80	3f	94	ff	
81	3f	00	00	00	00	e4	f3	01	00	
0e	01	c2	00	14	00	1d	00	17	00	
14	00	0c	00	12	00	0f	00	15	00	
14	00	00	00	00	00	00	00	00	00	
f9	03	00	00	00	00	00	00	00	00	
cc	0c	00	00	00	00	00	0c	00	18	
01	fe	00	03	01	2b	13	d8	13	92	
13	7f	13	9a	13	9d	13	9d	b1	04	
00	3d	0a	f7	3e	b8	1e	05	be	a4	
70	3d	be	