48	59	56	52	49	44	00	00	00	00	
00	00	fe	ff	ff	ff	eb	4b	0f	00	
88	88	20	76	04	1a	20	76	04	1a	
ff	74	00	00	bb	b1	52	01	01	00	
01	01	01	01	47	01	45	01	01	00	
00	00	0f	02	00	00	5c	26	00	00	
01	00	03	00	00	00	00	00	00	00	
00	00	00	00	00	00	00	00	ad	3e	
b2	3e	25	01	27	01	01	01	01	01	
01	01	01	01	02	00	00	00	cb	26	
2d	00	fe	ff	c4	00	ad	3e	00	00	
00	00	00	00	0e	00	00	00	01	00	
00	00	0e	00	00	00	88	13	88	13	
88	13	48	0d	48	0d	48	0d	09	00	
10	00	0e	00	0c	00	93	01	90	01	
e5	01	1a	05	00	00	00	00	00	00	
00	00	00	00	00	00	00	00	00	00	
00	00	00	00	00	00	20	00	f0	00	
04	00	e3	00	00	00	00	00	00	00	
00	