08	1a	d6	ff	00	c4	00	28	df	35	
17	14	00	00	0a	00	06	00	2f	df	
28	00	f2	87	55	46	a4	00	00	00	
00	00	00	00	00	00	00	00	00	00	
00	00	00	00	00	00	00	00	00	01	
bb	00	00	01	00	00	cc	00	36	00	
3e	00	09	00	12	00	1c	00	19	02	
12	00	09	00	15	00	00	00	00	00	
84	3f	84	3f	7e	3f	00	00	00	00	
00	00	00	00	00	10	00	01	00	00	
a2	00	00	00	03	00	80	3f	95	ff	
80	3f	00	00	00	00	44	22	02	00	
1b	01	d2	00	17	00	1d	00	1a	00	
17	00	0f	00	15	00	0f	00	18	00	
17	00	00	00	00	00	00	00	00	00	
f9	03	00	00	00	00	00	00	00	00	
cc	0c	00	00	00	00	00	18	01	21	
01	d4	00	d2	00	46	0f	fa	0f	f0	
10	e0	10	18	10	01	10	0e	1c	04	
00	99	99	19	3e	3d	0a	57	be	c2	
f5	28	be	