08	1a	db	ab	00	c4	00	2c	f0	bb	
16	ca	00	00	0a	00	06	00	b5	f0	
2c	00	41	43	49	42	b8	00	00	00	
00	00	00	00	00	00	00	00	00	00	
00	00	00	00	00	00	00	00	00	01	
bb	00	00	01	00	00	0c	01	36	00	
3b	00	06	00	03	00	1c	00	19	02	
12	00	0c	00	15	00	00	00	00	00	
56	3f	47	3f	41	3f	00	00	00	00	
00	00	00	00	00	10	00	01	00	00	
a2	00	00	00	03	00	43	3f	94	ff	
4d	3f	00	00	00	00	09	f4	01	00	
25	02	c9	00	14	00	1d	00	1a	00	
17	00	0f	00	15	00	0f	00	18	00	
17	00	00	00	00	00	00	00	00	00	
46	04	00	00	00	00	00	00	00	00	
ca	0c	00	00	01	00	01	32	00	3b	
00	0b	00	08	00	0e	42	0b	42	31	
3d	1b	3d	c8	3c	dc	3e	68	63	04	
00	7b	14	ae	bd	c3	f5	88	3e	d7	
a3	10	bf	