08	1a	e1	f4	00	c4	00	3c	ab	e5	
2f	59	00	00	0a	00	07	00	df	ab	
3c	00	0c	7e	d1	58	13	00	00	00	
00	00	00	00	00	00	00	00	00	00	
00	00	00	00	00	00	00	00	00	01	
bc	00	01	00	00	00	cb	00	36	00	
3b	00	06	00	00	00	1f	00	19	02	
12	00	09	00	12	00	00	00	00	00	
47	3f	47	3f	41	3f	00	00	00	00	
00	00	00	00	00	10	00	01	00	00	
a3	00	00	00	03	00	43	3f	94	ff	
48	3f	00	00	00	00	28	a2	02	00	
e0	00	cb	00	14	00	1d	00	1a	00	
14	00	0f	00	15	00	0f	00	18	00	
17	00	00	00	00	00	00	00	00	00	
f9	03	00	00	00	00	00	00	00	00	
cc	0c	00	00	00	00	00	3c	00	48	
00	43	00	3e	00	0e	41	0c	41	fa	
41	d5	41	e3	38	b0	3a	0b	ea	0c	
03	1f	85	eb	3d	eb	51	b8	bd	85	
eb	11	3e	