08	1a	d5	7f	00	c4	00	1f	c5	3f	
16	e2	00	00	0a	00	06	00	39	c5	
1f	00	01	92	44	3c	25	00	00	00	
00	00	00	00	00	00	00	00	00	00	
00	00	00	00	00	00	00	00	00	01	
b8	00	00	01	00	00	d8	00	33	00	
38	00	09	00	00	00	19	00	fd	01	
12	00	09	00	15	00	00	00	00	00	
84	3f	84	3f	7e	3f	00	00	00	00	
00	00	00	00	00	10	00	01	00	00	
a2	00	00	00	03	00	80	3f	94	ff	
84	3f	00	00	00	00	e2	a1	02	00	
14	01	c1	00	14	00	1a	00	17	00	
17	00	0c	00	12	00	0c	00	15	00	
14	00	00	00	00	00	00	00	00	00	
f9	03	00	00	00	00	00	00	00	00	
cc	0c	00	00	00	00	00	a7	00	b4	
00	0e	00	10	00	2c	20	fe	20	87	
12	91	12	f4	20	f7	20	c3	ed	04	
00	3d	0a	57	3d	99	99	59	3e	cd	
cc	8c	be	