08	1a	c3	fb	00	c4	00	1f	16	17	
16	dc	00	00	08	00	06	00	11	16	
1f	00	f4	b3	47	42	63	00	00	00	
00	00	00	00	00	00	00	00	00	00	
00	00	00	00	00	00	00	00	00	01	
b8	00	00	01	00	00	e0	00	36	00	
3b	00	06	00	03	00	19	00	f7	01	
12	00	09	00	12	00	00	00	00	00	
37	3f	38	3f	32	3f	00	00	00	00	
00	00	00	00	00	10	00	01	00	00	
a2	00	00	00	03	00	34	3f	94	ff	
38	3f	00	00	00	00	4d	fe	01	00	
fc	ff	c2	00	17	00	1d	00	17	00	
14	00	0c	00	12	00	0f	00	15	00	
14	00	00	00	00	00	00	00	00	00	
46	04	00	00	00	00	00	00	00	00	
cc	0c	00	00	00	00	00	09	00	12	
00	0f	00	14	00	10	01	13	01	07	
01	14	01	30	01	13	01	2f	3f	04	
00	eb	51	38	bd	8f	c2	f5	3d	d7	
a3	90	3e	