48	59	56	52	49	44	00	00	00	00	
00	00	fe	ff	07	00	3f	46	0f	00	
00	00	20	76	04	1a	20	76	04	1a	
ff	73	00	00	b9	a1	52	01	01	00	
01	01	01	01	3b	01	37	01	01	00	
00	00	0f	02	00	00	1a	0c	00	00	
01	00	03	00	00	00	00	00	00	00	
00	00	00	00	00	00	00	00	ea	3e	
f1	3e	1b	01	1d	01	01	01	01	01	
01	01	01	01	02	00	00	00	a9	40	
2d	00	fe	ff	c6	00	ea	3e	00	00	
00	00	00	00	0e	00	00	00	01	00	
00	00	0e	00	00	00	88	13	88	13	
88	13	48	0d	48	0d	48	0d	09	00	
10	00	0e	00	0c	00	86	01	75	01	
bb	01	fe	04	00	00	00	00	00	00	
00	00	00	00	00	00	00	00	00	00	
00	00	00	00	00	00	00	00	00	00	
00	00	00	00	00	00	00	cb	00	00	
00	