08	1a	d3	16	00	c4	00	1f	ad	25	
16	e8	00	00	0a	00	06	00	1f	ad	
1f	00	db	24	50	40	f0	00	00	00	
00	00	00	00	00	00	00	00	00	00	
00	00	00	00	00	00	00	00	00	01	
b8	00	00	01	00	00	cc	00	36	00	
3b	00	06	00	00	00	1c	00	fa	01	
12	00	09	00	12	00	00	00	00	00	
84	3f	84	3f	7e	3f	00	00	00	00	
00	00	00	00	00	10	00	01	00	00	
a2	00	00	00	03	00	80	3f	94	ff	
81	3f	00	00	00	00	d0	a2	02	00	
0f	01	cc	00	14	00	1a	00	17	00	
14	00	0c	00	12	00	0c	00	15	00	
14	00	00	00	00	00	00	00	00	00	
f9	03	00	00	00	00	00	00	00	00	
cc	0c	00	00	00	00	00	1b	01	25	
01	7e	00	81	01	32	0f	82	0f	d4	
10	b7	0f	0a	0f	f3	10	f3	00	04	
00	29	5c	8f	3d	e1	7a	94	3e	c2	
f5	68	3e	