08	1a	d2	aa	00	c4	00	3c	13	01	
2d	47	00	00	0a	00	07	00	fb	12	
3c	00	2b	d0	dd	5a	6e	00	00	00	
00	00	00	00	00	00	00	00	00	00	
00	00	00	00	00	00	00	00	00	01	
bc	00	01	00	00	00	e9	00	36	00	
3e	00	06	00	03	00	1c	00	36	02	
15	00	0c	00	15	00	00	00	00	00	
bd	3e	bd	3e	b7	3e	00	00	00	00	
00	00	00	00	00	10	00	01	00	00	
a3	00	00	00	03	00	b9	3e	8d	ff	
c4	3e	00	00	00	00	e1	a2	02	00	
fe	ff	d4	00	17	00	1d	00	1a	00	
17	00	0f	00	15	00	0f	00	18	00	
17	00	00	00	00	00	00	00	00	00	
46	04	00	00	00	00	00	00	00	00	
cc	0c	00	00	00	00	00	0a	00	13	
00	10	00	14	00	10	01	14	01	15	
00	22	01	f8	01	21	01	3d	31	0c	
03	33	33	b3	bd	cc	cc	4c	bc	8f	
c2	f5	bc	