08	1a	d2	a6	00	c4	00	3c	12	d9	
2d	64	00	00	0a	00	07	00	d3	12	
3c	00	ab	39	e5	5c	6c	00	00	00	
00	00	00	00	00	00	00	00	00	00	
00	00	00	00	00	00	00	00	00	01	
bc	00	01	00	00	00	e9	00	36	00	
3b	00	06	00	00	00	71	00	05	02	
12	00	0c	00	12	00	00	00	00	00	
bd	3e	bd	3e	b7	3e	00	00	00	00	
00	00	00	00	00	10	00	01	00	00	
a3	00	00	00	03	00	b9	3e	94	ff	
c1	3e	00	00	00	00	61	50	01	00	
fe	ff	1d	01	14	00	1d	00	1a	00	
14	00	0c	00	15	00	0f	00	18	00	
17	00	00	00	00	00	00	00	00	00	
46	04	00	00	00	00	00	00	00	00	
cc	0c	00	00	00	00	00	0a	00	13	
00	10	00	14	00	10	01	14	01	07	
01	14	01	06	01	21	01	3d	31	0c	
03	33	33	b3	bd	29	5c	8f	bc	ad	
47	e1	bc	