08	1a	c4	01	00	c4	00	1f	16	53	
16	da	00	00	08	00	06	00	4d	16	
1f	00	3e	62	4f	46	66	00	00	00	
00	00	00	00	00	00	00	00	00	00	
00	00	00	00	00	00	00	00	00	01	
b8	00	00	01	00	00	df	00	33	00	
3b	00	06	00	00	00	1c	00	fa	01	
12	00	09	00	12	00	00	00	00	00	
28	3f	38	3f	32	3f	00	00	00	00	
00	00	00	00	00	10	00	01	00	00	
a2	00	00	00	03	00	34	3f	8d	ff	
33	3f	00	00	00	00	11	fe	01	00	
fd	ff	c8	00	14	00	1d	00	1a	00	
14	00	0c	00	15	00	0c	00	15	00	
17	00	00	00	00	00	00	00	00	00	
46	04	00	00	00	00	00	00	00	00	
cc	0c	00	00	00	00	00	09	00	12	
00	0f	00	13	00	10	01	13	01	07	
01	06	01	06	01	13	01	2f	31	04	
00	8f	c2	f5	bc	52	b8	1e	3e	46	
e1	7a	3e	