08	1a	d2	e8	00	c4	00	3c	15	6d	
2d	56	00	00	0a	00	07	00	67	15	
3c	00	8f	05	e0	56	8d	00	00	00	
00	00	00	00	00	00	00	00	00	00	
00	00	00	00	00	00	00	00	00	01	
bc	00	01	00	00	00	d9	00	36	00	
3b	00	06	00	00	00	1f	00	05	02	
12	00	09	00	12	00	00	00	00	00	
9e	3e	9e	3e	99	3e	00	00	00	00	
00	00	00	00	00	10	00	01	00	00	
a3	00	00	00	03	00	9b	3e	95	ff	
a2	3e	00	00	00	00	75	a0	02	00	
fd	ff	c9	00	17	00	1d	00	1a	00	
17	00	0f	00	15	00	0f	00	18	00	
17	00	00	00	00	00	00	00	00	00	
46	04	00	00	00	00	00	00	00	00	
cc	0c	00	00	00	00	00	09	00	12	
00	10	00	14	00	10	00	13	00	eb	
00	f8	01	f8	01	06	01	2f	15	0c	
03	14	ae	07	be	29	5c	8f	bd	eb	
51	38	bd	