08	1a	f1	51	00	c4	00	1e	5b	73	
18	ed	00	00	06	00	06	00	6d	5b	
1e	00	de	c8	3c	42	0e	00	00	00	
00	00	00	00	00	00	00	00	00	00	
00	00	00	00	00	00	00	00	00	01	
b8	00	00	01	00	00	db	00	33	00	
3b	00	06	00	03	00	1c	00	f7	01	
12	00	09	00	12	00	00	00	00	00	
84	3f	84	3f	7e	3f	00	00	00	00	
00	00	00	00	00	10	00	01	00	00	
a2	00	00	00	03	00	80	3f	94	ff	
85	3f	00	00	00	00	4c	a1	02	00	
1a	01	ca	00	14	00	1a	00	17	00	
14	00	0c	00	12	00	0c	00	15	00	
14	00	00	00	00	00	00	00	00	00	
46	04	00	00	00	00	00	00	00	00	
cc	0c	00	00	00	00	00	0f	02	19	
02	30	00	2e	00	33	10	58	10	7b	
10	4f	10	78	10	61	10	7d	70	04	
00	eb	51	b8	3c	8f	c2	95	3e	0a	
d7	83	3e	