08	1a	c7	dd	00	c4	00	28	47	e1	
16	ca	00	00	0a	00	06	00	db	47	
28	00	d5	88	4f	40	13	00	00	00	
00	00	00	00	00	00	00	00	00	00	
00	00	00	00	00	00	00	00	00	01	
bb	00	00	01	00	00	e0	00	36	00	
3b	00	06	00	a3	00	1c	00	14	02	
15	00	0c	00	12	00	00	00	00	00	
09	3f	0a	3f	04	3f	00	00	00	00	
00	00	00	00	00	10	00	01	00	00	
a2	00	00	00	03	00	06	3f	95	ff	
0f	3f	00	00	00	00	ae	65	01	00	
fd	ff	6b	01	17	00	d9	00	1a	00	
17	00	0f	00	15	00	0f	00	18	00	
17	00	00	00	04	2f	00	00	00	00	
46	04	00	00	00	00	00	00	00	00	
cc	0c	01	00	00	00	00	09	00	12	
00	0f	00	14	00	10	01	13	01	07	
01	06	00	06	01	f8	01	2f	23	04	
00	eb	51	38	3d	14	ae	07	3e	eb	
51	d8	3e	