08	1a	d5	66	00	c4	00	1f	c4	45	
16	c9	00	00	0a	00	06	00	3f	c4	
1f	00	27	87	4f	40	18	00	00	00	
00	00	00	00	00	00	00	00	00	00	
00	00	00	00	00	00	00	00	00	01	
b8	00	00	01	00	00	d1	00	33	00	
38	00	06	00	00	00	1c	00	fa	01	
15	00	09	00	12	00	00	00	00	00	
84	3f	84	3f	7e	3f	00	00	00	00	
00	00	00	00	00	10	00	01	00	00	
a2	00	00	00	03	00	80	3f	95	ff	
83	3f	00	00	00	00	e6	a2	02	00	
16	01	c1	00	17	00	1a	00	1a	00	
14	00	0f	00	15	00	0c	00	15	00	
14	00	00	00	00	00	00	00	00	00	
f9	03	00	00	00	00	00	00	00	00	
cc	0c	00	00	00	00	00	2c	00	38	
00	af	00	ad	00	99	26	0f	26	38	
26	21	26	4a	26	34	26	50	4c	04	
00	b8	1e	85	3e	52	b8	1e	3e	f5	
28	dc	bd	