08	1a	d9	47	00	c4	00	28	f6	05	
16	d9	00	00	0a	00	06	00	ff	f5	
28	00	97	b8	44	44	c8	00	00	00	
00	00	00	00	00	00	00	00	00	00	
00	00	00	00	00	00	00	00	00	01	
bb	00	00	01	00	00	cd	00	36	00	
3b	00	06	00	00	00	1c	00	17	02	
12	00	09	00	12	00	00	00	00	00	
84	3f	84	3f	7e	3f	00	00	00	00	
00	00	00	00	00	10	00	01	00	00	
a2	00	00	00	03	00	80	3f	94	ff	
80	3f	00	00	00	00	71	0b	02	00	
02	01	d0	00	17	00	1d	00	1a	00	
17	00	0f	00	15	00	0c	00	18	00	
17	00	00	00	00	00	00	00	00	00	
f9	03	00	00	00	00	00	00	00	00	
cc	0c	00	00	00	00	00	24	01	2d	
01	dd	01	e0	00	1e	0e	40	0d	42	
0e	c5	0e	6b	0d	55	0e	f4	1a	04	
00	1f	85	6b	be	99	99	59	be	48	
e1	da	be	