08	1a	db	a3	00	c4	00	2c	f0	6b	
16	db	00	00	0a	00	06	00	65	f0	
2c	00	91	14	47	46	b4	00	00	00	
00	00	00	00	00	00	00	00	00	00	
00	00	00	00	00	00	00	00	00	01	
bb	00	00	01	00	00	10	01	36	00	
3b	00	06	00	a0	00	1c	00	19	02	
12	00	09	00	12	00	00	00	00	00	
19	3f	0a	3f	13	3f	00	00	00	00	
00	00	00	00	00	10	00	01	00	00	
a2	00	00	00	03	00	15	3f	95	ff	
1b	3f	00	00	00	00	4f	f4	01	00	
c5	00	6a	01	14	00	dc	00	1a	00	
17	00	0f	00	15	00	0c	00	15	00	
17	00	00	00	f5	2e	00	00	00	00	
46	04	00	00	00	00	00	00	00	00	
cc	0c	01	00	00	00	00	45	00	4f	
00	2a	00	27	00	0e	41	0c	41	a6	
41	9e	41	90	3e	6b	3d	3d	92	04	
00	00	00	00	3e	a3	70	9d	3e	7b	
14	0e	bf	