08	1a	d5	68	00	c4	00	1f	c4	59	
16	9b	00	00	0a	00	06	00	53	c4	
1f	00	3b	88	42	44	19	00	00	00	
00	00	00	00	00	00	00	00	00	00	
00	00	00	00	00	00	00	00	00	01	
b8	00	00	01	00	00	d1	00	33	00	
3b	00	09	00	00	00	1c	00	fd	01	
12	00	09	00	12	00	00	00	00	00	
84	3f	84	3f	7e	3f	00	00	00	00	
00	00	00	00	00	10	00	01	00	00	
a2	00	00	00	03	00	80	3f	94	ff	
84	3f	00	00	00	00	c8	a2	02	00	
18	01	c2	00	17	00	1d	00	1a	00	
17	00	0c	00	12	00	0f	00	15	00	
17	00	00	00	00	00	00	00	00	00	
f9	03	00	00	00	00	00	00	00	00	
ce	0c	00	00	00	00	00	2b	00	35	
00	7d	00	77	00	86	2e	0e	2e	67	
2e	80	2e	8e	2e	81	2e	8f	b5	04	
00	ae	47	81	3e	0a	d7	23	3e	46	
e1	fa	bd	