08	1a	db	a5	00	c4	00	2c	f0	7f	
16	d9	00	00	0a	00	06	00	79	f0	
2c	00	e5	92	4f	44	b5	00	00	00	
00	00	00	00	00	00	00	00	00	00	
00	00	00	00	00	00	00	00	00	01	
bb	00	00	01	00	00	11	01	36	00	
3b	00	06	00	a0	00	1c	00	08	02	
12	00	09	00	12	00	00	00	00	00	
09	3f	0a	3f	04	3f	00	00	00	00	
00	00	00	00	00	10	00	01	00	00	
a2	00	00	00	03	00	06	3f	95	ff	
0f	3f	00	00	00	00	3b	f4	01	00	
98	00	66	01	14	00	df	00	1a	00	
17	00	0c	00	12	00	0c	00	15	00	
17	00	00	00	f5	2e	00	00	00	00	
46	04	00	00	00	00	00	00	00	00	
ca	0c	01	00	00	00	00	50	00	5c	
00	0e	00	10	00	0e	41	0b	41	c2	
12	ac	12	d9	3d	ea	3d	cf	e6	04	
00	71	3d	8a	3d	f6	28	9c	3e	85	
eb	11	bf	