08	1a	e2	06	00	c4	00	3c	ac	99	
2d	76	00	00	0a	00	07	00	93	ac	
3c	00	1d	72	d8	52	1c	00	00	00	
00	00	00	00	00	00	00	00	00	00	
00	00	00	00	00	00	00	00	00	01	
bc	00	01	00	00	00	d5	00	36	00	
38	00	06	00	00	00	1f	00	05	02	
12	00	0c	00	12	00	00	00	00	00	
37	3f	38	3f	41	3f	00	00	00	00	
00	00	00	00	00	10	00	01	00	00	
a3	00	00	00	03	00	43	3f	94	ff	
40	3f	00	00	00	00	74	a1	02	00	
ac	00	c8	00	17	00	1d	00	1a	00	
17	00	0f	00	15	00	0f	00	18	00	
17	00	00	00	00	00	00	00	00	00	
46	04	00	00	00	00	00	00	00	00	
cc	0c	00	00	00	00	00	30	00	3d	
00	34	00	30	00	0e	41	0c	41	ec	
41	c8	41	c8	37	94	38	04	87	0c	
03	c2	f5	a8	3d	52	b8	9e	bd	3d	
0a	d7	3d	