08	1a	f7	6a	00	c4	00	21	18	6d	
16	d8	00	00	0a	00	06	00	67	18	
21	00	35	f4	4f	42	1a	00	00	00	
00	00	00	00	00	00	00	00	00	00	
00	00	00	00	00	00	00	00	00	01	
b9	00	00	01	00	00	db	00	33	00	
3b	00	06	00	03	00	1c	00	f7	01	
15	00	09	00	12	00	00	00	00	00	
84	3f	84	3f	7e	3f	00	00	00	00	
00	00	00	00	00	10	00	01	00	00	
a2	00	00	00	03	00	80	3f	95	ff	
84	3f	00	00	00	00	2d	8b	02	00	
1a	01	cc	00	14	00	1a	00	1a	00	
17	00	0c	00	12	00	0f	00	15	00	
14	00	00	00	00	00	00	00	00	00	
46	04	00	00	00	00	00	00	00	00	
cc	0c	00	00	01	00	01	c2	00	ca	
00	34	00	36	01	30	0f	16	0f	aa	
0f	9b	0f	a9	0f	a0	0f	ca	e5	04	
00	8f	c2	f5	3c	52	b8	1e	be	8f	
c2	f5	be	