08	1a	d2	d9	00	c4	00	3c	14	d7	
31	5b	00	00	0a	00	07	00	d1	14	
3c	00	7a	3f	c9	5e	85	00	00	00	
00	00	00	00	00	00	00	00	00	00	
00	00	00	00	00	00	00	00	00	01	
bc	00	01	00	00	00	de	00	36	00	
3b	00	06	00	03	00	22	00	17	02	
12	00	09	00	12	00	00	00	00	00	
9e	3e	ae	3e	a8	3e	00	00	00	00	
00	00	00	00	00	10	00	01	00	00	
a3	00	00	00	03	00	aa	3e	94	ff	
aa	3e	00	00	00	00	0b	a1	02	00	
fd	ff	cd	00	17	00	1d	00	1a	00	
17	00	0f	00	15	00	0f	00	15	00	
17	00	00	00	00	00	00	00	00	00	
46	04	00	00	00	00	00	00	00	00	
ce	0c	00	00	00	00	00	09	00	12	
00	10	00	14	00	10	01	13	01	15	
00	06	00	f8	01	f8	01	2f	23	0c	
03	ad	47	e1	bd	5c	8f	42	bd	99	
99	19	bd	