08	1a	c0	19	00	c4	00	3b	59	57	
2d	6c	00	00	0a	00	07	00	51	59	
3b	00	44	a2	d0	58	25	00	00	00	
00	00	00	00	00	00	00	00	00	00	
00	00	00	00	00	00	00	00	00	01	
bc	00	01	00	00	00	e7	00	39	00	
3b	00	06	00	09	00	6a	01	19	02	
31	03	0c	00	12	00	00	00	00	00	
19	3f	0a	3f	04	3f	00	00	00	00	
00	00	00	00	00	10	00	01	00	00	
a3	00	00	00	03	00	06	3f	9b	ff	
1e	3f	00	00	00	00	fa	09	02	00	
67	00	28	03	11	00	1d	00	1a	00	
17	00	0f	00	15	00	0f	00	15	00	
14	00	ba	13	00	00	00	00	00	00	
46	04	00	00	00	00	00	00	00	00	
cc	0c	00	00	00	00	00	27	00	31	
00	1c	00	17	00	0e	41	0d	41	a6	
41	90	41	82	3c	6b	36	5a	77	7f	
0d	29	5c	8f	3f	f5	28	98	40	33	
33	b3	3d	