08	1a	f1	30	00	c4	00	1e	5a	29	
16	d9	00	00	05	00	06	00	23	5a	
1e	00	52	b6	48	44	fd	00	00	00	
00	00	00	00	00	00	00	00	00	00	
00	00	00	00	00	00	00	00	00	01	
b8	00	00	01	00	00	d4	00	33	00	
3b	00	06	00	00	00	1c	00	fa	01	
15	00	09	00	12	00	00	00	00	00	
84	3f	84	3f	7e	3f	00	00	00	00	
00	00	00	00	00	10	00	01	00	00	
a2	00	00	00	03	00	80	3f	95	ff	
81	3f	00	00	00	00	96	a2	02	00	
ff	00	c2	00	14	00	1a	00	17	00	
17	00	0c	00	15	00	0f	00	15	00	
14	00	00	00	00	00	00	00	00	00	
f9	03	00	00	00	00	00	00	00	00	
cc	0c	00	00	00	00	00	65	00	6e	
00	0e	01	0e	00	d7	1a	36	1a	2f	
1a	23	1a	23	1a	30	1a	4c	5d	04	
00	d7	a3	30	be	b8	1e	45	3e	ad	
47	c1	3e	