08	1a	d3	0f	00	c4	00	1f	ac	df	
16	c9	00	00	08	00	06	00	d9	ac	
1f	00	ed	cc	4e	40	ed	00	00	00	
00	00	00	00	00	00	00	00	00	00	
00	00	00	00	00	00	00	00	00	01	
b8	00	00	01	00	00	ca	00	33	00	
38	00	06	00	03	00	1c	00	fa	01	
12	00	09	00	09	00	00	00	00	00	
84	3f	84	3f	7e	3f	00	00	00	00	
00	00	00	00	00	10	00	01	00	00	
a2	00	00	00	03	00	80	3f	95	ff	
83	3f	00	00	00	00	73	67	01	00	
0c	01	cb	00	17	00	1a	00	17	00	
17	00	0f	00	12	00	0f	00	15	00	
14	00	00	00	00	00	00	00	00	00	
f9	03	00	00	00	00	00	00	00	00	
cc	0c	00	00	00	00	00	1d	01	27	
01	e2	00	e2	01	35	0e	17	0e	e8	
0f	cc	0e	11	0e	ed	0f	fb	14	04	
00	8f	c2	f5	3c	85	eb	91	3e	d7	
a3	90	3e	