08	1a	c3	fd	00	c4	00	1f	16	2b	
16	d9	00	00	08	00	06	00	25	16	
1f	00	ee	8f	41	42	64	00	00	00	
00	00	00	00	00	00	00	00	00	00	
00	00	00	00	00	00	00	00	00	01	
b8	00	00	01	00	00	e0	00	36	00	
3b	00	09	00	03	00	1c	00	f7	01	
12	00	09	00	12	00	00	00	00	00	
28	3f	38	3f	32	3f	00	00	00	00	
00	00	00	00	00	10	00	01	00	00	
a2	00	00	00	03	00	34	3f	95	ff	
37	3f	00	00	00	00	42	fe	01	00	
fd	ff	c3	00	14	00	1d	00	1a	00	
17	00	0c	00	12	00	0f	00	15	00	
14	00	00	00	00	00	00	00	00	00	
46	04	00	00	00	00	00	00	00	00	
ce	0c	00	00	00	00	00	09	00	12	
00	0f	00	13	00	0f	00	13	00	f9	
01	f8	01	06	01	21	01	2f	23	04	
00	7b	14	2e	bd	b8	1e	05	3e	1f	
85	8b	3e	