08	1a	e2	12	00	c4	00	3c	ad	11	
2d	61	00	00	0a	00	07	00	0b	ad	
3c	00	44	05	e2	5c	22	00	00	00	
00	00	00	00	00	00	00	00	00	00	
00	00	00	00	00	00	00	00	00	01	
bc	00	01	00	00	00	da	00	36	00	
3b	00	06	00	00	00	1f	00	17	02	
12	00	0c	00	12	00	00	00	00	00	
37	3f	38	3f	32	3f	00	00	00	00	
00	00	00	00	00	10	00	01	00	00	
a3	00	00	00	03	00	34	3f	94	ff	
37	3f	00	00	00	00	fc	a0	02	00	
76	00	cc	00	17	00	1d	00	1a	00	
17	00	0f	00	12	00	0c	00	15	00	
17	00	00	00	00	00	00	00	00	00	
46	04	00	00	00	00	00	00	00	00	
cc	0c	00	00	00	00	00	22	00	2f	
00	26	00	23	00	0e	41	0d	41	c2	
41	ac	41	ac	37	94	37	04	7f	0c	
03	71	3d	8a	3d	1f	85	6b	bd	7b	
14	ae	3d	