08	1a	f7	5f	00	c4	00	21	17	ff	
16	f1	00	00	0a	00	06	00	f9	17	
21	00	59	e9	49	3c	15	00	00	00	
00	00	00	00	00	00	00	00	00	00	
00	00	00	00	00	00	00	00	00	01	
b9	00	00	01	00	00	d8	00	33	00	
3b	00	06	00	09	00	1c	00	fd	01	
12	00	09	00	12	00	00	00	00	00	
84	3f	75	3f	7e	3f	00	00	00	00	
00	00	00	00	00	10	00	01	00	00	
a2	00	00	00	03	00	80	3f	94	ff	
83	3f	00	00	00	00	a5	8b	02	00	
13	01	cb	00	14	00	1a	00	1a	00	
14	00	0f	00	12	00	0c	00	15	00	
14	00	00	00	00	00	00	00	00	00	
46	04	00	00	00	00	00	00	00	00	
ce	0c	00	00	02	00	02	08	00	10	
00	35	00	37	00	a9	10	37	10	51	
10	33	10	41	10	2a	10	6f	70	04	
00	cc	cc	4c	be	3d	0a	17	be	b8	
1e	05	bf	