08	1a	f5	11	00	c4	00	21	00	f3	
16	d9	00	00	0a	00	06	00	ed	00	
21	00	22	2e	4a	3c	ee	00	00	00	
00	00	00	00	00	00	00	00	00	00	
00	00	00	00	00	00	00	00	00	01	
b9	00	00	01	00	00	cc	00	33	00	
3b	00	06	00	00	00	19	00	08	02	
15	00	0c	00	15	00	00	00	00	00	
84	3f	84	3f	7e	3f	00	00	00	00	
00	00	00	00	00	10	00	01	00	00	
a2	00	00	00	03	00	80	3f	94	ff	
83	3f	00	00	00	00	a9	a2	02	00	
09	01	cb	00	17	00	1d	00	1a	00	
17	00	0f	00	12	00	0f	00	15	00	
14	00	00	00	00	00	00	00	00	00	
f9	03	00	00	00	00	00	00	00	00	
cc	0c	00	00	00	00	00	1f	01	29	
01	42	01	46	00	19	12	43	12	8a	
12	86	12	af	12	b2	12	c0	a9	04	
00	cc	cc	cc	3d	5c	8f	82	3e	28	
5c	cf	be	