08	1a	d2	ba	00	c4	00	3c	13	a1	
2d	7e	00	00	0a	00	07	00	9b	13	
3c	00	08	80	e0	52	76	00	00	00	
00	00	00	00	00	00	00	00	00	00	
00	00	00	00	00	00	00	00	00	01	
bc	00	01	00	00	00	e6	00	36	00	
3b	00	06	00	00	00	1f	00	05	02	
12	00	0c	00	12	00	00	00	00	00	
ae	3e	bd	3e	b7	3e	00	00	00	00	
00	00	00	00	00	10	00	01	00	00	
a3	00	00	00	03	00	b9	3e	95	ff	
bf	3e	00	00	00	00	54	a2	02	00	
fd	ff	ca	00	17	00	1d	00	1a	00	
17	00	0f	00	12	00	0f	00	18	00	
17	00	00	00	00	00	00	00	00	00	
46	04	00	00	00	00	00	00	00	00	
cc	0c	00	00	00	00	00	09	00	13	
00	10	00	14	00	10	01	14	01	07	
01	06	01	06	01	21	01	3d	31	0c	
03	eb	51	b8	bd	cc	cc	cc	bc	8f	
c2	f5	bc	