08	1a	c0	18	00	c4	00	1c	6f	39	
16	df	00	00	00	00	06	00	33	6f	
1c	00	41	e9	55	44	71	00	00	00	
00	00	00	00	00	00	00	00	00	00	
00	00	00	00	00	00	00	00	00	01	
b7	00	01	00	00	00	e4	00	33	00	
3b	00	09	00	00	00	1c	00	fa	01	
12	00	0c	00	12	00	00	00	00	00	
37	3f	38	3f	32	3f	00	00	00	00	
00	00	00	00	00	10	00	01	00	00	
a2	00	00	00	03	00	43	3f	95	ff	
3c	3f	00	00	00	00	f5	8b	02	00	
fd	ff	c3	00	14	00	1a	00	1a	00	
17	00	0c	00	12	00	0c	00	15	00	
14	00	00	00	00	00	00	00	00	00	
46	04	00	00	00	00	00	00	00	00	
cc	0c	00	00	00	00	00	09	00	12	
00	0f	00	13	00	0f	01	13	01	5a	
01	4b	01	06	01	21	01	3d	3f	04	
00	f5	28	dc	3d	ad	47	61	bd	8f	
c2	75	be	