08	1a	e2	02	00	c4	00	3c	ac	71	
31	74	00	00	0a	00	07	00	6b	ac	
3c	00	57	ca	d7	54	1a	00	00	00	
00	00	00	00	00	00	00	00	00	00	
00	00	00	00	00	00	00	00	00	01	
bc	00	01	00	00	00	d2	00	36	00	
3b	00	06	00	03	00	1f	00	17	02	
12	00	09	00	12	00	00	00	00	00	
47	3f	47	3f	41	3f	00	00	00	00	
00	00	00	00	00	10	00	01	00	00	
a3	00	00	00	03	00	43	3f	94	ff	
42	3f	00	00	00	00	9c	a1	02	00	
b3	00	ca	00	14	00	1d	00	1a	00	
17	00	0f	00	15	00	0f	00	18	00	
17	00	00	00	00	00	00	00	00	00	
46	04	00	00	00	00	00	00	00	00	
cc	0c	00	00	00	00	00	31	00	3f	
00	35	00	31	00	0e	41	0c	41	de	
41	c8	41	d5	36	a2	38	e9	be	0c	
03	7b	14	ae	3d	c2	f5	a8	bd	8f	
c2	f5	3d	