08	1a	f1	3e	00	c4	00	1e	5a	b5	
16	da	00	00	05	00	06	00	af	5a	
1e	00	67	37	44	44	04	00	00	00	
00	00	00	00	00	00	00	00	00	00	
00	00	00	00	00	00	00	00	00	01	
b8	00	00	01	00	00	d7	00	33	00	
3b	00	06	00	00	00	1c	00	fd	01	
12	00	09	00	12	00	00	00	00	00	
84	3f	84	3f	7e	3f	00	00	00	00	
00	00	00	00	00	10	00	01	00	00	
a2	00	00	00	03	00	80	3f	94	ff	
88	3f	00	00	00	00	0a	a2	02	00	
3f	01	cb	00	14	00	1d	00	17	00	
14	00	0f	00	12	00	0f	00	18	00	
14	00	00	00	00	00	00	00	00	00	
f9	03	00	00	00	00	00	00	00	00	
ce	0c	00	00	00	00	00	47	01	51	
01	56	01	5a	00	d3	12	1b	11	0d	
12	fc	12	33	12	29	12	29	1e	04	
00	99	99	99	bd	f5	28	5c	3e	00	
00	c0	3e	