08	1a	e5	df	00	c4	00	20	68	ff	
16	d7	00	00	0a	00	06	00	f9	68	
20	00	e8	20	43	44	55	00	00	00	
00	00	00	00	00	00	00	00	00	00	
00	00	00	00	00	00	00	00	00	01	
b9	00	00	01	00	00	f3	00	33	00	
38	00	06	00	00	00	1c	00	fa	01	
12	00	09	00	12	00	00	00	00	00	
37	3f	47	3f	41	3f	00	00	00	00	
00	00	00	00	00	10	00	01	00	00	
a2	00	00	00	03	00	43	3f	95	ff	
43	3f	00	00	00	00	0e	fe	01	00	
fe	ff	c3	00	14	00	1a	00	17	00	
14	00	0f	00	12	00	0c	00	15	00	
14	00	00	00	00	00	00	00	00	00	
46	04	00	00	00	00	00	00	00	00	
cc	0c	00	00	00	00	00	09	00	12	
00	0f	00	13	00	10	01	13	01	23	
01	14	01	14	01	13	01	4b	23	04	
00	8f	c2	95	be	7b	14	8e	be	a4	
70	bd	3d	