08	1a	c0	22	00	c4	00	3b	59	b1	
2d	7a	00	00	0a	00	07	00	ab	59	
3b	00	ae	3f	d3	52	2a	00	00	00	
00	00	00	00	00	00	00	00	00	00	
00	00	00	00	00	00	00	00	00	01	
bc	00	01	00	00	00	ea	00	39	00	
3b	00	06	00	0f	00	b6	01	14	02	
12	00	0c	00	12	00	00	00	00	00	
65	3f	56	3f	50	3f	00	00	00	00	
00	00	00	00	00	10	00	01	00	00	
a3	00	00	00	03	00	52	3f	94	ff	
69	3f	00	00	00	00	a0	09	02	00	
0a	03	6a	02	11	00	1a	00	1a	00	
17	00	0c	00	15	00	0f	00	18	00	
17	00	ba	13	00	00	00	00	00	00	
46	04	00	00	00	00	00	00	00	00	
cc	0c	00	00	00	00	00	ee	01	f7	
01	08	00	06	00	0e	42	0b	42	5b	
42	44	42	44	40	2c	41	12	5f	7f	
03	85	eb	41	3f	71	3d	84	40	8f	
c2	95	bf	