48	59	56	52	49	44	00	00	00	00	
00	00	fe	ff	ff	ff	b7	47	0f	00	
88	88	20	76	04	1a	20	76	04	1a	
ff	74	00	00	bb	b1	52	01	01	00	
01	01	01	01	47	01	44	01	01	00	
00	00	0f	02	00	00	01	22	00	00	
01	00	03	00	00	00	00	00	00	00	
00	00	00	00	00	00	00	00	ad	3e	
b6	3e	24	01	25	01	01	01	01	01	
01	01	01	01	02	00	00	00	c2	2a	
2d	00	fe	ff	c4	00	ad	3e	00	00	
00	00	00	00	0e	00	00	00	01	00	
00	00	0e	00	00	00	88	13	88	13	
88	13	48	0d	48	0d	48	0d	09	00	
10	00	0e	00	0c	00	86	01	90	01	
d7	01	f0	04	00	00	00	00	00	00	
00	00	00	00	00	00	00	00	00	00	
00	00	00	00	00	00	20	00	e0	00	
04	00	e3	00	00	00	00	00	00	00	
00	