08	1a	c4	0d	00	c4	00	1f	16	cb	
16	d9	00	00	08	00	06	00	c5	16	
1f	00	16	d7	42	44	6c	00	00	00	
00	00	00	00	00	00	00	00	00	00	
00	00	00	00	00	00	00	00	00	01	
b8	00	00	01	00	00	dd	00	36	00	
38	00	06	00	03	00	1c	00	14	02	
12	00	0c	00	12	00	00	00	00	00	
28	3f	28	3f	22	3f	00	00	00	00	
00	00	00	00	00	10	00	01	00	00	
a2	00	00	00	03	00	24	3f	8d	ff	
2e	3f	00	00	00	00	99	fd	01	00	
fd	ff	c8	00	14	00	1d	00	17	00	
17	00	0c	00	12	00	0c	00	15	00	
14	00	00	00	00	00	00	00	00	00	
46	04	00	00	00	00	00	00	00	00	
cc	0c	00	00	00	00	00	09	00	12	
00	0f	00	13	00	0f	00	13	00	f9	
01	f8	01	06	01	13	01	2f	23	04	
00	8f	c2	75	3c	ad	47	61	3e	00	
00	40	3e	