08	1a	e1	ec	00	c4	00	1d	c1	81	
16	d9	00	00	01	00	06	00	7b	c1	
1d	00	1d	c6	49	3e	5b	00	00	00	
00	00	00	00	00	00	00	00	00	00	
00	00	00	00	00	00	00	00	00	01	
b8	00	00	01	00	00	ee	00	36	00	
38	00	06	00	03	00	1c	00	fa	01	
12	00	09	00	15	00	00	00	00	00	
47	3f	47	3f	41	3f	00	00	00	00	
00	00	00	00	00	10	00	01	00	00	
a2	00	00	00	03	00	43	3f	92	ff	
4b	3f	00	00	00	00	83	39	01	00	
fe	ff	c7	00	14	00	1d	00	17	00	
14	00	0c	00	12	00	0f	00	15	00	
14	00	00	00	00	00	00	00	00	00	
46	04	00	00	00	00	00	00	00	00	
cc	0c	00	00	00	00	00	09	00	12	
00	0f	00	13	00	0f	01	13	01	15	
01	14	01	06	01	21	01	74	31	04	
00	46	e1	7a	be	a4	70	3d	3e	5c	
8f	e2	3e	