08	1a	c0	09	00	c4	00	3b	58	b7	
2d	77	00	00	0a	00	07	00	b1	58	
3b	00	b7	8f	cb	54	1d	00	00	00	
00	00	00	00	00	00	00	00	00	00	
00	00	00	00	00	00	00	00	00	01	
bc	00	01	00	00	00	e2	00	30	00	
3b	00	06	00	0c	00	19	00	17	02	
15	00	0c	00	12	00	00	00	00	00	
84	3f	84	3f	7e	3f	00	00	00	00	
00	00	00	00	00	10	00	01	00	00	
a3	00	00	00	03	00	80	3f	94	ff	
86	3f	00	00	00	00	9a	0a	02	00	
13	01	d9	00	14	00	1d	00	1a	00	
17	00	0f	00	12	00	0f	00	18	00	
17	00	ab	13	00	00	00	00	00	00	
46	04	00	00	00	00	00	00	00	00	
ca	0c	00	00	01	00	01	c9	00	cd	
00	21	00	23	00	82	11	52	11	74	
11	d2	11	e0	11	d6	11	d6	d9	04	
00	1f	85	8b	be	b8	1e	85	be	e1	
7a	b4	3e	