08	1a	c4	09	00	c4	00	1f	16	a3	
16	e9	00	00	08	00	06	00	9d	16	
1f	00	dd	ef	50	3c	6a	00	00	00	
00	00	00	00	00	00	00	00	00	00	
00	00	00	00	00	00	00	00	00	01	
b8	00	00	01	00	00	de	00	36	00	
3b	00	06	00	00	00	1c	00	11	02	
12	00	09	00	12	00	00	00	00	00	
28	3f	38	3f	32	3f	00	00	00	00	
00	00	00	00	00	10	00	01	00	00	
a2	00	00	00	03	00	34	3f	8d	ff	
30	3f	00	00	00	00	c1	fd	01	00	
fd	ff	c9	00	14	00	1a	00	17	00	
17	00	0c	00	15	00	0c	00	15	00	
14	00	00	00	00	00	00	00	00	00	
46	04	00	00	00	00	00	00	00	00	
cc	0c	00	00	00	00	00	09	00	12	
00	0f	00	13	00	0f	00	13	00	f9	
00	f8	01	f8	01	13	01	2f	23	04	
00	0a	d7	23	bc	28	5c	4f	3e	99	
99	59	3e	