08	1a	ca	1c	00	c4	00	28	5e	57	
16	c9	00	00	0a	00	06	00	51	5e	
28	00	fd	7b	3a	40	33	00	00	00	
00	00	00	00	00	00	00	00	00	00	
00	00	00	00	00	00	00	00	00	01	
bb	00	00	01	00	00	eb	00	36	00	
3b	00	06	00	00	00	1c	00	08	02	
12	00	09	00	12	00	00	00	00	00	
eb	3e	fa	3e	f4	3e	00	00	00	00	
00	00	00	00	00	10	00	01	00	00	
a2	00	00	00	03	00	f7	3e	94	ff	
fc	3e	00	00	00	00	35	4f	01	00	
fe	ff	c7	00	17	00	1d	00	1a	00	
14	00	0c	00	12	00	0f	00	15	00	
14	00	00	00	00	00	00	00	00	00	
46	04	00	00	00	00	00	00	00	00	
cc	0c	00	00	00	00	00	09	00	12	
00	0f	00	14	00	10	01	13	01	07	
01	06	01	06	01	21	01	3d	23	04	
00	29	5c	8f	3d	33	33	b3	3d	20	
85	ab	3e	