08	1a	e2	06	00	c4	00	1d	c2	85	
16	e5	00	00	03	00	06	00	7f	c2	
1d	00	ee	5b	52	3c	68	00	00	00	
00	00	00	00	00	00	00	00	00	00	
00	00	00	00	00	00	00	00	00	01	
b8	00	00	01	00	00	eb	00	36	00	
3b	00	06	00	03	00	19	00	fa	01	
12	00	0c	00	12	00	00	00	00	00	
37	3f	38	3f	32	3f	00	00	00	00	
00	00	00	00	00	10	00	01	00	00	
a2	00	00	00	03	00	34	3f	95	ff	
3e	3f	00	00	00	00	37	a2	02	00	
fe	ff	c3	00	14	00	1d	00	1a	00	
14	00	0f	00	15	00	0f	00	18	00	
17	00	00	00	00	00	00	00	00	00	
46	04	00	00	00	00	00	00	00	00	
cc	0c	00	00	00	00	00	09	00	12	
00	0f	00	13	00	0f	01	13	01	07	
01	06	01	30	01	4b	01	3d	31	04	
00	52	b8	9e	bd	d7	a3	70	3e	86	
eb	d1	3e	