08	1a	d3	36	00	c4	00	1f	ae	65	
18	e7	00	00	0a	00	06	00	5f	ae	
1f	00	52	cd	51	3c	00	00	00	00	
00	00	00	00	00	00	00	00	00	00	
00	00	00	00	00	00	00	00	00	01	
b8	00	00	01	00	00	d5	00	33	00	
3b	00	09	00	06	00	1c	00	fd	01	
12	00	0c	00	12	00	00	00	00	00	
84	3f	84	3f	7e	3f	00	00	00	00	
00	00	00	00	00	10	00	01	00	00	
a2	00	00	00	03	00	80	3f	94	ff	
86	3f	00	00	00	00	9f	a2	02	00	
0b	01	c2	00	17	00	1d	00	1a	00	
17	00	0f	00	15	00	0c	00	15	00	
14	00	00	00	00	00	00	00	00	00	
f9	03	00	00	00	00	00	00	00	00	
cc	0c	00	00	00	00	00	18	01	24	
01	99	00	9a	00	0f	15	48	14	08	
15	e6	15	02	14	04	14	95	d4	04	
00	d7	a3	f0	3d	66	66	a6	3e	29	
5c	0f	bd	