08	1a	f5	2a	00	c4	00	21	01	ed	
16	ea	00	00	0a	00	06	00	e7	01	
21	00	0f	e1	4e	44	fa	00	00	00	
00	00	00	00	00	00	00	00	00	00	
00	00	00	00	00	00	00	00	00	01	
b9	00	00	01	00	00	d3	00	36	00	
3b	00	06	00	00	00	19	00	fd	01	
12	00	0c	00	12	00	00	00	00	00	
65	3f	75	3f	6f	3f	00	00	00	00	
00	00	00	00	00	10	00	01	00	00	
a2	00	00	00	03	00	71	3f	94	ff	
6f	3f	00	00	00	00	af	a1	02	00	
78	00	c2	00	17	00	1d	00	1a	00	
17	00	0f	00	12	00	0f	00	18	00	
14	00	00	00	00	00	00	00	00	00	
f9	03	00	00	00	00	00	00	00	00	
ca	0c	00	00	00	00	00	09	00	11	
00	49	00	44	00	0d	02	0c	13	62	
41	1e	41	f1	3f	d9	3a	43	35	04	
00	5c	8f	c2	bd	8f	c2	f5	3d	1f	
85	8b	be	