08	1a	cf	44	00	c4	00	1d	06	f1	
16	da	00	00	01	00	06	00	eb	06	
1d	00	09	35	43	44	07	00	00	00	
00	00	00	00	00	00	00	00	00	00	
00	00	00	00	00	00	00	00	00	01	
b7	00	01	00	00	00	c2	00	33	00	
3b	00	09	00	03	00	1c	00	fa	01	
0f	00	09	00	12	00	00	00	00	00	
84	3f	84	3f	7e	3f	00	00	00	00	
00	00	00	00	00	10	00	01	00	00	
a2	00	00	00	03	00	80	3f	94	ff	
83	3f	00	00	00	00	34	f4	01	00	
24	01	c2	00	14	00	1d	00	17	00	
14	00	0c	00	15	00	0f	00	18	00	
14	00	00	00	00	00	00	00	00	00	
f9	03	00	00	00	00	00	00	00	00	
cc	0c	00	00	00	00	00	05	00	10	
00	45	00	45	01	25	24	c5	24	eb	
24	b9	24	e3	24	ce	25	db	29	04	
00	09	d7	e3	3e	cc	cc	4c	be	09	
d7	63	be	