08	1a	d1	8c	00	c4	00	1d	1d	c1	
18	f4	00	00	01	00	06	00	bb	1d	
1d	00	f8	c9	51	3e	2b	00	00	00	
00	00	00	00	00	00	00	00	00	00	
00	00	00	00	00	00	00	00	00	01	
b7	00	01	00	00	00	c7	00	33	00	
3b	00	06	00	00	00	19	00	fd	01	
12	00	09	00	12	00	00	00	00	00	
84	3f	84	3f	7e	3f	00	00	00	00	
00	00	00	00	00	10	00	01	00	00	
a2	00	00	00	03	00	80	3f	94	ff	
81	3f	00	00	00	00	4d	dd	01	00	
fe	00	c1	00	17	00	1d	00	1a	00	
17	00	0f	00	15	00	0f	00	15	00	
14	00	00	00	00	00	00	00	00	00	
f9	03	00	00	00	00	00	00	00	00	
ce	0c	00	00	00	00	00	7a	00	86	
00	0e	01	10	00	be	19	2e	19	96	
13	7d	13	1e	19	2f	19	b4	c4	04	
00	34	33	73	be	99	99	19	be	52	
b8	0e	bf	