08	1a	d5	80	00	c4	00	1f	c5	49	
16	d9	00	00	0a	00	06	00	43	c5	
1f	00	47	df	49	3c	25	00	00	00	
00	00	00	00	00	00	00	00	00	00	
00	00	00	00	00	00	00	00	00	01	
b8	00	00	01	00	00	d8	00	33	00	
38	00	06	00	03	00	1c	00	fa	01	
12	00	09	00	12	00	00	00	00	00	
84	3f	84	3f	7e	3f	00	00	00	00	
00	00	00	00	00	10	00	01	00	00	
a2	00	00	00	03	00	80	3f	94	ff	
85	3f	00	00	00	00	d8	a1	02	00	
14	01	c2	00	14	00	1d	00	17	00	
14	00	0f	00	12	00	0c	00	15	00	
14	00	00	00	00	00	00	00	00	00	
f9	03	00	00	00	00	00	00	00	00	
ce	0c	00	00	00	00	00	9d	00	aa	
00	0e	00	10	01	29	21	13	20	03	
10	ff	12	be	21	b2	21	24	4f	04	
00	0a	d7	23	3d	f5	28	5c	3e	33	
33	93	be	