48	59	56	52	49	44	00	00	00	00	
00	00	fe	ff	07	00	6c	46	0f	00	
00	00	20	76	04	1a	20	76	04	1a	
ff	75	00	00	ba	69	52	01	01	00	
01	01	01	01	3d	01	3a	01	01	00	
00	00	0f	02	00	00	6b	0d	00	00	
01	00	03	00	00	00	00	00	00	00	
00	00	00	00	00	00	00	00	ea	3e	
eb	3e	1c	01	1d	01	01	01	01	01	
01	01	01	01	02	00	00	00	58	3f	
2d	00	fe	ff	c8	00	ea	3e	00	00	
00	00	00	00	0e	00	00	00	01	00	
00	00	0e	00	00	00	88	13	88	13	
88	13	48	0d	48	0d	48	0d	09	00	
10	00	0e	00	0c	00	6a	01	83	01	
c9	01	f0	04	00	00	00	00	00	00	
00	00	00	00	00	00	00	00	00	00	
00	00	00	00	00	00	0a	02	00	00	
10	00	e2	00	00	00	00	d5	00	00	
00	