08	1a	d9	62	00	c4	00	2c	d9	e1	
16	db	00	00	0a	00	06	00	db	d9	
2c	00	e0	14	56	44	93	00	00	00	
00	00	00	00	00	00	00	00	00	00	
00	00	00	00	00	00	00	00	00	01	
bb	00	00	01	00	00	d0	00	36	00	
3b	00	06	00	a3	00	19	00	19	02	
15	00	0c	00	15	00	00	00	00	00	
84	3f	75	3f	6f	3f	00	00	00	00	
00	00	00	00	00	10	00	01	00	00	
a2	00	00	00	03	00	71	3f	94	ff	
7c	3f	00	00	00	00	dc	0a	02	00	
8b	01	66	01	14	00	dc	00	17	00	
17	00	0f	00	15	00	0c	00	18	00	
17	00	00	00	04	2f	00	00	00	00	
46	04	00	00	00	00	00	00	00	00	
cc	0c	01	00	01	00	01	fd	00	ff	
00	1b	00	1b	00	97	16	4c	16	a9	
16	ae	16	93	16	af	16	cb	c8	04	
00	29	5c	af	be	e1	7a	94	3e	29	
5c	af	be	