08	1a	ca	1a	00	c4	00	28	5e	43	
16	e8	00	00	0a	00	06	00	3d	5e	
28	00	a1	88	45	3c	32	00	00	00	
00	00	00	00	00	00	00	00	00	00	
00	00	00	00	00	00	00	00	00	01	
bb	00	00	01	00	00	eb	00	36	00	
3e	00	06	00	03	00	1c	00	08	02	
12	00	0c	00	12	00	00	00	00	00	
eb	3e	fa	3e	f4	3e	00	00	00	00	
00	00	00	00	00	10	00	01	00	00	
a2	00	00	00	03	00	f7	3e	94	ff	
fd	3e	00	00	00	00	53	4f	01	00	
fe	ff	c7	00	17	00	1a	00	17	00	
17	00	0f	00	15	00	0c	00	18	00	
17	00	00	00	00	00	00	00	00	00	
46	04	00	00	00	00	00	00	00	00	
cc	0c	00	00	00	00	00	09	00	12	
00	0f	00	14	00	10	01	13	01	07	
01	06	01	06	01	21	01	3d	23	04	
00	8f	c2	75	3d	7b	14	ae	3d	14	
ae	a7	3e	