08	1a	d7	01	00	c4	00	28	df	49	
16	df	00	00	0a	00	06	00	43	df	
28	00	f7	23	45	3c	a5	00	00	00	
00	00	00	00	00	00	00	00	00	00	
00	00	00	00	00	00	00	00	00	01	
bb	00	00	01	00	00	cc	00	33	00	
3b	00	06	00	00	00	1c	00	08	02	
12	00	09	00	0c	00	00	00	00	00	
84	3f	84	3f	7e	3f	00	00	00	00	
00	00	00	00	00	10	00	01	00	00	
a2	00	00	00	03	00	80	3f	94	ff	
81	3f	00	00	00	00	30	22	02	00	
1a	01	cf	00	17	00	1d	00	1a	00	
17	00	0f	00	15	00	0f	00	15	00	
14	00	00	00	00	00	00	00	00	00	
f9	03	00	00	00	00	00	00	00	00	
cc	0c	00	00	00	00	00	16	01	20	
01	d4	00	d2	00	43	10	c9	10	c0	
11	b0	10	03	10	d0	10	dd	fa	04	
00	99	99	19	3e	70	3d	4a	be	7b	
14	2e	be	