08	1a	f3	61	00	c4	00	1e	70	13	
16	d8	00	00	07	00	06	00	0d	70	
1e	00	2c	d8	46	46	16	00	00	00	
00	00	00	00	00	00	00	00	00	00	
00	00	00	00	00	00	00	00	00	01	
b8	00	00	01	00	00	d4	00	36	00	
38	00	06	00	00	00	19	00	fa	01	
15	00	09	00	15	00	00	00	00	00	
84	3f	84	3f	7e	3f	00	00	00	00	
00	00	00	00	00	10	00	01	00	00	
a2	00	00	00	03	00	80	3f	94	ff	
88	3f	00	00	00	00	c5	a2	02	00	
18	01	c2	00	14	00	1d	00	17	00	
14	00	0f	00	12	00	0c	00	15	00	
14	00	00	00	00	00	00	00	00	00	
f9	03	00	00	00	00	00	00	00	00	
cc	0c	00	00	00	00	00	0a	00	16	
00	ee	00	f9	00	45	24	1a	24	52	
24	3d	24	66	24	52	24	6d	9e	04	
00	eb	51	98	3e	c2	f5	28	3e	14	
ae	e7	be	