08	1a	db	ae	00	c4	00	2c	f0	d9	
1a	d9	00	00	0a	00	06	00	d3	f0	
2c	00	c7	7d	50	42	b9	00	00	00	
00	00	00	00	00	00	00	00	00	00	
00	00	00	00	00	00	00	00	00	01	
bb	00	00	01	00	00	0a	01	36	00	
3b	00	03	00	00	00	1c	00	08	02	
15	00	0c	00	12	00	00	00	00	00	
75	3f	66	3f	5f	3f	00	00	00	00	
00	00	00	00	00	10	00	01	00	00	
a2	00	00	00	03	00	62	3f	94	ff	
69	3f	00	00	00	00	e1	f3	01	00	
a9	02	c5	00	17	00	1d	00	1a	00	
17	00	0f	00	15	00	0f	00	15	00	
17	00	00	00	00	00	00	00	00	00	
46	04	00	00	00	00	00	00	00	00	
cc	0c	00	00	01	00	01	58	00	60	
00	0c	00	08	00	0e	42	0c	42	4d	
41	44	41	82	3a	4f	3e	af	a8	04	
00	e1	7a	14	be	8f	c2	75	3e	7b	
14	0e	bf	