08	1a	f3	8f	00	c4	00	1e	71	df	
16	cb	00	00	08	00	06	00	d9	71	
1e	00	82	af	43	40	2d	00	00	00	
00	00	00	00	00	00	00	00	00	00	
00	00	00	00	00	00	00	00	00	01	
b8	00	00	01	00	00	df	00	33	00	
3b	00	06	00	00	00	1c	00	fa	01	
12	00	09	00	12	00	00	00	00	00	
84	3f	84	3f	7e	3f	00	00	00	00	
00	00	00	00	00	10	00	01	00	00	
a2	00	00	00	03	00	80	3f	94	ff	
88	3f	00	00	00	00	99	a2	02	00	
13	01	d2	00	14	00	1d	00	17	00	
17	00	0c	00	12	00	0c	00	15	00	
14	00	00	00	00	00	00	00	00	00	
46	04	00	00	00	00	00	00	00	00	
ce	0c	00	00	01	00	01	cd	00	d5	
00	2f	00	31	01	12	0f	12	0f	8f	
0f	9b	0f	a9	0f	ae	0f	bc	d7	04	
00	71	3d	8a	bd	14	ae	47	3e	c2	
f5	68	be	