08	1a	cf	2d	00	c4	00	1d	06	0b	
16	c9	00	00	01	00	06	00	05	06	
1d	00	4b	7c	49	40	fc	00	00	00	
00	00	00	00	00	00	00	00	00	00	
00	00	00	00	00	00	00	00	00	01	
b7	00	01	00	00	00	ba	00	33	00	
3b	00	06	00	03	00	1c	00	f7	01	
12	00	11	00	12	00	00	00	00	00	
84	3f	75	3f	7e	3f	00	00	00	00	
00	00	00	00	00	10	00	01	00	00	
a2	00	00	00	03	00	80	3f	95	ff	
7c	3f	00	00	00	00	10	f5	01	00	
17	01	cb	00	14	00	1d	00	17	00	
14	00	0c	00	12	00	0f	00	15	00	
14	00	00	00	00	00	00	00	00	00	
ea	03	00	00	00	00	00	00	00	00	
cc	0c	00	00	01	00	01	39	00	3e	
00	3e	01	40	00	b5	11	66	11	2f	
11	3a	11	3a	11	3e	11	4c	5c	04	
00	eb	51	38	bd	3e	0a	b7	be	34	
33	f3	be	