08	1a	f5	16	00	c4	00	21	01	25	
16	e1	00	00	0a	00	06	00	1f	01	
21	00	fc	ed	46	46	f0	00	00	00	
00	00	00	00	00	00	00	00	00	00	
00	00	00	00	00	00	00	00	00	01	
b9	00	00	01	00	00	ce	00	33	00	
3b	00	06	00	00	00	1c	00	fd	01	
12	00	0c	00	12	00	00	00	00	00	
84	3f	84	3f	7e	3f	00	00	00	00	
00	00	00	00	00	10	00	01	00	00	
a2	00	00	00	03	00	80	3f	94	ff	
83	3f	00	00	00	00	81	a2	02	00	
fe	00	c1	00	1a	00	23	00	20	00	
1d	00	12	00	18	00	15	00	1b	00	
1d	00	00	00	00	00	00	00	00	00	
46	04	00	00	00	00	00	00	00	00	
ce	0c	00	00	00	00	00	10	00	1d	
00	bb	01	c1	00	21	18	41	18	81	
18	69	18	85	18	84	18	a0	93	04	
00	8f	c2	f5	3c	8f	c2	75	3e	7b	
14	ce	be	