08	1a	f3	75	00	c4	00	1e	70	db	
16	d8	00	00	07	00	06	00	d5	70	
1e	00	13	a3	42	44	20	00	00	00	
00	00	00	00	00	00	00	00	00	00	
00	00	00	00	00	00	00	00	00	01	
b8	00	00	01	00	00	d9	00	33	00	
38	00	06	00	00	00	19	00	fa	01	
12	00	09	00	15	00	00	00	00	00	
84	3f	84	3f	7e	3f	00	00	00	00	
00	00	00	00	00	10	00	01	00	00	
a2	00	00	00	03	00	80	3f	94	ff	
88	3f	00	00	00	00	10	a2	02	00	
21	01	c2	00	14	00	1d	00	1a	00	
17	00	0c	00	12	00	0f	00	15	00	
14	00	00	00	00	00	00	00	00	00	
46	04	00	00	00	00	00	00	00	00	
cc	0c	00	00	00	00	00	98	00	9d	
00	1b	02	1b	00	06	15	26	15	f4	
15	fb	15	df	16	d3	16	18	22	04	
00	cc	cc	cc	3c	5c	8f	82	3e	e0	
7a	f4	be	