08	1a	c0	1c	00	c4	00	3b	59	75	
2d	75	00	00	0a	00	07	00	6f	59	
3b	00	3d	2c	d4	52	27	00	00	00	
00	00	00	00	00	00	00	00	00	00	
00	00	00	00	00	00	00	00	00	01	
bc	00	01	00	00	00	e9	00	39	00	
3b	00	06	00	09	00	61	01	19	02	
28	03	0c	00	15	00	00	00	00	00	
75	3f	56	3f	50	3f	00	00	00	00	
00	00	00	00	00	10	00	01	00	00	
a3	00	00	00	03	00	52	3f	90	ff	
6a	3f	00	00	00	00	dc	09	02	00	
0f	03	1b	03	14	00	1d	00	17	00	
17	00	0c	00	12	00	0f	00	15	00	
14	00	ab	13	00	00	00	00	00	00	
46	04	00	00	00	00	00	00	00	00	
cc	0c	00	00	01	00	01	74	00	7a	
00	14	00	0f	00	0e	42	0c	42	69	
41	36	41	d5	41	94	3f	18	be	7f	
0d	33	33	85	40	a3	70	93	40	f5	
28	5c	bf	