08	1a	d6	fd	00	c4	00	28	df	21	
16	c6	00	00	0a	00	06	00	1b	df	
28	00	da	2b	3d	40	a3	00	00	00	
00	00	00	00	00	00	00	00	00	00	
00	00	00	00	00	00	00	00	00	01	
bb	00	00	01	00	00	cb	00	36	00	
3e	00	06	00	03	00	1c	00	0b	02	
12	00	0c	00	12	00	00	00	00	00	
84	3f	84	3f	7e	3f	00	00	00	00	
00	00	00	00	00	10	00	01	00	00	
a2	00	00	00	03	00	80	3f	94	ff	
80	3f	00	00	00	00	58	22	02	00	
11	01	cf	00	17	00	1d	00	1a	00	
17	00	0f	00	15	00	0f	00	18	00	
17	00	00	00	00	00	00	00	00	00	
ea	03	00	00	00	00	00	00	00	00	
ce	0c	00	00	00	00	00	18	01	22	
01	d0	00	ce	01	4a	0f	26	0f	57	
0f	48	0f	48	0f	69	0f	69	83	04	
00	e1	7a	14	3e	3d	0a	57	be	c2	
f5	28	be	