08	1a	e2	0f	00	c4	00	3c	ac	f3	
2d	68	00	00	0a	00	07	00	ed	ac	
3c	00	8a	1c	c7	5e	20	00	00	00	
00	00	00	00	00	00	00	00	00	00	
00	00	00	00	00	00	00	00	00	01	
bc	00	01	00	00	00	d9	00	36	00	
3b	00	06	00	00	00	1f	00	17	02	
15	00	09	00	12	00	00	00	00	00	
37	3f	38	3f	32	3f	00	00	00	00	
00	00	00	00	00	10	00	01	00	00	
a3	00	00	00	03	00	43	3f	94	ff	
3a	3f	00	00	00	00	1a	a1	02	00	
87	00	cb	00	14	00	1d	00	1a	00	
17	00	0f	00	12	00	0f	00	18	00	
17	00	00	00	00	00	00	00	00	00	
46	04	00	00	00	00	00	00	00	00	
ce	0c	00	00	00	00	00	27	00	34	
00	2a	00	26	00	0e	41	0d	41	d0	
41	ba	41	ac	37	94	37	12	c4	0c	
03	e1	7a	94	3d	8f	c2	75	bd	a4	
70	bd	3d	