08	1a	ca	15	00	c4	00	28	5e	11	
18	f4	00	00	0a	00	06	00	0b	5e	
28	00	9e	01	3f	40	2f	00	00	00	
00	00	00	00	00	00	00	00	00	00	
00	00	00	00	00	00	00	00	00	01	
bb	00	00	01	00	00	ec	00	33	00	
3b	00	06	00	00	00	1c	00	0b	02	
12	00	0c	00	12	00	00	00	00	00	
eb	3e	fa	3e	f4	3e	00	00	00	00	
00	00	00	00	00	10	00	01	00	00	
a2	00	00	00	03	00	f7	3e	94	ff	
fa	3e	00	00	00	00	7b	4f	01	00	
fe	ff	c8	00	17	00	1d	00	1a	00	
17	00	0f	00	15	00	0f	00	18	00	
17	00	00	00	00	00	00	00	00	00	
46	04	00	00	00	00	00	00	00	00	
cc	0c	00	00	00	00	00	09	00	12	
00	0f	00	14	00	10	01	13	01	07	
01	06	01	06	01	21	01	3d	23	04	
00	cc	cc	cc	3c	cc	cc	cc	3d	a3	
70	9d	3e	