08	1a	d2	a7	00	c4	00	3c	12	e3	
2d	69	00	00	0a	00	07	00	dd	12	
3c	00	92	22	d7	5c	6c	00	00	00	
00	00	00	00	00	00	00	00	00	00	
00	00	00	00	00	00	00	00	00	01	
bc	00	01	00	00	00	e9	00	45	00	
46	00	06	00	03	00	89	00	f8	04	
21	00	1a	00	21	00	00	00	00	00	
9e	3e	9e	3e	99	3e	00	00	00	00	
00	00	00	00	00	10	00	01	00	00	
a3	00	00	00	03	00	9b	3e	92	ff	
af	3e	00	00	00	00	ff	a2	02	00	
fd	ff	e5	01	2f	00	38	00	35	00	
32	00	27	00	30	00	27	00	30	00	
2f	00	00	00	00	00	00	00	00	00	
18	04	00	00	00	00	00	00	00	00	
c2	0c	00	00	00	00	00	09	00	13	
00	10	00	14	00	10	01	14	01	07	
01	06	01	06	01	21	01	4b	31	0c	
03	52	b8	9e	bd	29	5c	8f	bc	8f	
c2	f5	bc	