08	1a	ca	12	00	c4	00	28	5d	f3	
16	d7	00	00	0a	00	06	00	ed	5d	
28	00	a6	06	3f	3e	2e	00	00	00	
00	00	00	00	00	00	00	00	00	00	
00	00	00	00	00	00	00	00	00	01	
bb	00	00	01	00	00	ec	00	36	00	
3b	00	09	00	a3	00	1c	00	19	02	
12	00	0c	00	12	00	00	00	00	00	
eb	3e	dc	3e	e5	3e	00	00	00	00	
00	00	00	00	00	10	00	01	00	00	
a2	00	00	00	03	00	e7	3e	94	ff	
eb	3e	00	00	00	00	ad	4f	01	00	
fd	ff	6d	01	17	00	dc	00	1a	00	
14	00	0c	00	15	00	0f	00	18	00	
17	00	00	00	04	2f	00	00	00	00	
46	04	00	00	00	00	00	00	00	00	
ce	0c	01	00	00	00	00	09	00	12	
00	0f	00	14	00	10	01	13	01	07	
01	06	01	06	01	21	01	3d	23	04	
00	0a	d7	23	3b	14	ae	c7	3d	52	
b8	9e	3e	