08	1a	e4	21	00	c4	00	3c	c1	a7	
2d	68	00	00	0a	00	07	00	a1	c1	
3c	00	cc	82	e4	5c	29	00	00	00	
00	00	00	00	00	00	00	00	00	00	
00	00	00	00	00	00	00	00	00	01	
bc	00	01	00	00	00	d2	00	36	00	
3b	00	06	00	00	00	1c	00	1c	02	
12	00	09	00	12	00	00	00	00	00	
28	3f	28	3f	32	3f	00	00	00	00	
00	00	00	00	00	10	00	01	00	00	
a3	00	00	00	03	00	34	3f	94	ff	
31	3f	00	00	00	00	64	8c	02	00	
dc	00	cc	00	14	00	1d	00	1a	00	
17	00	0c	00	15	00	0c	00	18	00	
17	00	00	00	00	00	00	00	00	00	
f9	03	00	00	00	00	00	00	00	00	
cc	0c	00	00	00	00	00	37	00	42	
00	46	00	42	00	0e	41	0c	41	c2	
41	ba	41	ba	3a	a2	3b	bc	13	0c	
03	eb	51	b8	bd	51	b8	5e	3e	29	
5c	8f	bd	