08	1a	d5	6d	00	c4	00	1f	c4	8b	
16	d9	00	00	0a	00	06	00	85	c4	
1f	00	5b	68	42	42	1c	00	00	00	
00	00	00	00	00	00	00	00	00	00	
00	00	00	00	00	00	00	00	00	01	
b8	00	00	01	00	00	d3	00	33	00	
38	00	06	00	00	00	16	00	fa	01	
12	00	09	00	12	00	00	00	00	00	
65	3f	66	3f	6f	3f	00	00	00	00	
00	00	00	00	00	10	00	01	00	00	
a2	00	00	00	03	00	62	3f	94	ff	
6b	3f	00	00	00	00	96	a2	02	00	
58	00	c2	00	14	00	1a	00	17	00	
14	00	0f	00	12	00	0c	00	15	00	
14	00	00	00	00	00	00	00	00	00	
f9	03	00	00	00	00	00	00	00	00	
cc	0c	00	00	00	00	00	26	00	31	
00	15	00	0f	00	0e	41	0d	41	fa	
41	e3	41	c8	3b	a2	35	b5	61	04	
00	51	b8	5e	3e	ae	47	21	3e	c2	
f5	28	be	