08	1a	e5	e9	00	c4	00	20	69	63	
16	e8	00	00	0a	00	06	00	5d	69	
20	00	35	e4	44	3c	5a	00	00	00	
00	00	00	00	00	00	00	00	00	00	
00	00	00	00	00	00	00	00	00	01	
b9	00	00	01	00	00	f2	00	36	00	
3b	00	06	00	00	00	19	00	fa	01	
15	00	09	00	12	00	00	00	00	00	
37	3f	38	3f	32	3f	00	00	00	00	
00	00	00	00	00	10	00	01	00	00	
a2	00	00	00	03	00	34	3f	94	ff	
3e	3f	00	00	00	00	aa	fd	01	00	
fe	ff	c3	00	14	00	1d	00	17	00	
17	00	0c	00	12	00	0c	00	15	00	
14	00	00	00	00	00	00	00	00	00	
46	04	00	00	00	00	00	00	00	00	
cc	0c	00	00	00	00	00	09	00	12	
00	0f	00	14	00	10	01	13	01	15	
01	14	01	14	01	13	01	2f	3f	04	
00	ae	47	a1	be	cd	cc	8c	be	0a	
d7	23	3b	