08	1a	d9	6a	00	c4	00	2c	da	31	
18	e6	00	00	0a	00	06	00	2b	da	
2c	00	95	fd	4e	44	97	00	00	00	
00	00	00	00	00	00	00	00	00	00	
00	00	00	00	00	00	00	00	00	01	
bb	00	00	01	00	00	d2	00	33	00	
3e	00	06	00	ac	00	1c	00	08	02	
12	00	0c	00	12	00	00	00	00	00	
84	3f	75	3f	32	3f	00	00	00	00	
00	00	00	00	00	10	00	01	00	00	
a2	00	00	00	03	00	80	3f	94	ff	
83	3f	00	00	00	00	8c	0a	02	00	
ce	01	62	01	17	00	d9	00	1a	00	
17	00	0f	00	15	00	0f	00	18	00	
14	00	00	00	f5	2e	00	00	00	00	
46	04	00	00	00	00	00	00	00	00	
cc	0c	01	00	02	00	02	1e	00	26	
00	23	00	23	00	0f	1a	59	1b	ff	
1b	01	1b	1c	19	1b	1b	38	2d	04	
00	00	00	c0	be	e1	7a	54	3e	70	
3d	4a	be	