08	1a	f1	27	00	c4	00	1e	59	cf	
16	e0	00	00	05	00	06	00	c9	59	
1e	00	92	c9	4e	44	f9	00	00	00	
00	00	00	00	00	00	00	00	00	00	
00	00	00	00	00	00	00	00	00	01	
b8	00	00	01	00	00	d3	00	33	00	
3b	00	06	00	00	00	1c	00	fa	01	
12	00	06	00	12	00	00	00	00	00	
84	3f	84	3f	7e	3f	00	00	00	00	
00	00	00	00	00	10	00	01	00	00	
a2	00	00	00	03	00	80	3f	94	ff	
86	3f	00	00	00	00	f9	a2	02	00	
25	01	c1	00	14	00	1d	00	1a	00	
14	00	0c	00	12	00	0f	00	15	00	
14	00	00	00	00	00	00	00	00	00	
f9	03	00	00	00	00	00	00	00	00	
ce	0c	00	00	00	00	00	cf	00	cb	
00	12	01	12	00	25	17	39	17	26	
17	62	17	70	17	8c	17	8c	8b	04	
00	0a	d7	83	be	f6	28	1c	3e	14	
ae	a7	3e	