08	1a	cf	49	00	c4	00	1d	07	23	
18	ec	00	00	01	00	06	00	1d	07	
1d	00	fa	fc	41	42	0a	00	00	00	
00	00	00	00	00	00	00	00	00	00	
00	00	00	00	00	00	00	00	00	01	
b7	00	01	00	00	00	c4	00	33	00	
38	00	06	00	00	00	1c	00	fd	01	
0f	00	09	00	12	00	00	00	00	00	
84	3f	84	3f	7e	3f	00	00	00	00	
00	00	00	00	00	10	00	01	00	00	
a2	00	00	00	03	00	80	3f	95	ff	
81	3f	00	00	00	00	ee	f3	01	00	
12	01	c2	00	14	00	1d	00	17	00	
17	00	0f	00	12	00	0f	00	15	00	
14	00	00	00	00	00	00	00	00	00	
f9	03	00	00	00	00	00	00	00	00	
cc	0c	00	00	00	00	00	0a	00	17	
00	e3	00	e7	01	2a	15	d9	15	77	
15	55	15	70	15	64	15	64	89	04	
00	3d	0a	f7	3e	85	eb	11	be	eb	
51	38	be	