08	1a	f3	63	00	c4	00	1e	70	27	
16	e7	00	00	07	00	06	00	21	70	
1e	00	38	af	45	3c	17	00	00	00	
00	00	00	00	00	00	00	00	00	00	
00	00	00	00	00	00	00	00	00	01	
b8	00	00	01	00	00	d4	00	33	00	
3b	00	06	00	00	00	1c	00	fa	01	
0f	00	0c	00	12	00	00	00	00	00	
84	3f	84	3f	7e	3f	00	00	00	00	
00	00	00	00	00	10	00	01	00	00	
a2	00	00	00	03	00	80	3f	95	ff	
86	3f	00	00	00	00	b1	a2	02	00	
13	01	c2	00	14	00	1d	00	1a	00	
17	00	0c	00	15	00	0c	00	18	00	
17	00	00	00	00	00	00	00	00	00	
f9	03	00	00	00	00	00	00	00	00	
cc	0c	00	00	00	00	00	0c	01	18	
01	0d	00	19	00	7c	1d	1b	1d	b5	
1d	98	1d	cf	1d	be	1d	da	f2	04	
00	c3	f5	88	3e	b8	1e	45	3e	c2	
f5	e8	be	