08	1a	f7	5a	00	c4	00	21	17	cd	
16	d7	00	00	0a	00	06	00	c7	17	
21	00	08	17	3c	3e	12	00	00	00	
00	00	00	00	00	00	00	00	00	00	
00	00	00	00	00	00	00	00	00	01	
b9	00	00	01	00	00	d7	00	33	00	
3b	00	06	00	00	00	19	00	f7	01	
12	00	09	00	12	00	00	00	00	00	
84	3f	84	3f	7e	3f	00	00	00	00	
00	00	00	00	00	10	00	01	00	00	
a2	00	00	00	03	00	80	3f	95	ff	
85	3f	00	00	00	00	cd	8b	02	00	
1f	01	cb	00	14	00	1d	00	1a	00	
14	00	0c	00	12	00	0f	00	15	00	
14	00	00	00	00	00	00	00	00	00	
46	04	00	00	00	00	00	00	00	00	
ce	0c	00	00	01	00	01	98	00	9f	
00	25	01	27	00	87	10	3e	10	7b	
10	86	10	5d	10	61	10	7d	46	04	
00	33	33	93	be	14	ae	c7	bd	f5	
28	0c	bf	