08	1a	cf	59	00	c4	00	1d	07	c3	
16	d9	00	00	01	00	06	00	bd	07	
1d	00	b2	ce	42	44	12	00	00	00	
00	00	00	00	00	00	00	00	00	00	
00	00	00	00	00	00	00	00	00	01	
b7	00	01	00	00	00	c8	00	33	00	
38	00	06	00	03	00	1c	00	fa	01	
12	00	09	00	15	00	00	00	00	00	
75	3f	84	3f	7e	3f	00	00	00	00	
00	00	00	00	00	10	00	01	00	00	
a2	00	00	00	03	00	80	3f	95	ff	
80	3f	00	00	00	00	4e	f3	01	00	
03	01	c2	00	17	00	1d	00	1a	00	
14	00	0c	00	12	00	0c	00	15	00	
14	00	00	00	00	00	00	00	00	00	
f9	03	00	00	00	00	00	00	00	00	
cc	0c	00	00	00	00	00	2b	00	37	
00	ef	00	eb	01	22	15	4b	15	69	
15	63	15	7e	15	80	15	8e	b3	04	
00	71	3d	ea	3e	ad	47	e1	3c	28	
5c	4f	be	