08	1a	f5	1a	00	c4	00	21	01	4d	
16	c9	00	00	0a	00	06	00	47	01	
21	00	bf	16	4f	40	f2	00	00	00	
00	00	00	00	00	00	00	00	00	00	
00	00	00	00	00	00	00	00	00	01	
b9	00	00	01	00	00	cf	00	36	00	
3b	00	00	00	00	00	19	00	ff	01	
0f	00	0c	00	12	00	00	00	00	00	
84	3f	84	3f	7e	3f	00	00	00	00	
00	00	00	00	00	10	00	01	00	00	
a2	00	00	00	03	00	80	3f	94	ff	
86	3f	00	00	00	00	4f	a2	02	00	
0c	01	c1	00	14	00	1a	00	1a	00	
17	00	0f	00	15	00	0f	00	18	00	
14	00	00	00	00	00	00	00	00	00	
f9	03	00	00	00	00	00	00	00	00	
ce	0c	00	00	00	00	00	0a	00	16	
00	6d	01	6f	00	09	26	37	26	1c	
26	05	26	21	26	19	26	34	5a	04	
00	8f	c2	75	bc	3d	0a	57	3e	c3	
f5	c8	be	