08	1a	f5	1c	00	c4	00	21	01	61	
16	d8	00	00	0a	00	06	00	5b	01	
21	00	ac	d8	4e	46	f3	00	00	00	
00	00	00	00	00	00	00	00	00	00	
00	00	00	00	00	00	00	00	00	01	
b9	00	00	01	00	00	cf	00	33	00	
3b	00	09	00	00	00	19	00	fa	01	
12	00	0c	00	15	00	00	00	00	00	
84	3f	75	3f	7e	3f	00	00	00	00	
00	00	00	00	00	10	00	01	00	00	
a2	00	00	00	03	00	80	3f	94	ff	
86	3f	00	00	00	00	3b	a2	02	00	
0a	01	c1	00	14	00	1d	00	1a	00	
14	00	0f	00	15	00	0f	00	15	00	
17	00	00	00	00	00	00	00	00	00	
f9	03	00	00	00	00	00	00	00	00	
cc	0c	00	00	00	00	00	07	00	13	
00	55	00	54	00	f4	2c	33	2c	f1	
2c	e1	2c	fd	2d	ff	2d	0c	4c	04	
00	29	5c	0f	bd	86	eb	51	3e	51	
b8	be	be	