08	1a	f1	48	00	c4	00	1e	5b	19	
17	1b	00	00	06	00	06	00	13	5b	
1e	00	e5	3f	49	3e	09	00	00	00	
00	00	00	00	00	00	00	00	00	00	
00	00	00	00	00	00	00	00	00	01	
b8	00	00	01	00	00	d9	00	33	00	
3b	00	09	00	03	00	1f	00	f7	01	
12	00	09	00	12	00	00	00	00	00	
84	3f	84	3f	7e	3f	00	00	00	00	
00	00	00	00	00	10	00	01	00	00	
a2	00	00	00	03	00	80	3f	95	ff	
84	3f	00	00	00	00	a6	a1	02	00	
01	01	c9	00	14	00	1d	00	17	00	
14	00	0f	00	12	00	0c	00	15	00	
14	00	00	00	00	00	00	00	00	00	
46	04	00	00	00	00	00	00	00	00	
cc	0c	00	00	00	00	00	22	02	2c	
02	14	00	15	00	bd	0e	12	0e	79	
0e	79	0e	95	0e	8c	0e	b6	a5	04	
00	b8	1e	05	bd	5c	8f	82	3e	a3	
70	9d	3e	