08	1a	f1	35	00	c4	00	1e	5a	5b	
16	d9	00	00	05	00	06	00	55	5a	
1e	00	7f	fb	3a	46	00	00	00	00	
00	00	00	00	00	00	00	00	00	00	
00	00	00	00	00	00	00	00	00	01	
b8	00	00	01	00	00	d5	00	33	00	
3b	00	06	00	00	00	1c	00	fd	01	
12	00	09	00	15	00	00	00	00	00	
84	3f	84	3f	7e	3f	00	00	00	00	
00	00	00	00	00	10	00	01	00	00	
a2	00	00	00	03	00	80	3f	94	ff	
81	3f	00	00	00	00	64	a2	02	00	
ff	00	c2	00	14	00	1d	00	17	00	
14	00	0f	00	15	00	0c	00	15	00	
14	00	00	00	00	00	00	00	00	00	
f9	03	00	00	00	00	00	00	00	00	
cc	0c	00	00	00	00	00	49	00	55	
00	28	02	2d	00	09	18	32	18	d4	
18	d7	18	e5	18	e5	19	f3	02	04	
00	b8	1e	05	be	86	eb	51	3e	70	
3d	ca	3e	