08	1a	f3	66	00	c4	00	1e	70	45	
16	d9	00	00	07	00	06	00	3f	70	
1e	00	cb	dd	42	42	18	00	00	00	
00	00	00	00	00	00	00	00	00	00	
00	00	00	00	00	00	00	00	00	01	
b8	00	00	01	00	00	d5	00	36	00	
3b	00	06	00	00	00	1c	00	f7	01	
12	00	14	00	15	00	00	00	00	00	
84	3f	84	3f	7e	3f	00	00	00	00	
00	00	00	00	00	10	00	01	00	00	
a2	00	00	00	03	00	80	3f	94	ff	
83	3f	00	00	00	00	93	a2	02	00	
f5	00	c1	00	17	00	1d	00	1a	00	
17	00	0c	00	15	00	0c	00	15	00	
17	00	00	00	00	00	00	00	00	00	
f9	03	00	00	00	00	00	00	00	00	
cc	0c	00	00	00	00	00	0d	01	1c	
01	1f	00	29	00	ed	15	1d	15	85	
15	55	15	70	15	64	15	72	7b	04	
00	7c	14	6e	3e	3d	0a	57	3e	8f	
c2	f5	be	