08	1a	d5	75	00	c4	00	1f	c4	db	
16	d9	00	00	0a	00	06	00	d5	c4	
1f	00	a9	59	56	46	20	00	00	00	
00	00	00	00	00	00	00	00	00	00	
00	00	00	00	00	00	00	00	00	01	
b8	00	00	01	00	00	d5	00	36	00	
38	00	06	00	00	00	19	00	fa	01	
12	00	09	00	12	00	00	00	00	00	
75	3f	75	3f	6f	3f	00	00	00	00	
00	00	00	00	00	10	00	01	00	00	
a2	00	00	00	03	00	71	3f	95	ff	
75	3f	00	00	00	00	50	a2	02	00	
d4	00	c1	00	17	00	1a	00	17	00	
14	00	0c	00	15	00	0f	00	15	00	
14	00	00	00	00	00	00	00	00	00	
f9	03	00	00	00	00	00	00	00	00	
cc	0c	00	00	00	00	00	78	00	87	
00	0d	00	09	00	0e	42	0c	42	31	
41	28	41	9e	3b	87	3e	46	71	04	
00	99	99	19	3e	eb	51	38	3e	86	
eb	51	be	