08	1a	cf	57	00	c4	00	1d	07	af	
16	ca	00	00	01	00	06	00	a9	07	
1d	00	b9	f2	48	40	11	00	00	00	
00	00	00	00	00	00	00	00	00	00	
00	00	00	00	00	00	00	00	00	01	
b7	00	01	00	00	00	c8	00	33	00	
3b	00	09	00	03	00	19	00	fa	01	
15	00	0c	00	12	00	00	00	00	00	
84	3f	84	3f	7e	3f	00	00	00	00	
00	00	00	00	00	10	00	01	00	00	
a2	00	00	00	03	00	80	3f	94	ff	
81	3f	00	00	00	00	62	f3	01	00	
1a	01	c1	00	14	00	1d	00	1a	00	
17	00	0c	00	12	00	0c	00	15	00	
14	00	00	00	00	00	00	00	00	00	
f9	03	00	00	00	00	00	00	00	00	
cc	0c	00	00	00	00	00	27	01	34	
01	13	00	10	01	26	14	5e	14	54	
14	6a	14	a1	14	95	14	6c	81	04	
00	d7	a3	f0	3e	8f	c2	75	3c	5c	
8f	42	be	