08	1a	f1	53	00	c4	00	1e	5b	87	
18	ea	00	00	06	00	06	00	81	5b	
1e	00	d9	52	51	46	0f	00	00	00	
00	00	00	00	00	00	00	00	00	00	
00	00	00	00	00	00	00	00	00	01	
b8	00	00	01	00	00	db	00	33	00	
3b	00	06	00	00	00	19	00	f7	01	
12	00	0c	00	15	00	00	00	00	00	
84	3f	84	3f	7e	3f	00	00	00	00	
00	00	00	00	00	10	00	01	00	00	
a2	00	00	00	03	00	80	3f	94	ff	
85	3f	00	00	00	00	38	a1	02	00	
04	01	ca	00	14	00	1d	00	17	00	
14	00	0c	00	12	00	0f	00	15	00	
14	00	00	00	00	00	00	00	00	00	
46	04	00	00	00	00	00	00	00	00	
cc	0c	00	00	00	00	00	0d	02	17	
02	27	00	26	00	2c	0f	8b	0f	73	
0f	64	0f	72	0f	24	0f	40	4c	04	
00	0a	d7	23	3d	52	b8	9e	3e	eb	
51	78	3e	