08	1a	c0	04	00	c4	00	3b	58	85	
2d	69	00	00	0a	00	07	00	7f	58	
3b	00	03	10	d2	58	1b	00	00	00	
00	00	00	00	00	00	00	00	00	00	
00	00	00	00	00	00	00	00	00	01	
bc	00	01	00	00	00	e0	00	36	00	
3b	00	0c	00	00	00	1c	00	08	02	
12	00	09	00	18	00	00	00	00	00	
84	3f	84	3f	7e	3f	00	00	00	00	
00	00	00	00	00	10	00	01	00	00	
a3	00	00	00	03	00	80	3f	94	ff	
88	3f	00	00	00	00	d6	0a	02	00	
0b	01	c5	00	14	00	1a	00	1a	00	
17	00	0c	00	15	00	0f	00	18	00	
17	00	00	00	00	00	00	00	00	00	
46	04	00	00	00	00	00	00	00	00	
cc	0c	00	00	01	01	01	94	00	97	
00	26	00	29	00	56	12	56	12	a6	
12	cb	12	cb	12	ce	12	dc	e1	04	
00	ad	47	61	be	29	5c	8f	be	f5	
28	bc	3e	