08	1a	e1	e6	00	c4	00	3c	ab	59	
2d	58	00	00	0a	00	07	00	53	ab	
3c	00	4b	d5	d1	5a	0c	00	00	00	
00	00	00	00	00	00	00	00	00	00	
00	00	00	00	00	00	00	00	00	01	
bc	00	01	00	00	00	c1	00	36	00	
3b	00	09	00	03	00	1c	00	17	02	
12	00	09	00	12	00	00	00	00	00	
47	3f	47	3f	41	3f	00	00	00	00	
00	00	00	00	00	10	00	01	00	00	
a3	00	00	00	03	00	43	3f	94	ff	
45	3f	00	00	00	00	b4	a2	02	00	
b9	00	cb	00	17	00	1d	00	1a	00	
1a	00	0f	00	15	00	0f	00	18	00	
17	00	00	00	00	00	00	00	00	00	
ea	03	00	00	00	00	00	00	00	00	
cc	0c	00	00	00	00	00	36	00	3f	
00	37	00	32	00	0e	41	0c	41	ec	
41	c8	41	e3	39	a2	3b	48	ac	0c	
03	71	3d	0a	3e	99	99	99	bd	99	
99	19	3e	