08	1a	f7	6c	00	c4	00	21	18	81	
16	e8	00	00	0a	00	06	00	7b	18	
21	00	82	4e	52	3c	1b	00	00	00	
00	00	00	00	00	00	00	00	00	00	
00	00	00	00	00	00	00	00	00	01	
b9	00	00	01	00	00	db	00	33	00	
3b	00	06	00	00	00	1c	00	fa	01	
12	00	09	00	12	00	00	00	00	00	
84	3f	84	3f	7e	3f	00	00	00	00	
00	00	00	00	00	10	00	01	00	00	
a2	00	00	00	03	00	80	3f	95	ff	
86	3f	00	00	00	00	22	8b	02	00	
20	01	cb	00	14	00	1a	00	17	00	
14	00	0c	00	12	00	0f	00	15	00	
14	00	00	00	00	00	00	00	00	00	
46	04	00	00	00	00	00	00	00	00	
cc	0c	00	00	01	01	01	93	00	9b	
00	2d	00	2e	01	33	10	54	11	ea	
11	1e	11	1e	11	07	11	30	5c	04	
00	71	3d	8a	3d	71	3d	0a	be	3d	
0a	f7	be	