08	1a	e5	d6	00	c4	00	20	68	a5	
16	de	00	00	0a	00	06	00	9f	68	
20	00	37	7b	56	46	50	00	00	00	
00	00	00	00	00	00	00	00	00	00	
00	00	00	00	00	00	00	00	00	01	
b9	00	00	01	00	00	f3	00	36	00	
3b	00	06	00	00	00	1c	00	fa	01	
12	00	09	00	12	00	00	00	00	00	
37	3f	47	3f	41	3f	00	00	00	00	
00	00	00	00	00	10	00	01	00	00	
a2	00	00	00	03	00	43	3f	95	ff	
4a	3f	00	00	00	00	68	fe	01	00	
fe	ff	c4	00	14	00	1a	00	17	00	
14	00	0f	00	15	00	0c	00	15	00	
14	00	00	00	00	00	00	00	00	00	
46	04	00	00	00	00	00	00	00	00	
ce	0c	00	00	00	00	00	09	00	12	
00	0f	00	13	00	0f	01	13	01	07	
01	06	01	14	01	2f	01	4b	31	04	
00	1f	85	6b	be	66	66	86	be	f6	
28	1c	3e	