08	1a	d9	3f	00	c4	00	28	f5	b5	
16	df	00	00	0a	00	06	00	af	f5	
28	00	f7	9c	4f	44	c4	00	00	00	
00	00	00	00	00	00	00	00	00	00	
00	00	00	00	00	00	00	00	00	01	
bb	00	00	01	00	00	cb	00	33	00	
3b	00	09	00	00	00	1c	00	1c	02	
12	00	09	00	15	00	00	00	00	00	
84	3f	75	3f	7e	3f	00	00	00	00	
00	00	00	00	00	10	00	01	00	00	
a2	00	00	00	03	00	80	3f	94	ff	
83	3f	00	00	00	00	c1	0b	02	00	
06	01	d1	00	14	00	1d	00	1a	00	
17	00	0f	00	15	00	0c	00	15	00	
17	00	00	00	00	00	00	00	00	00	
f9	03	00	00	00	00	00	00	00	00	
cc	0c	00	00	00	00	00	26	02	30	
02	23	00	21	00	1d	0f	32	0f	b8	
0f	a9	0f	e0	0f	bc	0f	d7	d7	04	
00	14	ae	87	be	71	3d	0a	be	d7	
a3	b0	be	