08	1a	f1	32	00	c4	00	1e	5a	3d	
18	cc	00	00	05	00	06	00	37	5a	
1e	00	d0	45	43	44	fe	00	00	00	
00	00	00	00	00	00	00	00	00	00	
00	00	00	00	00	00	00	00	00	01	
b8	00	00	01	00	00	d5	00	33	00	
3b	00	06	00	03	00	1c	00	fd	01	
12	00	09	00	15	00	00	00	00	00	
84	3f	84	3f	7e	3f	00	00	00	00	
00	00	00	00	00	10	00	01	00	00	
a2	00	00	00	03	00	80	3f	94	ff	
80	3f	00	00	00	00	82	a2	02	00	
f5	00	c2	00	14	00	1d	00	17	00	
14	00	0f	00	15	00	0c	00	15	00	
14	00	00	00	00	00	00	00	00	00	
f9	03	00	00	00	00	00	00	00	00	
cc	0c	00	00	00	00	00	44	00	4e	
00	0e	01	0f	00	f1	1a	37	1a	3d	
13	23	13	10	1a	21	1a	4c	5d	04	
00	52	b8	1e	be	28	5c	4f	3e	b8	
1e	c5	3e	