08	1a	d2	c0	00	c4	00	3c	13	dd	
2d	79	00	00	0a	00	07	00	d7	13	
3c	00	d1	f9	df	52	79	00	00	00	
00	00	00	00	00	00	00	00	00	00	
00	00	00	00	00	00	00	00	00	01	
bc	00	01	00	00	00	e5	00	33	00	
3b	00	09	00	03	00	1f	00	05	02	
12	00	09	00	12	00	00	00	00	00	
ae	3e	bd	3e	b7	3e	00	00	00	00	
00	00	00	00	00	10	00	01	00	00	
a3	00	00	00	03	00	aa	3e	95	ff	
b9	3e	00	00	00	00	05	a2	02	00	
fd	ff	ca	00	17	00	1d	00	1a	00	
17	00	0f	00	15	00	0f	00	15	00	
14	00	00	00	00	00	00	00	00	00	
46	04	00	00	00	00	00	00	00	00	
cc	0c	00	00	00	00	00	09	00	13	
00	0f	00	14	00	10	00	13	01	f9	
00	06	01	f8	01	13	01	3d	23	0c	
03	a4	70	bd	bd	ad	47	e1	bc	ad	
47	e1	bc	