08	1a	f5	0e	00	c4	00	21	00	d5	
16	da	00	00	0a	00	06	00	cf	00	
21	00	17	f5	49	3c	ec	00	00	00	
00	00	00	00	00	00	00	00	00	00	
00	00	00	00	00	00	00	00	00	01	
b9	00	00	01	00	00	cb	00	30	00	
3b	00	06	00	00	00	1c	00	fd	01	
12	00	09	00	12	00	00	00	00	00	
84	3f	84	3f	7e	3f	00	00	00	00	
00	00	00	00	00	10	00	01	00	00	
a2	00	00	00	03	00	80	3f	90	ff	
83	3f	00	00	00	00	c7	a2	02	00	
08	01	cf	00	17	00	1d	00	1a	00	
17	00	0f	00	12	00	0f	00	15	00	
14	00	00	00	00	00	00	00	00	00	
f9	03	00	00	00	00	00	00	00	00	
cc	0c	00	00	00	00	00	25	01	2f	
01	97	00	99	00	f8	10	3e	10	c0	
10	94	10	be	10	a6	10	d0	d1	04	
00	f6	28	1c	3e	0a	d7	83	3e	14	
ae	c7	be	