08	1a	f1	37	00	c4	00	1e	5a	6f	
16	d9	00	00	05	00	06	00	69	5a	
1e	00	79	d8	55	46	01	00	00	00	
00	00	00	00	00	00	00	00	00	00	
00	00	00	00	00	00	00	00	00	01	
b8	00	00	01	00	00	d6	00	33	00	
3b	00	06	00	00	00	19	00	fa	01	
12	00	09	00	12	00	00	00	00	00	
84	3f	84	3f	7e	3f	00	00	00	00	
00	00	00	00	00	10	00	01	00	00	
a2	00	00	00	03	00	80	3f	95	ff	
81	3f	00	00	00	00	50	a2	02	00	
02	01	c2	00	14	00	1d	00	17	00	
17	00	0f	00	12	00	0c	00	15	00	
14	00	00	00	00	00	00	00	00	00	
f9	03	00	00	00	00	00	00	00	00	
cc	0c	00	00	00	00	00	50	00	5b	
00	62	02	6c	00	0c	15	2c	15	5c	
15	55	15	47	15	49	15	64	6d	04	
00	1f	85	eb	bd	e1	7a	54	3e	14	
ae	c7	3e	