08	1a	e2	00	00	c4	00	1d	c2	49	
18	cd	00	00	03	00	06	00	43	c2	
1d	00	f1	8e	42	44	65	00	00	00	
00	00	00	00	00	00	00	00	00	00	
00	00	00	00	00	00	00	00	00	01	
b8	00	00	01	00	00	ec	00	36	00	
3b	00	09	00	00	00	19	00	fa	01	
12	00	09	00	15	00	00	00	00	00	
37	3f	38	3f	41	3f	00	00	00	00	
00	00	00	00	00	10	00	01	00	00	
a2	00	00	00	03	00	43	3f	94	ff	
41	3f	00	00	00	00	73	a2	02	00	
fd	ff	c3	00	14	00	1d	00	1a	00	
17	00	0c	00	12	00	0f	00	15	00	
17	00	00	00	00	00	00	00	00	00	
46	04	00	00	00	00	00	00	00	00	
ce	0c	00	00	00	00	00	09	00	12	
00	0f	00	13	00	0f	01	13	01	15	
01	06	01	30	01	3d	01	3d	23	04	
00	cc	cc	cc	bd	f5	28	5c	3e	b8	
1e	e5	3e	