08	1a	c7	d6	00	c4	00	28	47	9b	
16	d0	00	00	0a	00	06	00	95	47	
28	00	06	eb	49	40	10	00	00	00	
00	00	00	00	00	00	00	00	00	00	
00	00	00	00	00	00	00	00	00	01	
bb	00	00	01	00	00	e0	00	36	00	
3b	00	09	00	a9	00	19	00	17	02	
12	00	0c	00	12	00	00	00	00	00	
09	3f	fa	3e	04	3f	00	00	00	00	
00	00	00	00	00	10	00	01	00	00	
a2	00	00	00	03	00	15	3f	95	ff	
16	3f	00	00	00	00	f4	65	01	00	
fe	ff	71	01	17	00	d9	00	1a	00	
17	00	0c	00	15	00	0f	00	15	00	
17	00	00	00	f5	2e	00	00	00	00	
46	04	00	00	00	00	00	00	00	00	
cc	0c	01	00	00	00	00	09	00	12	
00	0f	00	14	00	10	01	13	01	07	
01	06	00	06	01	f8	01	2f	31	04	
00	0a	d7	23	bc	ae	47	21	3e	d7	
a3	d0	3e	