08	1a	f7	4f	00	c4	00	21	17	5f	
16	c9	00	00	0a	00	06	00	59	17	
21	00	ac	a3	4f	44	0d	00	00	00	
00	00	00	00	00	00	00	00	00	00	
00	00	00	00	00	00	00	00	00	01	
b9	00	00	01	00	00	d4	00	33	00	
3b	00	06	00	03	00	1c	00	fa	01	
0f	00	0c	00	12	00	00	00	00	00	
84	3f	75	3f	7e	3f	00	00	00	00	
00	00	00	00	00	10	00	01	00	00	
a2	00	00	00	03	00	80	3f	95	ff	
81	3f	00	00	00	00	3b	8c	02	00	
13	01	c4	00	14	00	1d	00	17	00	
14	00	0f	00	12	00	0f	00	15	00	
14	00	00	00	00	00	00	00	00	00	
f9	03	00	00	00	00	00	00	00	00	
ce	0c	00	00	00	00	00	51	00	5b	
00	ae	02	b6	00	0b	12	2e	12	f9	
13	f4	13	10	13	13	13	13	18	04	
00	14	ae	a7	be	14	ae	c7	3d	67	
66	16	bf	