08	1a	c0	14	00	c4	00	1c	6f	11	
18	f6	00	00	00	00	06	00	0b	6f	
1c	00	5e	ba	49	3c	6f	00	00	00	
00	00	00	00	00	00	00	00	00	00	
00	00	00	00	00	00	00	00	00	01	
b7	00	01	00	00	00	e4	00	36	00	
3b	00	09	00	03	00	16	00	f4	01	
12	00	0c	00	12	00	00	00	00	00	
37	3f	38	3f	41	3f	00	00	00	00	
00	00	00	00	00	10	00	01	00	00	
a2	00	00	00	03	00	34	3f	94	ff	
3e	3f	00	00	00	00	13	8c	02	00	
fd	ff	c3	00	14	00	1d	00	1a	00	
17	00	0c	00	12	00	0c	00	15	00	
14	00	00	00	00	00	00	00	00	00	
46	04	00	00	00	00	00	00	00	00	
cc	0c	00	00	00	00	00	09	00	12	
00	0f	00	13	00	10	01	13	01	4d	
01	3d	01	14	01	21	01	3d	31	04	
00	c2	f5	a8	3d	99	99	99	bd	a5	
70	7d	be	