08	1a	e5	d7	00	c4	00	20	68	af	
16	c3	00	00	0a	00	06	00	a9	68	
20	00	ab	23	47	46	51	00	00	00	
00	00	00	00	00	00	00	00	00	00	
00	00	00	00	00	00	00	00	00	01	
b9	00	00	01	00	00	f3	00	36	00	
3b	00	06	00	00	00	1c	00	fa	01	
12	00	09	00	12	00	00	00	00	00	
37	3f	47	3f	41	3f	00	00	00	00	
00	00	00	00	00	10	00	01	00	00	
a2	00	00	00	03	00	43	3f	95	ff	
4a	3f	00	00	00	00	68	fe	01	00	
fe	ff	c4	00	14	00	1a	00	17	00	
17	00	0f	00	12	00	0f	00	15	00	
14	00	00	00	00	00	00	00	00	00	
46	04	00	00	00	00	00	00	00	00	
ce	0c	00	00	00	00	00	09	00	12	
00	0f	00	13	00	0f	01	13	01	07	
01	14	01	14	01	2f	01	4b	31	04	
00	8f	c2	75	be	14	ae	87	be	99	
99	19	3e	