08	1a	c2	54	00	c4	00	3b	6f	a5	
2d	7e	00	00	0a	00	07	00	9f	6f	
3b	00	b5	79	d2	56	43	00	00	00	
00	00	00	00	00	00	00	00	00	00	
00	00	00	00	00	00	00	00	00	01	
bc	00	01	00	00	00	2b	01	36	00	
3e	00	09	00	00	00	18	01	08	02	
15	00	0c	00	15	00	00	00	00	00	
9a	3d	8b	3d	85	3d	00	00	00	00	
00	00	00	00	00	10	00	01	00	00	
a3	00	00	00	03	00	97	3d	94	ff	
ad	3d	00	00	00	00	a9	f3	01	00	
b3	01	c6	01	14	00	1a	00	17	00	
17	00	0f	00	12	00	0c	00	15	00	
14	00	00	00	00	00	00	00	00	00	
46	04	00	00	00	00	00	00	00	00	
cc	0c	00	00	00	00	00	46	00	49	
00	71	00	62	00	3e	40	4e	40	59	
40	37	40	37	40	04	40	20	65	7f	
00	0a	d7	23	bd	00	00	80	bd	cc	
cc	4c	3c	