08	1a	e2	20	00	c4	00	1d	c3	89	
16	e1	00	00	04	00	06	00	83	c3	
1d	00	51	8a	56	44	75	00	00	00	
00	00	00	00	00	00	00	00	00	00	
00	00	00	00	00	00	00	00	00	01	
b8	00	00	01	00	00	e8	00	36	00	
38	00	06	00	03	00	19	00	fa	01	
12	00	09	00	15	00	00	00	00	00	
28	3f	28	3f	22	3f	00	00	00	00	
00	00	00	00	00	10	00	01	00	00	
a2	00	00	00	03	00	24	3f	95	ff	
32	3f	00	00	00	00	18	a2	02	00	
fd	ff	c3	00	17	00	1d	00	17	00	
14	00	0f	00	12	00	0f	00	15	00	
14	00	00	00	00	00	00	00	00	00	
46	04	00	00	00	00	00	00	00	00	
ce	0c	00	00	00	00	00	09	00	12	
00	0f	00	13	00	0f	00	13	01	f9	
01	06	01	06	01	21	01	3d	31	04	
00	86	eb	51	3e	5c	8f	a2	3e	0a	
d7	83	3e	