08	1a	e2	05	00	c4	00	3c	ac	8f	
2d	76	00	00	0a	00	07	00	89	ac	
3c	00	83	26	d3	52	1b	00	00	00	
00	00	00	00	00	00	00	00	00	00	
00	00	00	00	00	00	00	00	00	01	
bc	00	01	00	00	00	d4	00	36	00	
3b	00	06	00	00	00	1f	00	17	02	
12	00	09	00	12	00	00	00	00	00	
47	3f	47	3f	41	3f	00	00	00	00	
00	00	00	00	00	10	00	01	00	00	
a3	00	00	00	03	00	43	3f	94	ff	
41	3f	00	00	00	00	7e	a1	02	00	
ae	00	cb	00	14	00	1d	00	1a	00	
17	00	0f	00	15	00	0f	00	18	00	
17	00	00	00	00	00	00	00	00	00	
46	04	00	00	00	00	00	00	00	00	
cc	0c	00	00	00	00	00	30	00	3e	
00	34	00	30	00	0e	41	0c	41	ec	
41	c8	41	ba	37	94	38	04	a3	0c	
03	c2	f5	a8	3d	e1	7a	94	bd	3d	
0a	d7	3d	