08	1a	e1	fd	00	c4	00	1d	c2	2b	
16	df	00	00	03	00	06	00	25	c2	
1d	00	39	f2	40	46	64	00	00	00	
00	00	00	00	00	00	00	00	00	00	
00	00	00	00	00	00	00	00	00	01	
b8	00	00	01	00	00	ed	00	36	00	
3b	00	06	00	00	00	1c	00	fd	01	
12	00	0c	00	12	00	00	00	00	00	
37	3f	38	3f	41	3f	00	00	00	00	
00	00	00	00	00	10	00	01	00	00	
a2	00	00	00	03	00	43	3f	94	ff	
42	3f	00	00	00	00	91	a2	02	00	
fd	ff	c4	00	14	00	1a	00	1a	00	
14	00	0c	00	12	00	0c	00	18	00	
17	00	00	00	00	00	00	00	00	00	
46	04	00	00	00	00	00	00	00	00	
ce	0c	00	00	00	00	00	09	00	12	
00	0f	00	13	00	0f	01	13	01	23	
01	30	01	30	01	3d	01	4b	23	04	
00	8f	c2	f5	bd	e1	7a	54	3e	71	
3d	ea	3e	