08	1a	f7	55	00	c4	00	21	17	9b	
16	cb	00	00	0a	00	06	00	95	17	
21	00	e6	7b	46	40	10	00	00	00	
00	00	00	00	00	00	00	00	00	00	
00	00	00	00	00	00	00	00	00	01	
b9	00	00	01	00	00	d5	00	33	00	
3b	00	06	00	00	00	1c	00	fd	01	
12	00	09	00	12	00	00	00	00	00	
84	3f	75	3f	7e	3f	00	00	00	00	
00	00	00	00	00	10	00	01	00	00	
a2	00	00	00	03	00	71	3f	95	ff	
83	3f	00	00	00	00	08	8c	02	00	
14	01	c2	00	14	00	1d	00	17	00	
17	00	0c	00	12	00	0c	00	15	00	
17	00	00	00	00	00	00	00	00	00	
f9	03	00	00	00	00	00	00	00	00	
ce	0c	00	00	00	00	00	ad	00	b5	
00	12	02	12	00	08	15	37	15	e6	
15	df	15	ed	15	d3	16	ee	14	04	
00	c2	f5	a8	be	cc	cc	4c	bc	00	
00	10	bf	