08	1a	e4	1f	00	c4	00	3c	c1	93	
2d	67	00	00	0a	00	07	00	8d	c1	
3c	00	08	f7	b9	5e	28	00	00	00	
00	00	00	00	00	00	00	00	00	00	
00	00	00	00	00	00	00	00	00	01	
bc	00	01	00	00	00	d1	00	33	00	
3b	00	09	00	f1	ff	1f	00	08	02	
12	00	0c	00	12	00	00	00	00	00	
28	3f	28	3f	22	3f	00	00	00	00	
00	00	00	00	00	10	00	01	00	00	
a3	00	00	00	03	00	24	3f	92	ff	
2e	3f	00	00	00	00	78	8c	02	00	
c9	00	c8	00	17	00	1d	00	1a	00	
17	00	0f	00	15	00	0f	00	15	00	
14	00	00	00	00	00	00	00	00	00	
f9	03	00	00	00	00	00	00	00	00	
cc	0c	00	00	00	00	00	32	00	3d	
00	42	00	3e	00	0e	41	0c	41	d0	
41	ba	41	ba	3a	a2	3b	ca	21	0c	
03	a4	70	bd	bd	86	eb	51	3e	52	
b8	9e	bd	