48	59	56	52	49	44	00	00	00	00	
00	00	fe	ff	ff	ff	67	46	0f	00	
88	88	20	76	04	1a	20	76	04	1a	
ff	8a	00	00	bb	0b	52	01	01	00	
01	01	01	01	40	01	3d	01	01	00	
00	00	0f	02	00	00	86	11	00	00	
01	00	03	00	00	00	00	00	00	00	
00	00	00	00	00	00	00	00	db	3e	
de	3e	1e	01	1f	01	01	01	01	01	
01	01	01	01	02	00	00	00	3d	3b	
2d	00	fe	ff	c7	00	db	3e	00	00	
00	00	00	00	0e	00	00	00	01	00	
00	00	0e	00	00	00	88	13	88	13	
88	13	48	0d	48	0d	48	0d	09	00	
10	00	0e	00	0c	00	78	01	75	01	
d7	01	fe	04	00	00	00	00	00	00	
00	00	00	00	00	00	00	00	00	00	
00	00	00	00	00	00	21	00	00	00	
04	00	e2	00	00	00	00	00	00	00	
00	