08	1a	f3	72	00	c4	00	1e	70	bd	
16	d9	00	00	07	00	06	00	b7	70	
1e	00	e0	85	52	44	1e	00	00	00	
00	00	00	00	00	00	00	00	00	00	
00	00	00	00	00	00	00	00	00	01	
b8	00	00	01	00	00	d8	00	33	00	
3b	00	06	00	03	00	1c	00	f7	01	
12	00	09	00	12	00	00	00	00	00	
84	3f	84	3f	7e	3f	00	00	00	00	
00	00	00	00	00	10	00	01	00	00	
a2	00	00	00	03	00	80	3f	95	ff	
89	3f	00	00	00	00	1b	a2	02	00	
22	01	c2	00	14	00	1d	00	17	00	
17	00	0c	00	12	00	0f	00	15	00	
14	00	00	00	00	00	00	00	00	00	
46	04	00	00	00	00	00	00	00	00	
cc	0c	00	00	00	00	00	1d	00	2a	
00	1b	02	1a	00	12	21	22	21	49	
21	29	21	37	21	31	21	3f	86	04	
00	00	00	80	3d	0a	d7	83	3e	a5	
70	fd	be	