08	1a	f1	25	00	c4	00	1e	59	bb	
16	c9	00	00	04	00	06	00	b5	59	
1e	00	12	9c	44	40	f8	00	00	00	
00	00	00	00	00	00	00	00	00	00	
00	00	00	00	00	00	00	00	00	01	
b8	00	00	01	00	00	d2	00	33	00	
3b	00	06	00	00	00	1c	00	fa	01	
12	00	09	00	12	00	00	00	00	00	
a3	3f	93	3f	9d	3f	00	00	00	00	
00	00	00	00	00	10	00	01	00	00	
a2	00	00	00	03	00	9f	3f	94	ff	
9a	3f	00	00	00	00	d4	0b	02	00	
e9	01	c2	00	14	00	1a	00	17	00	
14	00	0f	00	12	00	0f	00	15	00	
14	00	00	00	00	00	00	00	00	00	
f9	03	00	00	00	00	00	00	00	00	
ce	0c	00	00	00	00	00	c0	00	c2	
00	15	00	12	00	f5	2f	3c	2f	b4	
30	e7	30	1e	2f	1f	30	f5	2c	04	
00	d7	a3	90	be	85	eb	11	3e	00	
00	a0	3e	