08	1a	d5	7e	00	c4	00	1f	c5	35	
16	e1	00	00	0a	00	06	00	2f	c5	
1f	00	fd	f4	44	3c	24	00	00	00	
00	00	00	00	00	00	00	00	00	00	
00	00	00	00	00	00	00	00	00	01	
b8	00	00	01	00	00	d8	00	33	00	
3b	00	06	00	00	00	19	00	fd	01	
12	00	09	00	12	00	00	00	00	00	
84	3f	84	3f	7e	3f	00	00	00	00	
00	00	00	00	00	10	00	01	00	00	
a2	00	00	00	03	00	80	3f	95	ff	
83	3f	00	00	00	00	ec	a1	02	00	
02	01	c2	00	14	00	1a	00	17	00	
17	00	0c	00	12	00	0c	00	15	00	
14	00	00	00	00	00	00	00	00	00	
f9	03	00	00	00	00	00	00	00	00	
cc	0c	00	00	00	00	00	b0	00	bc	
00	0e	00	10	00	32	1f	e2	1f	55	
13	60	13	1e	1f	21	1f	78	ae	04	
00	e1	7a	94	3d	99	99	59	3e	cd	
cc	8c	be	