08	1a	f7	47	00	c4	00	21	17	0f	
16	e1	00	00	0a	00	06	00	09	17	
21	00	17	38	34	48	09	00	00	00	
00	00	00	00	00	00	00	00	00	00	
00	00	00	00	00	00	00	00	00	01	
b9	00	00	01	00	00	d1	00	33	00	
3b	00	06	00	00	00	19	00	fd	01	
0f	00	0c	00	12	00	00	00	00	00	
84	3f	84	3f	7e	3f	00	00	00	00	
00	00	00	00	00	10	00	01	00	00	
a2	00	00	00	03	00	80	3f	94	ff	
83	3f	00	00	00	00	8b	8c	02	00	
1d	01	ca	00	17	00	1d	00	17	00	
14	00	0f	00	12	00	0f	00	15	00	
14	00	00	00	00	00	00	00	00	00	
f9	03	00	00	00	00	00	00	00	00	
cc	0c	00	00	00	00	00	61	02	69	
02	02	00	02	00	fa	0d	19	0e	e0	
0e	34	0e	4f	0e	47	0d	02	ff	04	
00	e1	7a	54	be	f5	28	5c	3e	67	
66	16	bf	