08	1a	f3	5b	00	c4	00	1e	6f	d7	
16	d8	00	00	06	00	06	00	d1	6f	
1e	00	7e	d6	46	46	13	00	00	00	
00	00	00	00	00	00	00	00	00	00	
00	00	00	00	00	00	00	00	00	01	
b8	00	00	01	00	00	d2	00	33	00	
3b	00	06	00	00	00	1c	00	fa	01	
12	00	09	00	12	00	00	00	00	00	
75	3f	75	3f	6f	3f	00	00	00	00	
00	00	00	00	00	10	00	01	00	00	
a2	00	00	00	03	00	71	3f	94	ff	
76	3f	00	00	00	00	e5	8c	02	00	
a5	00	c3	00	14	00	1d	00	1a	00	
14	00	0f	00	12	00	0f	00	15	00	
14	00	00	00	00	00	00	00	00	00	
f9	03	00	00	00	00	00	00	00	00	
cc	0c	00	00	00	00	00	02	00	0e	
00	60	00	5d	00	0d	41	0b	41	a6	
42	82	41	0d	39	f5	3e	ed	9a	04	
00	71	3d	aa	3e	f5	28	dc	3d	33	
33	d3	be	