08	1a	c0	11	00	c4	00	3b	59	07	
2d	5f	00	00	0a	00	07	00	01	59	
3b	00	6b	17	d3	56	21	00	00	00	
00	00	00	00	00	00	00	00	00	00	
00	00	00	00	00	00	00	00	00	01	
bc	00	01	00	00	00	e5	00	2a	00	
3b	00	21	00	0c	00	62	00	05	02	
0e	03	f4	ff	15	00	00	00	00	00	
56	3f	47	3f	41	3f	00	00	00	00	
00	00	00	00	00	10	00	01	00	00	
a3	00	00	00	03	00	52	3f	94	ff	
5b	3f	00	00	00	00	4a	0a	02	00	
ae	00	0f	02	14	00	1d	00	1a	00	
17	00	0c	00	12	00	0c	00	18	00	
14	00	ba	13	00	00	00	00	00	00	
46	04	00	00	00	00	00	00	00	00	
cc	0c	00	00	00	00	00	2f	00	3a	
00	16	00	14	00	fa	22	34	22	88	
22	67	22	67	22	61	22	61	8e	7f	
0d	51	b8	d6	bf	e1	7a	54	be	85	
eb	11	3e	