08	1a	c3	e8	00	c4	00	1f	15	59	
16	d9	00	00	08	00	06	00	53	15	
1f	00	25	53	4f	3e	59	00	00	00	
00	00	00	00	00	00	00	00	00	00	
00	00	00	00	00	00	00	00	00	01	
b8	00	00	01	00	00	e2	00	36	00	
3b	00	06	00	00	00	19	00	fa	01	
12	00	09	00	12	00	00	00	00	00	
37	3f	38	3f	41	3f	00	00	00	00	
00	00	00	00	00	10	00	01	00	00	
a2	00	00	00	03	00	43	3f	95	ff	
40	3f	00	00	00	00	0b	ff	01	00	
fd	ff	c4	00	14	00	1d	00	17	00	
14	00	0c	00	12	00	0f	00	15	00	
17	00	00	00	00	00	00	00	00	00	
46	04	00	00	00	00	00	00	00	00	
cc	0c	00	00	00	00	00	09	00	12	
00	0f	00	14	00	0f	01	13	01	07	
01	06	01	14	01	2f	01	4b	23	04	
00	cc	cc	4c	3c	0a	d7	23	3d	e1	
7a	d4	3e	