08	1a	c0	09	00	c4	00	1c	6e	a3	
16	d8	00	00	00	00	06	00	9d	6e	
1c	00	db	c9	3b	3e	6a	00	00	00	
00	00	00	00	00	00	00	00	00	00	
00	00	00	00	00	00	00	00	00	01	
b7	00	01	00	00	00	e5	00	33	00	
3b	00	06	00	03	00	1c	00	fa	01	
12	00	09	00	12	00	00	00	00	00	
37	3f	47	3f	41	3f	00	00	00	00	
00	00	00	00	00	10	00	01	00	00	
a2	00	00	00	03	00	43	3f	95	ff	
43	3f	00	00	00	00	81	8c	02	00	
fd	ff	c3	00	14	00	1d	00	17	00	
17	00	0f	00	12	00	0c	00	15	00	
14	00	00	00	00	00	00	00	00	00	
46	04	00	00	00	00	00	00	00	00	
cc	0c	00	00	00	00	00	09	00	12	
00	0f	00	13	00	10	01	13	01	4d	
01	4b	01	14	01	2f	01	4b	31	04	
00	b8	1e	05	bd	86	eb	d1	bd	52	
b8	9e	be	