08	1a	d9	2a	00	c4	00	28	f4	e3	
16	d3	00	00	0a	00	06	00	dd	f4	
28	00	b5	f3	47	46	ba	00	00	00	
00	00	00	00	00	00	00	00	00	00	
00	00	00	00	00	00	00	00	00	01	
bb	00	00	01	00	00	c6	00	36	00	
3b	00	06	00	00	00	1c	00	08	02	
12	00	09	00	12	00	00	00	00	00	
84	3f	84	3f	7e	3f	00	00	00	00	
00	00	00	00	00	10	00	01	00	00	
a2	00	00	00	03	00	80	3f	95	ff	
83	3f	00	00	00	00	93	0c	02	00	
1d	01	c5	00	17	00	1d	00	1a	00	
17	00	0f	00	15	00	0f	00	15	00	
17	00	00	00	00	00	00	00	00	00	
f9	03	00	00	00	00	00	00	00	00	
cc	0c	00	00	00	00	00	09	00	14	
00	4b	00	48	01	2a	23	a3	23	66	
23	52	23	6d	23	67	23	83	c0	04	
00	71	3d	8a	be	8f	c2	75	bd	33	
33	33	be	