08	1a	d5	78	00	c4	00	1f	c4	f9	
16	e0	00	00	0a	00	06	00	f3	c4	
1f	00	b1	b8	49	3e	21	00	00	00	
00	00	00	00	00	00	00	00	00	00	
00	00	00	00	00	00	00	00	00	01	
b8	00	00	01	00	00	d6	00	33	00	
3b	00	06	00	03	00	1c	00	fa	01	
12	00	0c	00	12	00	00	00	00	00	
84	3f	84	3f	7e	3f	00	00	00	00	
00	00	00	00	00	10	00	01	00	00	
a2	00	00	00	03	00	80	3f	94	ff	
84	3f	00	00	00	00	28	a2	02	00	
39	01	c2	00	14	00	1d	00	1a	00	
14	00	0f	00	12	00	0c	00	15	00	
14	00	00	00	00	00	00	00	00	00	
f9	03	00	00	00	00	00	00	00	00	
cc	0c	00	00	00	00	00	9e	00	ab	
00	0c	00	07	00	0d	42	0b	42	4d	
41	44	41	ac	3b	5d	41	7d	0b	04	
00	8f	c2	f5	3d	48	e1	3a	3e	7c	
14	6e	be	