08	1a	e1	ec	00	c4	00	3c	ab	95	
2d	88	00	00	0a	00	07	00	8f	ab	
3c	00	9c	bd	d8	52	0f	00	00	00	
00	00	00	00	00	00	00	00	00	00	
00	00	00	00	00	00	00	00	00	01	
bc	00	01	00	00	00	c7	00	36	00	
38	00	06	00	03	00	1c	00	08	02	
12	00	09	00	12	00	00	00	00	00	
37	3f	47	3f	41	3f	00	00	00	00	
00	00	00	00	00	10	00	01	00	00	
a3	00	00	00	03	00	43	3f	94	ff	
42	3f	00	00	00	00	78	a2	02	00	
b2	00	c8	00	17	00	1d	00	1a	00	
17	00	0f	00	15	00	0f	00	18	00	
17	00	00	00	00	00	00	00	00	00	
f9	03	00	00	00	00	00	00	00	00	
cc	0c	00	00	00	00	00	32	00	3c	
00	37	00	32	00	0e	41	0c	41	ec	
41	c8	41	c8	38	b0	3b	6b	9e	0c	
03	14	ae	07	3e	7b	14	ae	bd	3d	
0a	17	3e	