08	1a	f1	3c	00	c4	00	1e	5a	a1	
16	ca	00	00	05	00	06	00	9b	5a	
1e	00	0b	44	4f	44	03	00	00	00	
00	00	00	00	00	00	00	00	00	00	
00	00	00	00	00	00	00	00	00	01	
b8	00	00	01	00	00	d7	00	33	00	
3e	00	06	00	00	00	1c	00	fa	01	
12	00	0c	00	12	00	00	00	00	00	
84	3f	84	3f	7e	3f	00	00	00	00	
00	00	00	00	00	10	00	01	00	00	
a2	00	00	00	03	00	80	3f	95	ff	
83	3f	00	00	00	00	1e	a2	02	00	
0b	01	cc	00	14	00	1a	00	17	00	
17	00	0c	00	15	00	0c	00	15	00	
14	00	00	00	00	00	00	00	00	00	
f9	03	00	00	00	00	00	00	00	00	
cc	0c	00	00	00	00	00	51	01	59	
01	1b	01	20	00	f3	0f	1f	10	f0	
10	0a	10	33	10	2a	10	2a	1c	04	
00	eb	51	b8	bd	f5	28	5c	3e	ad	
47	c1	3e	