08	1a	c4	12	00	c4	00	1f	16	fd	
18	e6	00	00	08	00	06	00	f7	16	
1f	00	f1	7f	47	42	6e	00	00	00	
00	00	00	00	00	00	00	00	00	00	
00	00	00	00	00	00	00	00	00	01	
b8	00	00	01	00	00	dc	00	39	00	
3b	00	06	00	00	00	19	00	14	02	
12	00	0c	00	15	00	00	00	00	00	
28	3f	28	3f	22	3f	00	00	00	00	
00	00	00	00	00	10	00	01	00	00	
a2	00	00	00	03	00	34	3f	86	ff	
2c	3f	00	00	00	00	67	fd	01	00	
fd	ff	cb	00	14	00	1d	00	1a	00	
14	00	0f	00	12	00	0f	00	15	00	
14	00	00	00	00	00	00	00	00	00	
46	04	00	00	00	00	00	00	00	00	
cc	0c	00	00	00	00	00	09	00	12	
00	0f	00	13	00	0f	00	13	00	f9	
00	f8	01	f8	01	13	01	2f	23	04	
00	7b	14	2e	3d	8f	c2	75	3e	7b	
14	2e	3e	