08	1a	db	85	00	c4	00	2c	ef	3f	
16	fc	00	00	0a	00	06	00	39	ef	
2c	00	f7	67	50	40	a5	00	00	00	
00	00	00	00	00	00	00	00	00	00	
00	00	00	00	00	00	00	00	00	01	
bb	00	00	01	00	00	09	01	36	00	
3b	00	06	00	a0	00	1c	00	08	02	
12	00	09	00	15	00	00	00	00	00	
56	3f	47	3f	41	3f	00	00	00	00	
00	00	00	00	00	10	00	01	00	00	
a2	00	00	00	03	00	43	3f	95	ff	
51	3f	00	00	00	00	8f	f5	01	00	
d2	02	66	01	2f	00	fd	00	32	00	
2f	00	27	00	30	00	27	00	30	00	
2f	00	00	00	f5	2e	00	00	00	00	
18	04	00	00	00	00	00	00	00	00	
c2	0c	01	00	00	00	00	cc	00	ca	
00	4a	00	46	00	0e	42	0c	41	07	
41	f1	41	d5	3c	94	3d	4c	3f	04	
00	14	ae	e7	3e	eb	51	38	bd	29	
5c	af	be	