08	1a	d2	b6	00	c4	00	3c	13	79	
2d	78	00	00	0a	00	07	00	73	13	
3c	00	85	97	e0	52	74	00	00	00	
00	00	00	00	00	00	00	00	00	00	
00	00	00	00	00	00	00	00	00	01	
bc	00	01	00	00	00	e7	00	36	00	
3b	00	06	00	00	00	1f	00	08	02	
12	00	09	00	12	00	00	00	00	00	
bd	3e	bd	3e	b7	3e	00	00	00	00	
00	00	00	00	00	10	00	01	00	00	
a3	00	00	00	03	00	b9	3e	95	ff	
c0	3e	00	00	00	00	69	a2	02	00	
fd	ff	ca	00	14	00	1d	00	1a	00	
17	00	0f	00	15	00	0f	00	18	00	
14	00	00	00	00	00	00	00	00	00	
46	04	00	00	00	00	00	00	00	00	
ce	0c	00	00	00	00	00	09	00	13	
00	10	00	14	00	10	01	13	01	07	
01	06	01	06	01	13	01	3d	23	0c	
03	5c	8f	c2	bd	8f	c2	75	bc	99	
99	19	bd	