08	1a	e2	0e	00	c4	00	1d	c2	d5	
18	c5	00	00	04	00	06	00	cf	c2	
1d	00	b6	73	50	40	6c	00	00	00	
00	00	00	00	00	00	00	00	00	00	
00	00	00	00	00	00	00	00	00	01	
b8	00	00	01	00	00	ea	00	36	00	
3b	00	06	00	00	00	19	00	fa	01	
12	00	0c	00	12	00	00	00	00	00	
37	3f	38	3f	32	3f	00	00	00	00	
00	00	00	00	00	10	00	01	00	00	
a2	00	00	00	03	00	34	3f	95	ff	
3b	3f	00	00	00	00	cc	a2	02	00	
fe	ff	c3	00	14	00	1d	00	1a	00	
17	00	0f	00	12	00	0c	00	18	00	
17	00	00	00	00	00	00	00	00	00	
46	04	00	00	00	00	00	00	00	00	
cc	0c	00	00	00	00	00	09	00	12	
00	0f	00	13	00	0f	01	13	01	07	
01	06	01	22	01	2f	01	3d	3f	04	
00	0a	d7	23	bc	c3	f5	88	3e	f5	
28	bc	3e	