08	1a	e5	f5	00	c4	00	20	69	db	
16	ea	00	00	0a	00	06	00	d5	69	
20	00	85	2e	3c	3c	60	00	00	00	
00	00	00	00	00	00	00	00	00	00	
00	00	00	00	00	00	00	00	00	01	
b9	00	00	01	00	00	ef	00	36	00	
3b	00	06	00	00	00	19	00	fa	01	
12	00	09	00	12	00	00	00	00	00	
37	3f	38	3f	32	3f	00	00	00	00	
00	00	00	00	00	10	00	01	00	00	
a2	00	00	00	03	00	34	3f	95	ff	
3b	3f	00	00	00	00	32	fd	01	00	
fe	ff	c3	00	14	00	1a	00	17	00	
14	00	0c	00	12	00	0c	00	15	00	
14	00	00	00	00	00	00	00	00	00	
46	04	00	00	00	00	00	00	00	00	
cc	0c	00	00	00	00	00	09	00	12	
00	0f	00	13	00	10	01	13	01	07	
01	06	01	06	01	21	01	3d	31	04	
00	8f	c2	75	be	eb	51	78	be	99	
99	99	bd	