08	1a	f3	6e	00	c4	00	1e	70	95	
16	d9	00	00	07	00	06	00	8f	70	
1e	00	02	99	42	44	1c	00	00	00	
00	00	00	00	00	00	00	00	00	00	
00	00	00	00	00	00	00	00	00	01	
b8	00	00	01	00	00	d7	00	33	00	
3b	00	06	00	00	00	1c	00	fd	01	
12	00	0c	00	15	00	00	00	00	00	
84	3f	75	3f	7e	3f	00	00	00	00	
00	00	00	00	00	10	00	01	00	00	
a2	00	00	00	03	00	80	3f	94	ff	
84	3f	00	00	00	00	43	a2	02	00	
fa	00	c2	00	17	00	1d	00	1a	00	
17	00	0f	00	15	00	0f	00	15	00	
14	00	00	00	00	00	00	00	00	00	
f9	03	00	00	00	00	00	00	00	00	
cc	0c	00	00	00	00	00	11	00	1e	
00	72	01	7b	00	e3	18	21	18	f0	
18	ca	18	bc	18	ae	19	f3	02	04	
00	d7	a3	f0	3d	ae	47	81	3e	52	
b8	fe	be	