08	1a	e4	40	00	c4	00	3c	c2	dd	
2d	61	00	00	0a	00	07	00	d7	c2	
3c	00	82	36	de	5c	39	00	00	00	
00	00	00	00	00	00	00	00	00	00	
00	00	00	00	00	00	00	00	00	01	
bc	00	01	00	00	00	e0	00	33	00	
3b	00	06	00	03	00	1f	00	08	02	
12	00	09	00	12	00	00	00	00	00	
28	3f	38	3f	32	3f	00	00	00	00	
00	00	00	00	00	10	00	01	00	00	
a3	00	00	00	03	00	34	3f	95	ff	
32	3f	00	00	00	00	2e	8b	02	00	
cb	00	c8	00	17	00	1d	00	1a	00	
17	00	0f	00	15	00	0f	00	18	00	
17	00	00	00	00	00	00	00	00	00	
46	04	00	00	00	00	00	00	00	00	
ce	0c	00	00	00	00	00	35	00	40	
00	3e	00	3d	00	0e	41	0c	41	c2	
41	ba	41	ba	37	94	3a	81	35	0c	
03	14	ae	c7	bd	48	e1	3a	3e	7b	
14	2e	bd	