08	1a	d2	ca	00	c4	00	3c	14	41	
2f	73	00	00	0a	00	07	00	3b	14	
3c	00	3c	da	dd	58	7e	00	00	00	
00	00	00	00	00	00	00	00	00	00	
00	00	00	00	00	00	00	00	00	01	
bc	00	01	00	00	00	e2	00	36	00	
3b	00	06	00	03	00	1f	00	05	02	
12	00	09	00	12	00	00	00	00	00	
ae	3e	ae	3e	a8	3e	00	00	00	00	
00	00	00	00	00	10	00	01	00	00	
a3	00	00	00	03	00	b9	3e	95	ff	
b4	3e	00	00	00	00	a1	a1	02	00	
fd	ff	c9	00	17	00	1d	00	1a	00	
17	00	0f	00	15	00	0f	00	18	00	
17	00	00	00	00	00	00	00	00	00	
46	04	00	00	00	00	00	00	00	00	
cc	0c	00	00	00	00	00	09	00	12	
00	10	00	14	00	10	00	14	00	f9	
01	f8	01	06	01	13	01	2f	23	0c	
03	86	eb	d1	bd	99	99	19	bd	b8	
1e	05	bd	