08	1a	cf	5c	00	c4	00	1d	07	e1	
16	d9	00	00	01	00	06	00	db	07	
1d	00	0d	0f	50	3e	13	00	00	00	
00	00	00	00	00	00	00	00	00	00	
00	00	00	00	00	00	00	00	00	01	
b7	00	01	00	00	00	c9	00	36	00	
38	00	06	00	00	00	1c	00	fd	01	
12	00	06	00	12	00	00	00	00	00	
84	3f	75	3f	7e	3f	00	00	00	00	
00	00	00	00	00	10	00	01	00	00	
a2	00	00	00	03	00	80	3f	95	ff	
80	3f	00	00	00	00	30	f3	01	00	
00	01	c2	00	14	00	1d	00	1a	00	
17	00	0f	00	12	00	0f	00	15	00	
14	00	00	00	00	00	00	00	00	00	
f9	03	00	00	00	00	00	00	00	00	
cc	0c	00	00	00	00	00	2e	00	3b	
00	b0	00	ad	01	1c	19	36	19	7a	
19	70	19	8b	19	8a	19	8a	b6	04	
00	51	b8	de	3e	3d	0a	57	3d	1f	
85	6b	be	