08	1a	db	a2	00	c4	00	2c	f0	61	
16	da	00	00	0a	00	06	00	5b	f0	
2c	00	cb	f2	1a	44	b3	00	00	00	
00	00	00	00	00	00	00	00	00	00	
00	00	00	00	00	00	00	00	00	01	
bb	00	00	01	00	00	10	01	36	00	
3b	00	06	00	a6	00	1c	00	08	02	
12	00	09	00	12	00	00	00	00	00	
37	3f	28	3f	32	3f	00	00	00	00	
00	00	00	00	00	10	00	01	00	00	
a2	00	00	00	03	00	34	3f	95	ff	
38	3f	00	00	00	00	63	f4	01	00	
a0	01	6a	01	2f	00	fd	00	32	00	
2f	00	27	00	2d	00	27	00	30	00	
2f	00	00	00	f5	2e	00	00	00	00	
18	04	00	00	00	00	00	00	00	00	
c0	0c	01	00	00	00	00	46	00	50	
00	5c	00	5a	00	0e	41	0c	41	c2	
41	ac	41	ac	3e	94	3d	90	5b	04	
00	e1	7a	14	3e	00	00	a0	3e	1f	
85	0b	bf	