08	1a	e4	28	00	c4	00	3c	c1	ed	
2d	5c	00	00	0a	00	07	00	e7	c1	
3c	00	73	ba	d1	5a	2d	00	00	00	
00	00	00	00	00	00	00	00	00	00	
00	00	00	00	00	00	00	00	00	01	
bc	00	01	00	00	00	d6	00	36	00	
3b	00	06	00	00	00	1f	00	19	02	
12	00	09	00	12	00	00	00	00	00	
37	3f	38	3f	32	3f	00	00	00	00	
00	00	00	00	00	10	00	01	00	00	
a3	00	00	00	03	00	34	3f	95	ff	
3a	3f	00	00	00	00	1e	8c	02	00	
23	01	cb	00	14	00	1d	00	1a	00	
14	00	0f	00	15	00	0f	00	15	00	
17	00	00	00	00	00	00	00	00	00	
46	04	00	00	00	00	00	00	00	00	
cc	0c	00	00	00	00	00	49	00	53	
00	57	00	54	00	0e	41	0c	41	de	
41	d5	41	d5	3a	b0	3a	5c	a4	0c	
03	3d	0a	d7	bd	f5	28	5c	3e	29	
5c	8f	bd	