08	1a	e5	ff	00	c4	00	20	6a	3f	
16	d9	00	00	0a	00	06	00	39	6a	
20	00	f4	24	44	3c	65	00	00	00	
00	00	00	00	00	00	00	00	00	00	
00	00	00	00	00	00	00	00	00	01	
b9	00	00	01	00	00	ee	00	36	00	
3b	00	06	00	00	00	1c	00	fa	01	
12	00	09	00	12	00	00	00	00	00	
28	3f	38	3f	32	3f	00	00	00	00	
00	00	00	00	00	10	00	01	00	00	
a2	00	00	00	03	00	34	3f	95	ff	
37	3f	00	00	00	00	ce	fc	01	00	
fd	ff	c3	00	14	00	1a	00	1a	00	
17	00	0f	00	15	00	0f	00	15	00	
14	00	00	00	00	00	00	00	00	00	
46	04	00	00	00	00	00	00	00	00	
ce	0c	00	00	00	00	00	09	00	12	
00	0f	00	13	00	10	01	13	01	07	
00	06	01	f8	01	13	01	3d	31	04	
00	7b	14	2e	be	67	66	66	be	8f	
c2	f5	bd	