08	1a	d5	73	00	c4	00	1f	c4	c7	
16	cc	00	00	0a	00	06	00	c1	c4	
1f	00	e4	21	42	42	1f	00	00	00	
00	00	00	00	00	00	00	00	00	00	
00	00	00	00	00	00	00	00	00	01	
b8	00	00	01	00	00	d5	00	33	00	
3b	00	06	00	00	00	1c	00	fa	01	
12	00	09	00	12	00	00	00	00	00	
75	3f	66	3f	6f	3f	00	00	00	00	
00	00	00	00	00	10	00	01	00	00	
a2	00	00	00	03	00	71	3f	95	ff	
70	3f	00	00	00	00	5a	a2	02	00	
b5	00	c2	00	14	00	1a	00	1a	00	
14	00	0c	00	15	00	0c	00	15	00	
14	00	00	00	00	00	00	00	00	00	
f9	03	00	00	00	00	00	00	00	00	
ce	0c	00	00	00	00	00	5a	00	68	
00	0d	00	09	00	0e	42	0c	42	15	
41	0d	41	9e	3a	87	3a	e6	ea	04	
00	33	33	33	3e	20	85	2b	3e	14	
ae	47	be	