08	1a	f3	79	00	c4	00	1e	71	03	
18	d8	00	00	07	00	06	00	fd	70	
1e	00	82	20	40	46	22	00	00	00	
00	00	00	00	00	00	00	00	00	00	
00	00	00	00	00	00	00	00	00	01	
b8	00	00	01	00	00	da	00	33	00	
3b	00	06	00	00	00	19	00	fa	01	
12	00	09	00	15	00	00	00	00	00	
84	3f	84	3f	7e	3f	00	00	00	00	
00	00	00	00	00	10	00	01	00	00	
a2	00	00	00	03	00	80	3f	94	ff	
83	3f	00	00	00	00	d5	a1	02	00	
01	01	cc	00	14	00	1d	00	1a	00	
14	00	0f	00	12	00	0c	00	15	00	
14	00	00	00	00	00	00	00	00	00	
46	04	00	00	00	00	00	00	00	00	
cc	0c	00	00	01	00	01	44	00	4a	
00	24	01	26	00	c9	0f	2e	10	f0	
0f	0a	0f	ee	10	f3	10	0e	0e	04	
00	29	5c	8f	bc	ae	47	81	3e	14	
ae	e7	be	