08	1a	cf	2e	00	c4	00	1d	06	15	
16	d9	00	00	01	00	06	00	0f	06	
1d	00	a4	61	42	42	fc	00	00	00	
00	00	00	00	00	00	00	00	00	00	
00	00	00	00	00	00	00	00	00	01	
b7	00	01	00	00	00	ba	00	33	00	
3b	00	06	00	fd	ff	19	00	f4	01	
12	00	09	00	12	00	00	00	00	00	
84	3f	84	3f	8d	3f	00	00	00	00	
00	00	00	00	00	10	00	01	00	00	
a2	00	00	00	03	00	80	3f	94	ff	
85	3f	00	00	00	00	fc	f4	01	00	
62	01	c1	00	14	00	1d	00	17	00	
14	00	0c	00	12	00	0f	00	15	00	
14	00	00	00	00	00	00	00	00	00	
ea	03	00	00	00	00	00	00	00	00	
cc	0c	00	00	01	01	01	5b	00	5d	
00	3c	01	3f	00	82	14	5c	14	c3	
14	f4	14	d8	14	e8	14	da	c7	04	
00	cc	cc	cc	bc	3e	0a	b7	be	34	
33	f3	be	