08	1a	f4	9c	00	c4	00	3d	66	75	
2d	58	00	00	0a	00	07	00	6f	66	
3d	00	0b	15	d2	56	67	00	00	00	
00	00	00	00	00	00	00	00	00	00	
00	00	00	00	00	00	00	00	00	01	
bc	00	01	00	00	00	e9	00	36	00	
3b	00	06	00	00	00	1f	00	08	02	
12	00	09	00	12	00	00	00	00	00	
bd	3e	bd	3e	c7	3e	00	00	00	00	
00	00	00	00	00	10	00	01	00	00	
a3	00	00	00	03	00	b9	3e	95	ff	
c4	3e	00	00	00	00	e6	a2	02	00	
fe	ff	cc	00	14	00	1d	00	1a	00	
17	00	0c	00	15	00	0f	00	18	00	
14	00	00	00	00	00	00	00	00	00	
46	04	00	00	00	00	00	00	00	00	
cc	0c	00	00	00	00	00	09	00	12	
00	10	00	14	00	10	01	14	01	15	
01	14	01	06	01	2f	01	3d	31	0c	
03	5c	8f	c2	bd	8f	c2	f5	bb	8f	
c2	f5	bc	