08	1a	f1	31	00	c4	00	1e	5a	33	
16	da	00	00	05	00	06	00	2d	5a	
1e	00	37	7b	56	44	fe	00	00	00	
00	00	00	00	00	00	00	00	00	00	
00	00	00	00	00	00	00	00	00	01	
b8	00	00	01	00	00	d4	00	33	00	
46	00	06	00	03	00	19	00	fd	01	
12	00	09	00	15	00	00	00	00	00	
84	3f	84	3f	6f	3f	00	00	00	00	
00	00	00	00	00	10	00	01	00	00	
a2	00	00	00	03	00	71	3f	94	ff	
7f	3f	00	00	00	00	8c	a2	02	00	
f0	00	c2	00	14	00	1d	00	1a	00	
17	00	0f	00	12	00	0c	00	15	00	
14	00	00	00	00	00	00	00	00	00	
f9	03	00	00	00	00	00	00	00	00	
cc	0c	00	00	00	00	00	52	00	5c	
00	0e	01	10	00	e5	19	37	19	7a	
13	70	13	63	19	66	19	8a	9b	04	
00	c2	f5	28	be	cc	cc	4c	3e	5c	
8f	c2	3e	