08	1a	cf	47	00	c4	00	1d	07	0f	
16	ca	00	00	01	00	06	00	09	07	
1d	00	24	25	3d	42	09	00	00	00	
00	00	00	00	00	00	00	00	00	00	
00	00	00	00	00	00	00	00	00	01	
b7	00	01	00	00	00	c3	00	33	00	
3b	00	09	00	00	00	19	00	fd	01	
12	00	09	00	12	00	00	00	00	00	
84	3f	84	3f	7e	3f	00	00	00	00	
00	00	00	00	00	10	00	01	00	00	
a2	00	00	00	03	00	80	3f	95	ff	
85	3f	00	00	00	00	0c	f4	01	00	
2f	01	c1	00	14	00	1a	00	17	00	
17	00	0f	00	12	00	0f	00	15	00	
14	00	00	00	00	00	00	00	00	00	
f9	03	00	00	00	00	00	00	00	00	
cc	0c	00	00	00	00	00	08	00	13	
00	a4	00	a8	01	28	18	d7	18	57	
18	4d	18	4d	18	4d	18	4d	77	04	
00	29	5c	ef	3e	c2	f5	28	be	14	
ae	47	be	