08	1a	e2	23	00	c4	00	1d	c3	a7	
16	da	00	00	04	00	06	00	a1	c3	
1d	00	52	f3	55	44	77	00	00	00	
00	00	00	00	00	00	00	00	00	00	
00	00	00	00	00	00	00	00	00	01	
b8	00	00	01	00	00	e7	00	36	00	
3b	00	06	00	00	00	19	00	f7	01	
12	00	09	00	12	00	00	00	00	00	
28	3f	28	3f	32	3f	00	00	00	00	
00	00	00	00	00	10	00	01	00	00	
a2	00	00	00	03	00	34	3f	95	ff	
31	3f	00	00	00	00	fa	a1	02	00	
fe	ff	c3	00	14	00	1d	00	1a	00	
14	00	0c	00	15	00	0c	00	15	00	
14	00	00	00	00	00	00	00	00	00	
46	04	00	00	00	00	00	00	00	00	
ce	0c	00	00	00	00	00	09	00	12	
00	0f	00	13	00	0f	01	13	01	07	
01	06	01	06	01	21	01	2f	31	04	
00	eb	51	78	3e	00	00	a0	3e	8f	
c2	75	3e	