08	1a	e1	e3	00	c4	00	3c	ab	3b	
2d	68	00	00	0a	00	07	00	35	ab	
3c	00	da	05	de	5c	0a	00	00	00	
00	00	00	00	00	00	00	00	00	00	
00	00	00	00	00	00	00	00	00	01	
bc	00	01	00	00	00	bf	00	42	00	
46	00	09	00	00	00	1c	00	fb	04	
21	00	17	00	21	00	00	00	00	00	
37	3f	38	3f	32	3f	00	00	00	00	
00	00	00	00	00	10	00	01	00	00	
a3	00	00	00	03	00	34	3f	8d	ff	
37	3f	00	00	00	00	d2	a2	02	00	
c7	00	6f	01	2f	00	38	00	32	00	
2f	00	2a	00	30	00	2a	00	30	00	
2f	00	00	00	00	00	00	00	00	00	
18	04	00	00	00	00	00	00	00	00	
c2	0c	00	00	00	00	00	3a	00	43	
00	3a	00	35	00	0e	41	0c	41	de	
41	c8	41	c8	39	a2	3b	fb	c8	0c	
03	14	ae	07	3e	8f	c2	75	bd	52	
b8	1e	3e	