08	1a	e5	f7	00	c4	00	20	69	ef	
16	eb	00	00	0a	00	06	00	e9	69	
20	00	90	c2	50	3c	61	00	00	00	
00	00	00	00	00	00	00	00	00	00	
00	00	00	00	00	00	00	00	00	01	
b9	00	00	01	00	00	ef	00	33	00	
3b	00	06	00	fd	ff	1c	00	fa	01	
12	00	0c	00	12	00	00	00	00	00	
37	3f	38	3f	32	3f	00	00	00	00	
00	00	00	00	00	10	00	01	00	00	
a2	00	00	00	03	00	34	3f	94	ff	
3a	3f	00	00	00	00	28	fd	01	00	
fe	ff	c3	00	14	00	1d	00	1a	00	
14	00	0f	00	15	00	0f	00	15	00	
14	00	00	00	00	00	00	00	00	00	
46	04	00	00	00	00	00	00	00	00	
cc	0c	00	00	00	00	00	09	00	12	
00	0f	00	13	00	10	00	13	01	f9	
01	06	01	06	01	21	01	3d	31	04	
00	c2	f5	68	be	8f	c2	75	be	99	
99	99	bd	