08	1a	c3	f4	00	c4	00	1f	15	d1	
16	cb	00	00	08	00	06	00	cb	15	
1f	00	32	30	3c	44	5f	00	00	00	
00	00	00	00	00	00	00	00	00	00	
00	00	00	00	00	00	00	00	00	01	
b8	00	00	01	00	00	e1	00	36	00	
3b	00	06	00	03	00	1c	00	fa	01	
12	00	09	00	12	00	00	00	00	00	
37	3f	38	3f	32	3f	00	00	00	00	
00	00	00	00	00	10	00	01	00	00	
a2	00	00	00	03	00	34	3f	95	ff	
3c	3f	00	00	00	00	9c	fe	01	00	
fd	ff	c4	00	14	00	1d	00	17	00	
14	00	0c	00	15	00	0c	00	15	00	
14	00	00	00	00	00	00	00	00	00	
46	04	00	00	00	00	00	00	00	00	
cc	0c	00	00	00	00	00	09	00	12	
00	0f	00	14	00	10	00	13	00	f9	
01	f8	01	22	01	21	01	21	23	04	
00	0a	d7	23	bd	c2	f5	a8	3d	71	
3d	aa	3e	