08	1a	e4	47	00	c4	00	3c	c3	23	
2d	68	00	00	0a	00	07	00	1d	c3	
3c	00	53	0f	d1	58	3c	00	00	00	
00	00	00	00	00	00	00	00	00	00	
00	00	00	00	00	00	00	00	00	01	
bc	00	01	00	00	00	e2	00	33	00	
3b	00	06	00	00	00	1f	00	05	02	
12	00	09	00	12	00	00	00	00	00	
28	3f	28	3f	22	3f	00	00	00	00	
00	00	00	00	00	10	00	01	00	00	
a3	00	00	00	03	00	34	3f	95	ff	
31	3f	00	00	00	00	e8	8a	02	00	
c4	00	c8	00	17	00	1d	00	1a	00	
14	00	0c	00	15	00	0f	00	15	00	
14	00	00	00	00	00	00	00	00	00	
46	04	00	00	00	00	00	00	00	00	
cc	0c	00	00	00	00	00	33	00	3f	
00	3c	00	3b	00	0e	41	0c	41	c2	
41	ba	41	ba	37	a2	3b	73	3d	0c	
03	7b	14	ae	bd	eb	51	38	3e	8f	
c2	f5	bc	