08	1a	f5	1e	00	c4	00	21	01	75	
16	e8	00	00	0a	00	06	00	6f	01	
21	00	bb	3d	52	3c	f4	00	00	00	
00	00	00	00	00	00	00	00	00	00	
00	00	00	00	00	00	00	00	00	01	
b9	00	00	01	00	00	d0	00	36	00	
3b	00	09	00	00	00	1c	00	fa	01	
12	00	0c	00	12	00	00	00	00	00	
84	3f	84	3f	7e	3f	00	00	00	00	
00	00	00	00	00	10	00	01	00	00	
a2	00	00	00	03	00	80	3f	97	ff	
86	3f	00	00	00	00	27	a2	02	00	
10	01	c2	00	14	00	1d	00	1a	00	
17	00	0f	00	15	00	0f	00	15	00	
14	00	00	00	00	00	00	00	00	00	
f9	03	00	00	00	00	00	00	00	00	
ce	0c	00	00	00	00	00	05	00	10	
00	4a	00	46	00	dc	32	32	32	e7	
32	d2	32	9a	32	c3	32	7e	e2	04	
00	ad	47	61	bd	00	00	40	3e	f5	
28	bc	be	