08	1a	e1	f4	00	c4	00	1d	c1	d1	
16	da	00	00	02	00	06	00	cb	c1	
1d	00	80	b8	50	46	5f	00	00	00	
00	00	00	00	00	00	00	00	00	00	
00	00	00	00	00	00	00	00	00	01	
b8	00	00	01	00	00	ee	00	36	00	
3b	00	06	00	03	00	1c	00	fa	01	
15	00	09	00	12	00	00	00	00	00	
37	3f	47	3f	41	3f	00	00	00	00	
00	00	00	00	00	10	00	01	00	00	
a2	00	00	00	03	00	43	3f	94	ff	
46	3f	00	00	00	00	eb	a2	02	00	
fd	ff	c4	00	17	00	1d	00	17	00	
17	00	0c	00	12	00	0c	00	15	00	
14	00	00	00	00	00	00	00	00	00	
46	04	00	00	00	00	00	00	00	00	
ca	0c	00	00	00	00	00	09	00	12	
00	0f	00	13	00	10	01	13	01	23	
01	22	01	14	01	2f	01	58	31	04	
00	7b	14	2e	be	14	ae	47	3e	29	
5c	ef	3e	