08	1a	e5	d8	00	c4	00	20	68	b9	
1a	de	00	00	0a	00	06	00	b3	68	
20	00	44	33	4f	46	51	00	00	00	
00	00	00	00	00	00	00	00	00	00	
00	00	00	00	00	00	00	00	00	01	
b9	00	00	01	00	00	f3	00	36	00	
3b	00	06	00	03	00	19	00	fa	01	
12	00	0c	00	12	00	00	00	00	00	
47	3f	47	3f	41	3f	00	00	00	00	
00	00	00	00	00	10	00	01	00	00	
a2	00	00	00	03	00	43	3f	95	ff	
47	3f	00	00	00	00	54	fe	01	00	
fd	ff	c3	00	17	00	1a	00	17	00	
17	00	0c	00	12	00	0c	00	15	00	
14	00	00	00	00	00	00	00	00	00	
46	04	00	00	00	00	00	00	00	00	
cc	0c	00	00	00	00	00	09	00	12	
00	0f	00	13	00	0f	01	13	01	07	
01	06	01	14	01	2f	01	4b	31	04	
00	eb	51	78	be	71	3d	8a	be	3d	
0a	17	3e	