08	1a	d3	2b	00	c4	00	1f	ad	f7	
16	de	00	00	0a	00	06	00	f1	ad	
1f	00	53	81	49	42	fb	00	00	00	
00	00	00	00	00	00	00	00	00	00	
00	00	00	00	00	00	00	00	00	01	
b8	00	00	01	00	00	d1	00	33	00	
3b	00	09	00	00	00	1c	00	fa	01	
12	00	09	00	15	00	00	00	00	00	
84	3f	84	3f	7e	3f	00	00	00	00	
00	00	00	00	00	10	00	01	00	00	
a2	00	00	00	03	00	80	3f	94	ff	
84	3f	00	00	00	00	37	a2	02	00	
02	01	c2	00	17	00	1d	00	1a	00	
17	00	0f	00	12	00	0f	00	15	00	
14	00	00	00	00	00	00	00	00	00	
f9	03	00	00	00	00	00	00	00	00	
cc	0c	00	00	00	00	00	15	01	22	
01	2d	00	32	00	10	16	fc	16	3a	
16	16	16	32	16	41	16	4f	59	04	
00	85	eb	11	3e	cc	cc	ac	3e	ad	
47	61	3d	