08	1a	f1	23	00	c4	00	1e	59	a7	
18	e1	00	00	04	00	06	00	a1	59	
1e	00	fc	cf	50	3e	f7	00	00	00	
00	00	00	00	00	00	00	00	00	00	
00	00	00	00	00	00	00	00	00	01	
b8	00	00	01	00	00	d2	00	33	00	
3b	00	06	00	00	00	19	00	fa	01	
12	00	09	00	15	00	00	00	00	00	
84	3f	84	3f	7e	3f	00	00	00	00	
00	00	00	00	00	10	00	01	00	00	
a2	00	00	00	03	00	80	3f	94	ff	
86	3f	00	00	00	00	e8	0b	02	00	
52	01	c2	00	14	00	1a	00	17	00	
14	00	0f	00	12	00	0f	00	15	00	
14	00	00	00	00	00	00	00	00	00	
f9	03	00	00	00	00	00	00	00	00	
ce	0c	00	00	00	00	00	a7	00	a7	
00	16	00	11	00	0d	42	0c	42	3f	
41	36	41	f1	3e	cc	3d	c7	e6	04	
00	33	33	93	be	14	ae	07	3e	f6	
28	9c	3e	