08	1a	e4	29	00	c4	00	3c	c1	f7	
2d	5a	00	00	0a	00	07	00	f1	c1	
3c	00	a0	96	d5	5c	2d	00	00	00	
00	00	00	00	00	00	00	00	00	00	
00	00	00	00	00	00	00	00	00	01	
bc	00	01	00	00	00	d7	00	33	00	
3b	00	06	00	00	00	1f	00	05	02	
12	00	0c	00	12	00	00	00	00	00	
37	3f	38	3f	32	3f	00	00	00	00	
00	00	00	00	00	10	00	01	00	00	
a3	00	00	00	03	00	43	3f	94	ff	
3c	3f	00	00	00	00	14	8c	02	00	
2c	01	c7	00	14	00	1d	00	1a	00	
14	00	0f	00	15	00	0f	00	15	00	
17	00	00	00	00	00	00	00	00	00	
46	04	00	00	00	00	00	00	00	00	
cc	0c	00	00	00	00	00	4c	00	56	
00	59	00	57	00	0e	41	0c	41	de	
41	d5	41	d5	3a	be	3a	4e	97	0c	
03	86	eb	d1	bd	3d	0a	57	3e	e1	
7a	94	bd	