08	1a	c7	ef	00	c4	00	28	48	95	
16	99	00	00	0a	00	06	00	8f	48	
28	00	f2	bb	44	3e	1c	00	00	00	
00	00	00	00	00	00	00	00	00	00	
00	00	00	00	00	00	00	00	00	01	
bb	00	00	01	00	00	de	00	36	00	
3b	00	06	00	a9	00	1c	00	05	02	
12	00	09	00	12	00	00	00	00	00	
fa	3e	eb	3e	f4	3e	00	00	00	00	
00	00	00	00	00	10	00	01	00	00	
a2	00	00	00	03	00	f7	3e	94	ff	
ff	3e	00	00	00	00	fa	64	01	00	
fd	ff	6c	01	17	00	d9	00	1a	00	
17	00	0f	00	15	00	0c	00	15	00	
17	00	00	00	04	2f	00	00	00	00	
46	04	00	00	00	00	00	00	00	00	
ca	0c	01	00	00	00	00	09	00	12	
00	0f	00	14	00	10	00	13	00	f9	
00	f8	01	f8	01	13	01	2f	15	04	
00	e1	7a	14	3e	1f	85	6b	3d	5c	
8f	e2	3e	