08	1a	c4	0b	00	c4	00	1f	16	b7	
16	cb	00	00	08	00	06	00	b1	16	
1f	00	05	98	43	40	6b	00	00	00	
00	00	00	00	00	00	00	00	00	00	
00	00	00	00	00	00	00	00	00	01	
b8	00	00	01	00	00	de	00	36	00	
3b	00	09	00	00	00	1c	00	17	02	
12	00	0c	00	12	00	00	00	00	00	
28	3f	28	3f	32	3f	00	00	00	00	
00	00	00	00	00	10	00	01	00	00	
a2	00	00	00	03	00	34	3f	8d	ff	
30	3f	00	00	00	00	ad	fd	01	00	
fd	ff	c8	00	14	00	1a	00	17	00	
14	00	0c	00	15	00	0c	00	15	00	
14	00	00	00	00	00	00	00	00	00	
46	04	00	00	00	00	00	00	00	00	
cc	0c	00	00	00	00	00	09	00	12	
00	0f	00	13	00	10	00	13	00	eb	
00	f8	01	f8	01	13	01	2f	23	04	
00	8f	c2	f5	3b	3d	0a	57	3e	cc	
cc	4c	3e	