48	59	56	52	49	44	00	00	00	00	
00	00	fe	ff	07	00	2b	46	0f	00	
00	00	20	76	04	1a	20	76	04	1a	
ff	7f	00	00	b6	a3	52	01	01	00	
01	01	01	01	33	01	31	01	01	00	
00	00	0e	02	00	00	76	18	00	00	
01	00	03	00	00	00	00	00	00	00	
00	00	00	00	00	00	00	00	cc	3e	
d4	3e	17	01	18	01	01	01	01	01	
01	01	01	01	02	00	00	00	61	59	
2d	00	fe	ff	94	00	db	3e	00	00	
00	00	00	00	0e	00	00	00	01	00	
00	00	0e	00	00	00	88	13	88	13	
88	13	48	0d	48	0d	48	0d	09	00	
10	00	0e	00	0c	00	78	01	83	01	
0f	02	28	05	00	00	00	00	00	00	
00	00	00	00	00	00	00	00	00	00	
00	00	00	00	00	00	00	00	00	00	
00	00	00	00	00	00	00	c9	00	00	
00	