08	1a	c9	fb	00	c4	00	28	5d	0d	
18	e8	00	00	0a	00	06	00	07	5d	
28	00	48	7d	48	44	22	00	00	00	
00	00	00	00	00	00	00	00	00	00	
00	00	00	00	00	00	00	00	00	01	
bb	00	00	01	00	00	ed	00	36	00	
3b	00	06	00	a0	00	1c	00	08	02	
12	00	09	00	12	00	00	00	00	00	
eb	3e	eb	3e	f4	3e	00	00	00	00	
00	00	00	00	00	10	00	01	00	00	
a2	00	00	00	03	00	f7	3e	94	ff	
fe	3e	00	00	00	00	7f	50	01	00	
fe	ff	68	01	14	00	dc	00	1a	00	
17	00	0f	00	15	00	0f	00	15	00	
14	00	00	00	f5	2e	00	00	00	00	
46	04	00	00	00	00	00	00	00	00	
cc	0c	01	00	00	00	00	09	00	12	
00	10	00	14	00	10	01	13	01	15	
01	06	01	06	01	21	01	3d	31	04	
00	cc	cc	4c	bc	e1	7a	94	3d	3e	
0a	b7	3e	