08	1a	d9	5e	00	c4	00	2c	d9	b9	
16	e0	00	00	0a	00	06	00	b3	d9	
2c	00	96	2a	51	42	91	00	00	00	
00	00	00	00	00	00	00	00	00	00	
00	00	00	00	00	00	00	00	00	01	
bb	00	00	01	00	00	d0	00	36	00	
3b	00	06	00	9d	00	1c	00	19	02	
15	00	09	00	12	00	00	00	00	00	
84	3f	75	3f	7e	3f	00	00	00	00	
00	00	00	00	00	10	00	01	00	00	
a2	00	00	00	03	00	71	3f	94	ff	
80	3f	00	00	00	00	18	0b	02	00	
ae	01	65	01	17	00	e5	00	1a	00	
17	00	0f	00	15	00	0c	00	15	00	
14	00	00	00	04	2f	00	00	00	00	
46	04	00	00	00	00	00	00	00	00	
cc	0c	01	00	01	00	01	97	00	97	
00	15	00	14	00	db	19	3c	19	b2	
19	d0	19	a7	19	8a	19	c2	e0	04	
00	e1	7a	94	be	71	3d	aa	3e	28	
5c	cf	be	