08	1a	f5	06	00	c4	00	21	00	85	
16	a1	00	00	0a	00	06	00	7f	00	
21	00	05	d5	50	3e	e8	00	00	00	
00	00	00	00	00	00	00	00	00	00	
00	00	00	00	00	00	00	00	00	01	
b9	00	00	01	00	00	ca	00	33	00	
38	00	09	00	00	00	19	00	05	02	
12	00	06	00	15	00	00	00	00	00	
84	3f	84	3f	7e	3f	00	00	00	00	
00	00	00	00	00	10	00	01	00	00	
a2	00	00	00	03	00	80	3f	94	ff	
83	3f	00	00	00	00	76	66	01	00	
09	01	ca	00	14	00	1d	00	1a	00	
17	00	0c	00	12	00	0f	00	15	00	
14	00	00	00	00	00	00	00	00	00	
f9	03	00	00	00	00	00	00	00	00	
ce	0c	00	00	00	00	00	27	02	31	
02	1e	00	1e	00	48	0f	2f	0f	81	
0f	72	0f	8d	0f	40	0f	92	9f	04	
00	e1	7a	94	3e	8f	c2	75	3e	ae	
47	a1	be	