08	1a	d1	7e	00	c4	00	1d	1d	35	
16	ca	00	00	01	00	06	00	2f	1d	
1d	00	34	29	4f	40	24	00	00	00	
00	00	00	00	00	00	00	00	00	00	
00	00	00	00	00	00	00	00	00	01	
b7	00	01	00	00	00	c1	00	36	00	
38	00	06	00	00	00	1c	00	fd	01	
12	00	0c	00	12	00	00	00	00	00	
84	3f	84	3f	7e	3f	00	00	00	00	
00	00	00	00	00	10	00	01	00	00	
a2	00	00	00	03	00	80	3f	95	ff	
7f	3f	00	00	00	00	d9	dd	01	00	
02	01	c2	00	14	00	1d	00	1a	00	
17	00	0f	00	15	00	0f	00	15	00	
14	00	00	00	00	00	00	00	00	00	
ea	03	00	00	00	00	00	00	00	00	
cc	0c	00	00	00	00	00	1b	00	28	
00	97	01	9b	00	5f	1b	13	1b	52	
1b	46	1b	53	1b	28	1b	52	8f	04	
00	c3	f5	88	be	ad	47	61	3d	5c	
8f	02	bf	