08	1a	f1	41	00	c4	00	1e	5a	d3	
16	ea	00	00	05	00	06	00	cd	5a	
1e	00	d8	e9	51	3c	06	00	00	00	
00	00	00	00	00	00	00	00	00	00	
00	00	00	00	00	00	00	00	00	01	
b8	00	00	01	00	00	d8	00	33	00	
3b	00	06	00	00	00	1c	00	fa	01	
12	00	09	00	12	00	00	00	00	00	
84	3f	75	3f	7e	3f	00	00	00	00	
00	00	00	00	00	10	00	01	00	00	
a2	00	00	00	03	00	80	3f	95	ff	
81	3f	00	00	00	00	f5	a1	02	00	
04	01	ca	00	14	00	1a	00	1a	00	
17	00	0c	00	12	00	0f	00	15	00	
14	00	00	00	00	00	00	00	00	00	
f9	03	00	00	00	00	00	00	00	00	
cc	0c	00	00	00	00	00	3b	01	44	
01	a2	01	a6	00	92	0e	16	0e	4f	
0e	4f	0e	79	0e	55	0e	2c	36	04	
00	b8	1e	85	bd	67	66	66	3e	48	
e1	ba	3e	