08	1a	c4	16	00	c4	00	1f	17	25	
16	df	00	00	08	00	06	00	1f	17	
1f	00	b8	26	38	48	70	00	00	00	
00	00	00	00	00	00	00	00	00	00	
00	00	00	00	00	00	00	00	00	01	
b8	00	00	01	00	00	dc	00	33	00	
3b	00	09	00	00	00	1c	00	f7	01	
12	00	0c	00	12	00	00	00	00	00	
28	3f	28	3f	32	3f	00	00	00	00	
00	00	00	00	00	10	00	01	00	00	
a2	00	00	00	03	00	34	3f	95	ff	
2b	3f	00	00	00	00	48	fd	01	00	
fd	ff	c3	00	17	00	1d	00	17	00	
14	00	0c	00	12	00	0c	00	15	00	
14	00	00	00	00	00	00	00	00	00	
46	04	00	00	00	00	00	00	00	00	
cc	0c	00	00	00	00	00	09	00	12	
00	0f	00	13	00	10	00	13	00	f9	
00	f8	01	f8	01	13	01	2f	23	04	
00	99	99	99	3d	66	66	86	3e	3d	
0a	17	3e	