08	1a	e5	db	00	c4	00	20	68	d7	
16	d9	00	00	0a	00	06	00	d1	68	
20	00	48	f5	42	44	53	00	00	00	
00	00	00	00	00	00	00	00	00	00	
00	00	00	00	00	00	00	00	00	01	
b9	00	00	01	00	00	f3	00	36	00	
3b	00	09	00	00	00	1c	00	fa	01	
12	00	09	00	12	00	00	00	00	00	
37	3f	38	3f	41	3f	00	00	00	00	
00	00	00	00	00	10	00	01	00	00	
a2	00	00	00	03	00	43	3f	95	ff	
47	3f	00	00	00	00	36	fe	01	00	
fe	ff	c3	00	14	00	1d	00	1a	00	
14	00	0c	00	15	00	0c	00	15	00	
14	00	00	00	00	00	00	00	00	00	
46	04	00	00	00	00	00	00	00	00	
ce	0c	00	00	00	00	00	09	00	12	
00	0f	00	14	00	10	01	13	01	07	
01	06	01	14	01	2f	01	4b	31	04	
00	c3	f5	88	be	7b	14	8e	be	5c	
8f	02	3e	