08	1a	db	a4	00	c4	00	2c	f0	75	
16	df	00	00	0a	00	06	00	6f	f0	
2c	00	f8	1b	48	46	b4	00	00	00	
00	00	00	00	00	00	00	00	00	00	
00	00	00	00	00	00	00	00	00	01	
bb	00	00	01	00	00	11	01	36	00	
3b	00	06	00	a0	00	1c	00	19	02	
12	00	09	00	12	00	00	00	00	00	
19	3f	0a	3f	13	3f	00	00	00	00	
00	00	00	00	00	10	00	01	00	00	
a2	00	00	00	03	00	15	3f	95	ff	
1b	3f	00	00	00	00	4f	f4	01	00	
c5	00	6a	01	14	00	e8	00	1a	00	
17	00	0f	00	15	00	0f	00	18	00	
17	00	00	00	f5	2e	00	00	00	00	
46	04	00	00	00	00	00	00	00	00	
cc	0c	01	00	00	00	00	44	00	4e	
00	0b	00	07	00	0e	41	0c	41	c2	
41	9e	40	06	3d	b8	3d	f8	ca	04	
00	a4	70	bd	3d	a3	70	9d	3e	52	
b8	0e	bf	