08	1a	d5	5a	00	c4	00	1f	c3	cd	
16	db	00	00	0a	00	06	00	c7	c3	
1f	00	99	fb	3f	48	12	00	00	00	
00	00	00	00	00	00	00	00	00	00	
00	00	00	00	00	00	00	00	00	01	
b8	00	00	01	00	00	cf	00	33	00	
3b	00	06	00	03	00	1c	00	fd	01	
15	00	0c	00	12	00	00	00	00	00	
84	3f	84	3f	7e	3f	00	00	00	00	
00	00	00	00	00	10	00	01	00	00	
a2	00	00	00	03	00	80	3f	95	ff	
81	3f	00	00	00	00	34	8d	02	00	
1d	01	cb	00	17	00	1d	00	17	00	
17	00	0f	00	12	00	0f	00	15	00	
14	00	00	00	00	00	00	00	00	00	
f9	03	00	00	00	00	00	00	00	00	
cc	0c	00	00	00	00	00	40	01	49	
01	c1	01	bf	00	01	10	17	10	27	
10	18	10	4f	10	38	10	53	46	04	
00	d7	a3	b0	3e	eb	51	38	3e	00	
00	00	00	