08	1a	c3	eb	00	c4	00	1f	15	77	
16	d9	00	00	08	00	06	00	71	15	
1f	00	08	90	46	42	5b	00	00	00	
00	00	00	00	00	00	00	00	00	00	
00	00	00	00	00	00	00	00	00	01	
b8	00	00	01	00	00	e1	00	36	00	
3b	00	06	00	00	00	1c	00	fa	01	
12	00	09	00	12	00	00	00	00	00	
37	3f	38	3f	32	3f	00	00	00	00	
00	00	00	00	00	10	00	01	00	00	
a2	00	00	00	03	00	34	3f	95	ff	
3e	3f	00	00	00	00	ed	fe	01	00	
fd	ff	c3	00	14	00	1d	00	17	00	
14	00	0f	00	12	00	0f	00	15	00	
14	00	00	00	00	00	00	00	00	00	
46	04	00	00	00	00	00	00	00	00	
ca	0c	00	00	00	00	00	09	00	12	
00	0f	00	13	00	10	01	13	01	07	
01	06	01	14	01	2f	01	3d	23	04	
00	8f	c2	f5	bb	5c	8f	42	3d	1f	
85	cb	3e	