48	59	56	52	49	44	00	00	00	00	
00	00	fe	ff	07	00	3a	49	0f	00	
00	00	20	76	04	1a	20	76	04	1a	
ff	75	00	00	b8	f7	52	01	01	00	
01	01	01	01	31	01	2d	01	01	00	
00	00	0f	02	00	00	e0	04	00	00	
01	00	03	00	00	00	00	00	00	00	
00	00	00	00	00	00	00	00	fa	3e	
fd	3e	17	01	18	01	01	01	01	01	
01	01	01	01	02	00	00	00	e3	47	
2d	00	fe	ff	98	00	fa	3e	00	00	
00	00	00	00	0e	00	00	00	01	00	
00	00	0e	00	00	00	88	13	88	13	
88	13	48	0d	48	0d	48	0d	09	00	
10	00	0e	00	0c	00	5c	01	75	01	
bb	01	f0	04	00	00	00	00	00	00	
00	00	00	00	00	00	00	00	00	00	
00	00	00	00	00	00	00	00	00	00	
00	00	00	00	00	00	00	d5	00	00	
00	