08	1a	f7	4e	00	c4	00	21	17	55	
16	d8	00	00	0a	00	06	00	4f	17	
21	00	00	b8	48	44	0c	00	00	00	
00	00	00	00	00	00	00	00	00	00	
00	00	00	00	00	00	00	00	00	01	
b9	00	00	01	00	00	d3	00	33	00	
3e	00	06	00	03	00	1c	00	fd	01	
12	00	0c	00	12	00	00	00	00	00	
84	3f	84	3f	7e	3f	00	00	00	00	
00	00	00	00	00	10	00	01	00	00	
a2	00	00	00	03	00	80	3f	95	ff	
81	3f	00	00	00	00	45	8c	02	00	
14	01	cc	00	17	00	1d	00	1a	00	
14	00	0f	00	15	00	0f	00	15	00	
14	00	00	00	00	00	00	00	00	00	
f9	03	00	00	00	00	00	00	00	00	
cc	0c	00	00	00	00	00	59	00	63	
00	f2	01	f8	00	ff	10	2e	11	f7	
11	11	11	1e	11	15	11	15	16	04	
00	ae	47	a1	be	ad	47	e1	3d	8f	
c2	15	bf	