08	1a	c3	ef	00	c4	00	1f	15	9f	
16	e1	00	00	08	00	06	00	99	15	
1f	00	30	df	55	46	5d	00	00	00	
00	00	00	00	00	00	00	00	00	00	
00	00	00	00	00	00	00	00	00	01	
b8	00	00	01	00	00	e1	00	33	00	
3b	00	06	00	00	00	1c	00	fa	01	
12	00	0c	00	12	00	00	00	00	00	
37	3f	38	3f	41	3f	00	00	00	00	
00	00	00	00	00	10	00	01	00	00	
a2	00	00	00	03	00	43	3f	95	ff	
3d	3f	00	00	00	00	c5	fe	01	00	
fe	ff	c3	00	17	00	1d	00	1a	00	
14	00	0c	00	15	00	0f	00	18	00	
14	00	00	00	00	00	00	00	00	00	
46	04	00	00	00	00	00	00	00	00	
cc	0c	00	00	00	00	00	09	00	12	
00	0f	00	13	00	10	01	13	01	07	
01	06	01	14	01	2f	01	3d	23	04	
00	cc	cc	cc	bc	8f	c2	75	3d	eb	
51	b8	3e	