08	1a	e1	f9	00	c4	00	1d	c2	03	
16	e0	00	00	02	00	06	00	fd	c1	
1d	00	31	aa	56	44	62	00	00	00	
00	00	00	00	00	00	00	00	00	00	
00	00	00	00	00	00	00	00	00	01	
b8	00	00	01	00	00	ed	00	36	00	
3b	00	06	00	03	00	19	00	fa	01	
12	00	09	00	12	00	00	00	00	00	
37	3f	47	3f	41	3f	00	00	00	00	
00	00	00	00	00	10	00	01	00	00	
a2	00	00	00	03	00	43	3f	94	ff	
45	3f	00	00	00	00	b9	a2	02	00	
fd	ff	c3	00	14	00	1d	00	17	00	
14	00	0f	00	12	00	0c	00	15	00	
14	00	00	00	00	00	00	00	00	00	
46	04	00	00	00	00	00	00	00	00	
cc	0c	00	00	00	00	00	09	00	12	
00	0f	00	13	00	10	01	13	01	15	
01	14	01	22	01	4b	01	58	31	04	
00	e1	7a	14	be	28	5c	4f	3e	d7	
a3	f0	3e	