08	1a	e1	e8	00	c4	00	3c	ab	6d	
2d	6a	00	00	0a	00	07	00	67	ab	
3c	00	a7	e7	dd	58	0d	00	00	00	
00	00	00	00	00	00	00	00	00	00	
00	00	00	00	00	00	00	00	00	01	
bc	00	01	00	00	00	c3	00	42	00	
46	00	06	00	03	00	1c	00	ed	04	
21	00	17	00	21	00	00	00	00	00	
37	3f	28	3f	32	3f	00	00	00	00	
00	00	00	00	00	10	00	01	00	00	
a3	00	00	00	03	00	34	3f	8d	ff	
36	3f	00	00	00	00	a0	a2	02	00	
b1	00	6b	01	32	00	38	00	35	00	
32	00	2a	00	30	00	27	00	33	00	
32	00	00	00	00	00	00	00	00	00	
18	04	00	00	00	00	00	00	00	00	
be	0c	00	00	00	00	00	33	00	3d	
00	36	00	30	00	0e	41	0c	41	de	
41	ba	41	ba	38	a2	3b	f5	ba	0c	
03	cd	cc	0c	3e	0a	d7	a3	bd	52	
b8	1e	3e	