08	1a	e4	42	00	c4	00	3c	c2	f1	
2d	71	00	00	0a	00	07	00	eb	c2	
3c	00	94	6c	d0	5a	3a	00	00	00	
00	00	00	00	00	00	00	00	00	00	
00	00	00	00	00	00	00	00	00	01	
bc	00	01	00	00	00	e1	00	36	00	
3b	00	06	00	00	00	1c	00	19	02	
12	00	0c	00	12	00	00	00	00	00	
28	3f	28	3f	32	3f	00	00	00	00	
00	00	00	00	00	10	00	01	00	00	
a3	00	00	00	03	00	34	3f	94	ff	
32	3f	00	00	00	00	1a	8b	02	00	
c9	00	cc	00	14	00	1d	00	1a	00	
17	00	0c	00	12	00	0f	00	18	00	
14	00	00	00	00	00	00	00	00	00	
46	04	00	00	00	00	00	00	00	00	
ce	0c	00	00	00	00	00	34	00	40	
00	3d	00	3c	00	0e	41	0c	41	c2	
41	ba	41	ba	37	94	3a	73	89	0c	
03	5c	8f	c2	bd	b8	1e	45	3e	99	
99	19	bd	