08	1a	d9	57	00	c4	00	2c	d9	73	
16	da	00	00	0a	00	06	00	6d	d9	
2c	00	66	92	47	46	8e	00	00	00	
00	00	00	00	00	00	00	00	00	00	
00	00	00	00	00	00	00	00	00	01	
bb	00	00	01	00	00	ce	00	33	00	
3b	00	06	00	9d	00	1c	00	05	02	
12	00	09	00	12	00	00	00	00	00	
65	3f	66	3f	32	3f	00	00	00	00	
00	00	00	00	00	10	00	01	00	00	
a2	00	00	00	03	00	62	3f	94	ff	
6b	3f	00	00	00	00	4a	0b	02	00	
32	01	62	01	17	00	d9	00	1a	00	
14	00	0f	00	12	00	0f	00	18	00	
17	00	00	00	04	2f	00	00	00	00	
46	04	00	00	00	00	00	00	00	00	
cc	0c	01	00	00	00	00	a1	00	a3	
00	0b	00	07	00	0e	42	0c	42	23	
41	1b	41	3d	3f	0a	3d	0c	ca	04	
00	66	66	26	be	68	66	c6	3e	d7	
a3	f0	be	