08	1a	e6	00	00	c4	00	20	6a	49	
16	db	00	00	0a	00	06	00	43	6a	
20	00	cc	55	3d	3c	65	00	00	00	
00	00	00	00	00	00	00	00	00	00	
00	00	00	00	00	00	00	00	00	01	
b9	00	00	01	00	00	ee	00	33	00	
3b	00	06	00	00	00	19	00	fa	01	
12	00	09	00	12	00	00	00	00	00	
28	3f	28	3f	32	3f	00	00	00	00	
00	00	00	00	00	10	00	01	00	00	
a2	00	00	00	03	00	34	3f	94	ff	
35	3f	00	00	00	00	c4	fc	01	00	
fd	ff	c3	00	14	00	1a	00	1a	00	
17	00	0f	00	15	00	0f	00	15	00	
14	00	00	00	00	00	00	00	00	00	
46	04	00	00	00	00	00	00	00	00	
ce	0c	00	00	00	00	00	09	00	12	
00	0f	00	14	00	10	00	13	01	f9	
00	06	01	f8	01	21	01	3d	31	04	
00	c2	f5	28	be	f5	28	5c	be	b8	
1e	05	be	