08	1a	ca	2b	00	c4	00	28	5e	ed	
16	e2	00	00	0a	00	06	00	e7	5e	
28	00	c2	4a	4f	44	3a	00	00	00	
00	00	00	00	00	00	00	00	00	00	
00	00	00	00	00	00	00	00	00	01	
bb	00	00	01	00	00	ea	00	36	00	
3b	00	09	00	fd	ff	1c	00	17	02	
12	00	0c	00	15	00	00	00	00	00	
eb	3e	fa	3e	f4	3e	00	00	00	00	
00	00	00	00	00	10	00	01	00	00	
a2	00	00	00	03	00	f7	3e	94	ff	
f4	3e	00	00	00	00	9b	a2	02	00	
fe	ff	ca	00	14	00	1d	00	1a	00	
14	00	0c	00	15	00	0f	00	15	00	
17	00	00	00	00	00	00	00	00	00	
46	04	00	00	00	00	00	00	00	00	
ce	0c	00	00	00	00	00	09	00	12	
00	0f	00	14	00	10	01	13	01	07	
01	14	01	14	01	06	01	21	31	04	
00	71	3d	0a	3e	8f	c2	75	bc	51	
b8	de	3e	