08	1a	e5	e4	00	c4	00	20	69	31	
16	ca	00	00	0a	00	06	00	2b	69	
20	00	32	0b	48	40	57	00	00	00	
00	00	00	00	00	00	00	00	00	00	
00	00	00	00	00	00	00	00	00	01	
b9	00	00	01	00	00	f2	00	33	00	
38	00	06	00	00	00	1c	00	fa	01	
12	00	0c	00	12	00	00	00	00	00	
37	3f	47	3f	41	3f	00	00	00	00	
00	00	00	00	00	10	00	01	00	00	
a2	00	00	00	03	00	34	3f	95	ff	
45	3f	00	00	00	00	04	fe	01	00	
fe	ff	c4	00	17	00	1a	00	1a	00	
17	00	0c	00	12	00	0c	00	15	00	
14	00	00	00	00	00	00	00	00	00	
46	04	00	00	00	00	00	00	00	00	
ce	0c	00	00	00	00	00	09	00	12	
00	0f	00	13	00	10	01	13	01	07	
01	06	01	14	01	2f	01	4b	31	04	
00	a3	70	9d	be	29	5c	8f	be	eb	
51	38	3d	