08	1a	d9	77	00	c4	00	2c	da	b3	
16	d8	00	00	0a	00	06	00	ad	da	
2c	00	b0	47	3c	42	9e	00	00	00	
00	00	00	00	00	00	00	00	00	00	
00	00	00	00	00	00	00	00	00	01	
bb	00	00	01	00	00	d5	00	33	00	
3b	00	06	00	a0	00	19	00	08	02	
12	00	09	00	12	00	00	00	00	00	
84	3f	75	3f	6f	3f	00	00	00	00	
00	00	00	00	00	10	00	01	00	00	
a2	00	00	00	03	00	80	3f	94	ff	
80	3f	00	00	00	00	0a	0a	02	00	
92	01	68	01	17	00	dc	00	1a	00	
17	00	0f	00	12	00	0c	00	15	00	
17	00	00	00	f5	2e	00	00	00	00	
46	04	00	00	00	00	00	00	00	00	
cc	0c	01	00	00	01	01	f7	00	04	
00	14	00	13	00	10	26	f1	26	ec	
26	ab	27	fe	05	03	27	a8	01	04	
00	51	b8	be	be	3d	0a	d7	3d	0a	
d7	23	bd	