08	1a	e4	27	00	c4	00	3c	c1	e3	
2d	62	00	00	0a	00	07	00	dd	c1	
3c	00	ad	b8	dd	58	2c	00	00	00	
00	00	00	00	00	00	00	00	00	00	
00	00	00	00	00	00	00	00	00	01	
bc	00	01	00	00	00	d5	00	33	00	
3b	00	06	00	00	00	1f	00	08	02	
12	00	0c	00	12	00	00	00	00	00	
37	3f	38	3f	32	3f	00	00	00	00	
00	00	00	00	00	10	00	01	00	00	
a3	00	00	00	03	00	34	3f	94	ff	
37	3f	00	00	00	00	32	8c	02	00	
0e	01	c8	00	14	00	1d	00	17	00	
17	00	0f	00	15	00	0f	00	15	00	
17	00	00	00	00	00	00	00	00	00	
46	04	00	00	00	00	00	00	00	00	
ce	0c	00	00	00	00	00	46	00	51	
00	54	00	51	00	0e	41	0c	41	de	
41	c8	41	c8	3a	b0	3a	77	c0	0c	
03	cc	cc	cc	bd	e1	7a	54	3e	29	
5c	8f	bd	