08	1a	e4	4c	00	c4	00	3c	c3	55	
2d	69	00	00	0a	00	07	00	4f	c3	
3c	00	ca	fb	dd	5c	3f	00	00	00	
00	00	00	00	00	00	00	00	00	00	
00	00	00	00	00	00	00	00	00	01	
bc	00	01	00	00	00	e4	00	36	00	
3e	00	09	00	00	00	1f	00	36	02	
15	00	0f	00	15	00	00	00	00	00	
28	3f	28	3f	22	3f	00	00	00	00	
00	00	00	00	00	10	00	01	00	00	
a3	00	00	00	03	00	24	3f	86	ff	
2c	3f	00	00	00	00	b5	8a	02	00	
ad	00	d6	00	14	00	1d	00	1a	00	
17	00	0c	00	12	00	0f	00	15	00	
17	00	00	00	00	00	00	00	00	00	
46	04	00	00	00	00	00	00	00	00	
cc	0c	00	00	00	00	00	2d	00	39	
00	37	00	35	00	0e	41	0c	41	c2	
41	ac	41	ac	37	94	3b	65	ba	0c	
03	c2	f5	a8	bd	20	85	2b	3e	cc	
cc	cc	bc	