08	1a	db	7b	00	c4	00	2c	ee	db	
16	db	00	00	0a	00	06	00	d5	ee	
2c	00	69	a0	43	44	a0	00	00	00	
00	00	00	00	00	00	00	00	00	00	
00	00	00	00	00	00	00	00	00	01	
bb	00	00	01	00	00	08	01	36	00	
3b	00	06	00	a0	00	1c	00	19	02	
12	00	0c	00	12	00	00	00	00	00	
75	3f	66	3f	5f	3f	00	00	00	00	
00	00	00	00	00	10	00	01	00	00	
a2	00	00	00	03	00	62	3f	94	ff	
6a	3f	00	00	00	00	df	f5	01	00	
27	04	69	01	17	00	dc	00	1a	00	
17	00	0c	00	15	00	0f	00	18	00	
17	00	00	00	04	2f	00	00	00	00	
46	04	00	00	00	00	00	00	00	00	
ca	0c	01	00	01	00	01	a4	00	a7	
00	80	00	7d	00	0e	42	0c	42	5b	
42	44	42	1b	3d	03	3b	dc	13	04	
00	d7	a3	b0	3e	f6	28	1c	be	ad	
47	e1	be	