08	1a	f5	2d	00	c4	00	21	02	0b	
17	2b	00	00	0a	00	06	00	05	02	
21	00	8c	7f	44	3c	fc	00	00	00	
00	00	00	00	00	00	00	00	00	00	
00	00	00	00	00	00	00	00	00	01	
b9	00	00	01	00	00	d4	00	33	00	
3b	00	09	00	00	00	1c	00	fd	01	
12	00	0c	00	12	00	00	00	00	00	
65	3f	75	3f	6f	3f	00	00	00	00	
00	00	00	00	00	10	00	01	00	00	
a2	00	00	00	03	00	71	3f	95	ff	
6e	3f	00	00	00	00	91	a1	02	00	
7d	00	c2	00	17	00	1a	00	1a	00	
17	00	0f	00	15	00	0f	00	15	00	
17	00	00	00	00	00	00	00	00	00	
f9	03	00	00	00	00	00	00	00	00	
ce	0c	00	00	00	00	00	09	00	11	
00	4b	00	46	00	0d	02	0c	13	1d	
41	10	41	f1	3e	d9	39	c7	f0	04	
00	eb	51	b8	bd	ad	47	e1	3d	5c	
8f	82	be	