08	1a	db	88	00	c4	00	2c	ef	5d	
16	ca	00	00	0a	00	06	00	57	ef	
2c	00	b1	a9	4e	40	a6	00	00	00	
00	00	00	00	00	00	00	00	00	00	
00	00	00	00	00	00	00	00	00	01	
bb	00	00	01	00	00	0b	01	36	00	
3b	00	06	00	a3	00	1c	00	05	02	
12	00	0c	00	12	00	00	00	00	00	
19	3f	0a	3f	13	3f	00	00	00	00	
00	00	00	00	00	10	00	01	00	00	
a2	00	00	00	03	00	15	3f	94	ff	
1d	3f	00	00	00	00	67	f5	01	00	
2b	01	67	01	14	00	e2	00	1a	00	
14	00	0c	00	12	00	0f	00	18	00	
17	00	00	00	f5	2e	00	00	00	00	
46	04	00	00	00	00	00	00	00	00	
cc	0c	01	00	00	00	00	42	00	45	
00	31	00	2d	00	0e	41	0c	41	a6	
41	90	41	90	3c	6b	3e	91	8c	04	
00	d7	a3	f0	3e	0a	d7	23	3b	cc	
cc	ac	be	