08	1a	d5	4e	00	c4	00	1f	c3	55	
16	e8	00	00	0a	00	06	00	4f	c3	
1f	00	7f	1a	52	3c	0c	00	00	00	
00	00	00	00	00	00	00	00	00	00	
00	00	00	00	00	00	00	00	00	01	
b8	00	00	01	00	00	cc	00	33	00	
3b	00	06	00	00	00	1c	00	fd	01	
15	00	09	00	12	00	00	00	00	00	
84	3f	84	3f	7e	3f	00	00	00	00	
00	00	00	00	00	10	00	01	00	00	
a2	00	00	00	03	00	80	3f	95	ff	
81	3f	00	00	00	00	ac	8d	02	00	
29	01	d2	00	17	00	1d	00	1a	00	
17	00	0f	00	12	00	0f	00	18	00	
14	00	00	00	00	00	00	00	00	00	
f9	03	00	00	00	00	00	00	00	00	
ce	0c	00	00	00	00	00	61	01	6a	
01	96	01	9c	00	4f	10	22	10	0c	
10	0a	10	41	10	1c	10	38	1c	04	
00	51	b8	be	3e	09	d7	63	3e	8f	
c2	f5	3d	