08	1a	f1	22	00	c4	00	1e	59	9d	
18	cd	00	00	04	00	06	00	97	59	
1e	00	e8	3e	4a	3c	f6	00	00	00	
00	00	00	00	00	00	00	00	00	00	
00	00	00	00	00	00	00	00	00	01	
b8	00	00	01	00	00	d2	00	36	00	
3b	00	06	00	03	00	19	00	fa	01	
12	00	09	00	12	00	00	00	00	00	
84	3f	84	3f	7e	3f	00	00	00	00	
00	00	00	00	00	10	00	01	00	00	
a2	00	00	00	03	00	80	3f	94	ff	
83	3f	00	00	00	00	f2	0b	02	00	
37	01	c1	00	14	00	1d	00	1a	00	
17	00	0c	00	12	00	0c	00	15	00	
14	00	00	00	00	00	00	00	00	00	
f9	03	00	00	00	00	00	00	00	00	
ce	0c	00	00	00	00	00	98	00	98	
00	17	00	13	00	0d	42	0b	42	3f	
41	28	41	e3	3e	cc	3d	66	e6	04	
00	47	e1	9a	be	00	00	00	3e	eb	
51	98	3e	