08	1a	f5	2b	00	c4	00	21	01	f7	
16	d9	00	00	0a	00	06	00	f1	01	
21	00	24	3d	56	46	fb	00	00	00	
00	00	00	00	00	00	00	00	00	00	
00	00	00	00	00	00	00	00	00	01	
b9	00	00	01	00	00	d4	00	33	00	
3b	00	06	00	00	00	1c	00	fd	01	
12	00	09	00	12	00	00	00	00	00	
75	3f	66	3f	6f	3f	00	00	00	00	
00	00	00	00	00	10	00	01	00	00	
a2	00	00	00	03	00	71	3f	94	ff	
6e	3f	00	00	00	00	a5	a1	02	00	
7a	00	c3	00	17	00	1d	00	1a	00	
17	00	0f	00	15	00	0f	00	18	00	
17	00	00	00	00	00	00	00	00	00	
ea	03	00	00	00	00	00	00	00	00	
cc	0c	00	00	00	00	00	09	00	11	
00	49	00	45	00	0d	02	0c	13	54	
41	1e	41	e3	3f	cc	3a	1a	35	04	
00	eb	51	b8	bd	8f	c2	f5	3d	c3	
f5	88	be	