08	1a	d1	7b	00	c4	00	1d	1d	17	
16	d8	00	00	01	00	06	00	11	1d	
1d	00	2b	51	51	42	23	00	00	00	
00	00	00	00	00	00	00	00	00	00	
00	00	00	00	00	00	00	00	00	01	
b7	00	01	00	00	00	c0	00	28	00	
3b	00	09	00	03	00	1c	00	fa	01	
12	00	0c	00	12	00	00	00	00	00	
84	3f	84	3f	7e	3f	00	00	00	00	
00	00	00	00	00	10	00	01	00	00	
a2	00	00	00	03	00	80	3f	95	ff	
80	3f	00	00	00	00	01	de	01	00	
0b	01	c1	00	17	00	1a	00	1a	00	
14	00	0f	00	12	00	0c	00	15	00	
17	00	00	00	00	00	00	00	00	00	
f9	03	00	00	00	00	00	00	00	00	
cc	0c	00	00	00	00	00	16	00	22	
00	ba	01	bd	00	38	1a	14	19	05	
1a	ec	1a	08	1a	07	1a	30	26	04	
00	8f	c2	75	be	14	ae	c7	3d	5c	
8f	02	bf	