08	1a	f3	59	00	c4	00	1e	6f	c3	
16	d8	00	00	06	00	06	00	bd	6f	
1e	00	70	0f	42	42	12	00	00	00	
00	00	00	00	00	00	00	00	00	00	
00	00	00	00	00	00	00	00	00	01	
b8	00	00	01	00	00	d1	00	33	00	
3b	00	06	00	00	00	19	00	fa	01	
12	00	09	00	12	00	00	00	00	00	
75	3f	75	3f	7e	3f	00	00	00	00	
00	00	00	00	00	10	00	01	00	00	
a2	00	00	00	03	00	80	3f	95	ff	
81	3f	00	00	00	00	f9	8c	02	00	
e0	00	c2	00	14	00	1d	00	1a	00	
17	00	0f	00	12	00	0f	00	18	00	
14	00	00	00	00	00	00	00	00	00	
f9	03	00	00	00	00	00	00	00	00	
cc	0c	00	00	00	00	00	14	00	1d	
00	60	00	5a	00	0e	3d	34	3c	26	
3c	f9	3c	c2	39	d6	3d	3a	5b	04	
00	29	5c	af	3e	99	99	99	3d	70	
3d	ca	be	