08	1a	e1	f1	00	c4	00	3c	ab	c7	
2d	79	00	00	0a	00	07	00	c1	ab	
3c	00	ce	35	cc	52	11	00	00	00	
00	00	00	00	00	00	00	00	00	00	
00	00	00	00	00	00	00	00	00	01	
bc	00	01	00	00	00	ca	00	36	00	
38	00	06	00	03	00	1f	00	17	02	
15	00	09	00	12	00	00	00	00	00	
47	3f	47	3f	41	3f	00	00	00	00	
00	00	00	00	00	10	00	01	00	00	
a3	00	00	00	03	00	43	3f	94	ff	
45	3f	00	00	00	00	4f	a2	02	00	
cc	00	ca	00	17	00	1d	00	1a	00	
17	00	0f	00	15	00	0f	00	18	00	
17	00	00	00	00	00	00	00	00	00	
ea	03	00	00	00	00	00	00	00	00	
cc	0c	00	00	00	00	00	39	00	43	
00	40	00	3b	00	0e	41	0c	41	ec	
41	f1	41	e3	38	b0	3b	26	4b	0c	
03	46	e1	fa	3d	33	33	b3	bd	29	
5c	0f	3e	