08	1a	e2	01	00	c4	00	3c	ac	67	
2f	76	00	00	0a	00	07	00	61	ac	
3c	00	e3	64	d1	54	19	00	00	00	
00	00	00	00	00	00	00	00	00	00	
00	00	00	00	00	00	00	00	00	01	
bc	00	01	00	00	00	d2	00	36	00	
3b	00	09	00	00	00	1c	00	19	02	
12	00	09	00	12	00	00	00	00	00	
47	3f	47	3f	41	3f	00	00	00	00	
00	00	00	00	00	10	00	01	00	00	
a3	00	00	00	03	00	43	3f	94	ff	
42	3f	00	00	00	00	a6	a1	02	00	
b4	00	cc	00	14	00	1d	00	1a	00	
17	00	0f	00	15	00	0f	00	18	00	
17	00	00	00	00	00	00	00	00	00	
46	04	00	00	00	00	00	00	00	00	
cc	0c	00	00	00	00	00	32	00	3f	
00	36	00	32	00	0e	41	0d	41	de	
41	c8	41	d5	36	a2	38	f7	da	0c	
03	eb	51	b8	3d	99	99	99	bd	67	
66	e6	3d	