08	1a	e5	d5	00	c4	00	20	68	9b	
16	da	00	00	0a	00	06	00	95	68	
20	00	d5	96	3a	48	50	00	00	00	
00	00	00	00	00	00	00	00	00	00	
00	00	00	00	00	00	00	00	00	01	
b9	00	00	01	00	00	f3	00	36	00	
3b	00	06	00	00	00	19	00	fa	01	
12	00	09	00	12	00	00	00	00	00	
37	3f	47	3f	41	3f	00	00	00	00	
00	00	00	00	00	10	00	01	00	00	
a2	00	00	00	03	00	43	3f	94	ff	
4a	3f	00	00	00	00	72	fe	01	00	
fe	ff	c3	00	14	00	1a	00	1a	00	
17	00	0f	00	12	00	0c	00	15	00	
14	00	00	00	00	00	00	00	00	00	
46	04	00	00	00	00	00	00	00	00	
cc	0c	00	00	00	00	00	09	00	12	
00	0f	00	13	00	10	01	13	01	23	
01	22	01	14	01	21	01	2f	3f	04	
00	51	b8	5e	be	0a	d7	83	be	ae	
47	21	3e	