08	1a	d5	5b	00	c4	00	1f	c3	d7	
16	d9	00	00	0a	00	06	00	d1	c3	
1f	00	e8	89	42	48	13	00	00	00	
00	00	00	00	00	00	00	00	00	00	
00	00	00	00	00	00	00	00	00	01	
b8	00	00	01	00	00	cf	00	33	00	
3b	00	06	00	00	00	19	00	fd	01	
12	00	09	00	12	00	00	00	00	00	
84	3f	84	3f	7e	3f	00	00	00	00	
00	00	00	00	00	10	00	01	00	00	
a2	00	00	00	03	00	80	3f	95	ff	
81	3f	00	00	00	00	2a	8d	02	00	
20	01	cb	00	17	00	1d	00	17	00	
17	00	0c	00	12	00	0c	00	15	00	
14	00	00	00	00	00	00	00	00	00	
f9	03	00	00	00	00	00	00	00	00	
cc	0c	00	00	00	00	00	3e	01	48	
01	b5	00	b2	00	fa	10	17	10	dc	
10	e7	10	e7	11	eb	11	07	16	04	
00	71	3d	aa	3e	8f	c2	35	3e	0a	
d7	a3	bb	