48	59	56	52	49	44	00	00	00	00	
00	00	fe	ff	07	00	a0	46	0f	00	
00	00	20	76	04	1a	20	76	04	1a	
ff	75	00	00	b8	f7	52	01	01	00	
01	01	01	01	2e	01	2b	01	01	00	
00	00	0f	02	00	00	3e	04	00	00	
01	00	03	00	00	00	00	00	00	00	
00	00	00	00	00	00	00	00	fa	3e	
fc	3e	17	01	18	01	01	01	01	01	
01	01	01	01	02	00	00	00	85	48	
2d	00	fe	ff	97	00	fa	3e	00	00	
00	00	00	00	0e	00	00	00	01	00	
00	00	0e	00	00	00	88	13	88	13	
88	13	48	0d	48	0d	48	0d	09	00	
10	00	0e	00	0c	00	5c	01	67	01	
bb	01	fe	04	00	00	00	00	00	00	
00	00	00	00	00	00	00	00	00	00	
00	00	00	00	00	00	00	00	00	00	
00	00	00	00	00	00	00	d5	00	00	
00	