08	1a	d9	5c	00	c4	00	2c	d9	a5	
1a	da	00	00	0a	00	06	00	9f	d9	
2c	00	04	a8	4e	42	90	00	00	00	
00	00	00	00	00	00	00	00	00	00	
00	00	00	00	00	00	00	00	00	01	
bb	00	00	01	00	00	cf	00	36	00	
3b	00	06	00	9d	00	1c	00	19	02	
15	00	09	00	12	00	00	00	00	00	
84	3f	75	3f	7e	3f	00	00	00	00	
00	00	00	00	00	10	00	01	00	00	
a2	00	00	00	03	00	71	3f	94	ff	
80	3f	00	00	00	00	18	0b	02	00	
ae	01	65	01	17	00	d9	00	1a	00	
17	00	0f	00	15	00	0f	00	18	00	
17	00	00	00	04	2f	00	00	00	00	
46	04	00	00	00	00	00	00	00	00	
cc	0c	01	00	01	00	01	53	00	54	
00	13	00	11	00	e6	20	33	20	79	
20	ac	20	91	20	8c	20	b5	ed	04	
00	14	ae	87	be	85	eb	b1	3e	eb	
51	d8	be	