08	1a	d3	3f	00	c4	00	1f	ae	bf	
16	da	00	00	0a	00	06	00	b9	ae	
1f	00	f8	67	50	44	05	00	00	00	
00	00	00	00	00	00	00	00	00	00	
00	00	00	00	00	00	00	00	00	01	
b8	00	00	01	00	00	d7	00	33	00	
38	00	06	00	00	00	19	00	fd	01	
12	00	0c	00	12	00	00	00	00	00	
84	3f	84	3f	7e	3f	00	00	00	00	
00	00	00	00	00	10	00	01	00	00	
a2	00	00	00	03	00	80	3f	94	ff	
85	3f	00	00	00	00	44	a2	02	00	
04	01	cc	00	14	00	1a	00	17	00	
17	00	0f	00	15	00	0f	00	15	00	
14	00	00	00	00	00	00	00	00	00	
f9	03	00	00	00	00	00	00	00	00	
cc	0c	00	00	00	00	00	13	01	1c	
01	d3	00	d4	00	ad	10	3f	10	5f	
10	41	10	4f	10	46	10	6f	70	04	
00	99	99	99	3d	33	33	93	3e	c2	
f5	a8	bd	