08	1a	f1	3f	00	c4	00	1e	5a	bf	
16	da	00	00	05	00	06	00	b9	5a	
1e	00	dd	3a	49	46	05	00	00	00	
00	00	00	00	00	00	00	00	00	00	
00	00	00	00	00	00	00	00	00	01	
b8	00	00	01	00	00	d8	00	33	00	
3b	00	06	00	00	00	1c	00	fd	01	
12	00	09	00	12	00	00	00	00	00	
84	3f	84	3f	7e	3f	00	00	00	00	
00	00	00	00	00	10	00	01	00	00	
a2	00	00	00	03	00	80	3f	94	ff	
88	3f	00	00	00	00	0a	a2	02	00	
3f	01	cb	00	14	00	1d	00	17	00	
17	00	0f	00	12	00	0c	00	15	00	
14	00	00	00	00	00	00	00	00	00	
f9	03	00	00	00	00	00	00	00	00	
cc	0c	00	00	00	00	00	43	01	4d	
01	72	01	76	00	c0	0e	19	0e	79	
0e	79	0e	a2	0e	9a	0e	9a	89	04	
00	0a	d7	a3	bd	67	66	66	3e	f5	
28	bc	3e	