08	1a	c7	c6	00	c4	00	28	46	fb	
16	d9	00	00	0a	00	06	00	f5	46	
28	00	44	ef	43	3e	08	00	00	00	
00	00	00	00	00	00	00	00	00	00	
00	00	00	00	00	00	00	00	00	01	
bb	00	00	01	00	00	e1	00	36	00	
3b	00	06	00	a0	00	19	00	19	02	
12	00	09	00	12	00	00	00	00	00	
19	3f	19	3f	22	3f	00	00	00	00	
00	00	00	00	00	10	00	01	00	00	
a2	00	00	00	03	00	24	3f	94	ff	
26	3f	00	00	00	00	94	66	01	00	
fd	ff	68	01	17	00	df	00	1a	00	
17	00	0f	00	15	00	0f	00	18	00	
14	00	00	00	04	2f	00	00	00	00	
46	04	00	00	00	00	00	00	00	00	
cc	0c	01	00	00	00	00	09	00	12	
00	0f	00	14	00	10	00	13	00	f9	
01	f8	01	06	01	13	01	21	23	04	
00	20	85	2b	be	d7	a3	30	3e	eb	
51	98	3e	