08	1a	c4	04	00	c4	00	1f	16	71	
16	e0	00	00	08	00	06	00	6b	16	
1f	00	1b	92	49	3e	67	00	00	00	
00	00	00	00	00	00	00	00	00	00	
00	00	00	00	00	00	00	00	00	01	
b8	00	00	01	00	00	df	00	36	00	
3b	00	06	00	06	00	1c	00	14	02	
15	00	0c	00	15	00	00	00	00	00	
28	3f	38	3f	32	3f	00	00	00	00	
00	00	00	00	00	10	00	01	00	00	
a2	00	00	00	03	00	34	3f	8d	ff	
33	3f	00	00	00	00	f3	fd	01	00	
fd	ff	c8	00	14	00	1a	00	1a	00	
17	00	0c	00	12	00	0f	00	15	00	
14	00	00	00	00	00	00	00	00	00	
46	04	00	00	00	00	00	00	00	00	
cc	0c	00	00	00	00	00	09	00	12	
00	0f	00	13	00	10	00	13	00	f9	
01	f8	01	06	01	21	01	2f	23	04	
00	8f	c2	f5	bc	33	33	33	3e	34	
33	73	3e	