08	1a	ca	13	00	c4	00	28	5d	fd	
16	df	00	00	0a	00	06	00	f7	5d	
28	00	35	bf	50	3e	2e	00	00	00	
00	00	00	00	00	00	00	00	00	00	
00	00	00	00	00	00	00	00	00	01	
bb	00	00	01	00	00	ec	00	36	00	
3b	00	06	00	a3	00	1c	00	19	02	
12	00	0c	00	12	00	00	00	00	00	
dc	3e	dc	3e	e5	3e	00	00	00	00	
00	00	00	00	00	10	00	01	00	00	
a2	00	00	00	03	00	e7	3e	94	ff	
ea	3e	00	00	00	00	8f	4f	01	00	
fe	ff	6b	01	17	00	dc	00	17	00	
17	00	0c	00	15	00	0c	00	15	00	
17	00	00	00	f5	2e	00	00	00	00	
46	04	00	00	00	00	00	00	00	00	
ce	0c	01	00	00	00	00	09	00	12	
00	0f	00	13	00	10	01	13	01	07	
00	06	01	f8	01	21	01	3d	23	04	
00	0a	d7	23	3c	86	eb	d1	3d	52	
b8	9e	3e	