08	1a	e2	09	00	c4	00	1d	c2	a3	
16	d9	00	00	04	00	06	00	9d	c2	
1d	00	91	8d	51	42	6a	00	00	00	
00	00	00	00	00	00	00	00	00	00	
00	00	00	00	00	00	00	00	00	01	
b8	00	00	01	00	00	eb	00	36	00	
3b	00	09	00	00	00	1c	00	fd	01	
12	00	09	00	12	00	00	00	00	00	
37	3f	38	3f	32	3f	00	00	00	00	
00	00	00	00	00	10	00	01	00	00	
a2	00	00	00	03	00	34	3f	94	ff	
3d	3f	00	00	00	00	fe	a2	02	00	
fe	ff	c4	00	17	00	1d	00	1a	00	
17	00	0c	00	15	00	0c	00	18	00	
14	00	00	00	00	00	00	00	00	00	
46	04	00	00	00	00	00	00	00	00	
ca	0c	00	00	00	00	00	09	00	12	
00	0f	00	13	00	0f	01	13	01	07	
01	06	01	30	01	3d	01	3d	31	04	
00	ad	47	61	bd	ae	47	81	3e	7b	
14	ce	3e	