08	1a	c0	13	00	c4	00	3b	59	1b	
2d	67	00	00	0a	00	07	00	15	59	
3b	00	39	2d	d3	5a	22	00	00	00	
00	00	00	00	00	00	00	00	00	00	
00	00	00	00	00	00	00	00	00	01	
bc	00	01	00	00	00	e6	00	39	00	
3b	00	06	00	09	00	bf	01	14	02	
12	00	09	00	12	00	00	00	00	00	
37	3f	38	3f	32	3f	00	00	00	00	
00	00	00	00	00	10	00	01	00	00	
a3	00	00	00	03	00	34	3f	95	ff	
45	3f	00	00	00	00	36	0a	02	00	
53	00	6f	02	14	00	1d	00	1a	00	
17	00	0f	00	15	00	0c	00	15	00	
17	00	ba	13	00	00	00	00	00	00	
46	04	00	00	00	00	00	00	00	00	
cc	0c	00	00	00	00	00	24	00	2e	
00	14	00	0f	00	0e	41	0c	41	c2	
41	ba	41	90	41	79	3d	18	77	7f	
0d	1f	85	1b	bf	cd	cc	04	40	51	
b8	56	40	