08	1a	d5	51	00	c4	00	1f	c3	73	
17	17	00	00	0a	00	06	00	6d	c3	
1f	00	41	f7	40	48	0e	00	00	00	
00	00	00	00	00	00	00	00	00	00	
00	00	00	00	00	00	00	00	00	01	
b8	00	00	01	00	00	cd	00	36	00	
3b	00	06	00	00	00	1f	00	14	02	
15	00	0c	00	12	00	00	00	00	00	
84	3f	84	3f	7e	3f	00	00	00	00	
00	00	00	00	00	10	00	01	00	00	
a2	00	00	00	03	00	80	3f	8d	ff	
80	3f	00	00	00	00	98	8d	02	00	
16	01	d1	00	17	00	1d	00	17	00	
14	00	0c	00	12	00	0c	00	15	00	
17	00	00	00	00	00	00	00	00	00	
f9	03	00	00	00	00	00	00	00	00	
ce	0c	00	00	00	00	00	60	01	69	
01	c8	01	cb	00	45	0e	1f	0e	da	
0e	da	0e	e7	0e	d1	0e	ed	eb	04	
00	f5	28	bc	3e	e1	7a	54	3e	a4	
70	bd	3d	