08	1a	f3	76	00	c4	00	1e	70	e5	
16	ca	00	00	07	00	06	00	df	70	
1e	00	26	e1	42	44	20	00	00	00	
00	00	00	00	00	00	00	00	00	00	
00	00	00	00	00	00	00	00	00	01	
b8	00	00	01	00	00	d9	00	33	00	
38	00	06	00	00	00	19	00	fa	01	
12	00	09	00	15	00	00	00	00	00	
84	3f	84	3f	7e	3f	00	00	00	00	
00	00	00	00	00	10	00	01	00	00	
a2	00	00	00	03	00	80	3f	94	ff	
88	3f	00	00	00	00	10	a2	02	00	
21	01	c2	00	14	00	1a	00	1a	00	
14	00	0c	00	12	00	0c	00	15	00	
14	00	00	00	00	00	00	00	00	00	
46	04	00	00	00	00	00	00	00	00	
ce	0c	00	00	00	00	00	c5	00	ca	
00	1b	01	1c	00	fa	13	27	13	92	
13	8d	13	7f	13	74	13	81	a3	04	
00	8f	c2	75	3c	5c	8f	82	3e	85	
eb	f1	be	