08	1a	d1	91	00	c4	00	1d	1d	f3	
16	d9	00	00	01	00	06	00	ed	1d	
1d	00	a4	e9	47	46	2e	00	00	00	
00	00	00	00	00	00	00	00	00	00	
00	00	00	00	00	00	00	00	00	01	
b7	00	01	00	00	00	c9	00	33	00	
3b	00	06	00	00	00	1c	00	fd	01	
15	00	09	00	12	00	00	00	00	00	
84	3f	84	3f	7e	3f	00	00	00	00	
00	00	00	00	00	10	00	01	00	00	
a2	00	00	00	03	00	80	3f	95	ff	
81	3f	00	00	00	00	24	dd	01	00	
08	01	c3	00	14	00	1d	00	1a	00	
17	00	0f	00	12	00	0f	00	15	00	
14	00	00	00	00	00	00	00	00	00	
f9	03	00	00	00	00	00	00	00	00	
ce	0c	00	00	01	00	01	2b	00	35	
00	10	01	13	00	95	11	47	11	ac	
11	c4	11	b6	11	ba	11	d6	d9	04	
00	d7	a3	30	be	67	66	66	be	e1	
7a	14	bf	