08	1a	e1	f2	00	c4	00	1d	c1	bd	
16	dd	00	00	02	00	06	00	b7	c1	
1d	00	b6	36	43	44	5e	00	00	00	
00	00	00	00	00	00	00	00	00	00	
00	00	00	00	00	00	00	00	00	01	
b8	00	00	01	00	00	ee	00	36	00	
3b	00	06	00	03	00	1c	00	02	02	
12	00	09	00	15	00	00	00	00	00	
47	3f	47	3f	41	3f	00	00	00	00	
00	00	00	00	00	10	00	01	00	00	
a2	00	00	00	03	00	43	3f	94	ff	
47	3f	00	00	00	00	ff	a2	02	00	
fd	ff	c7	00	14	00	1a	00	1a	00	
17	00	0f	00	12	00	0f	00	15	00	
14	00	00	00	00	00	00	00	00	00	
46	04	00	00	00	00	00	00	00	00	
cc	0c	00	00	00	00	00	09	00	12	
00	0f	00	13	00	10	01	13	01	15	
01	22	01	06	01	21	01	66	31	04	
00	5c	8f	42	be	14	ae	47	3e	8f	
c2	f5	3e	