08	1a	e1	df	00	c4	00	3c	ab	13	
2d	69	00	00	0a	00	07	00	0d	ab	
3c	00	0c	7e	d1	5c	08	00	00	00	
00	00	00	00	00	00	00	00	00	00	
00	00	00	00	00	00	00	00	00	01	
bc	00	01	00	00	00	bc	00	36	00	
38	00	06	00	03	00	1c	00	08	02	
12	00	09	00	12	00	00	00	00	00	
47	3f	47	3f	41	3f	00	00	00	00	
00	00	00	00	00	10	00	01	00	00	
a3	00	00	00	03	00	43	3f	95	ff	
48	3f	00	00	00	00	fa	a2	02	00	
cd	00	ca	00	17	00	1d	00	1a	00	
14	00	0f	00	15	00	0c	00	18	00	
17	00	00	00	00	00	00	00	00	00	
f9	03	00	00	00	00	00	00	00	00	
ca	0c	00	00	00	00	00	3b	00	45	
00	3a	00	36	00	0e	41	0c	41	fa	
41	e3	41	c8	3a	b0	3b	af	f2	0c	
03	29	5c	0f	3e	ad	47	61	bd	52	
b8	1e	3e	