48	59	56	52	49	44	00	00	00	00	
00	00	fe	ff	07	00	a3	46	0f	00	
00	00	20	76	04	1a	20	76	04	1a	
00	00	00	00	b6	60	52	01	01	00	
01	01	01	01	33	01	30	01	01	00	
00	00	0e	02	00	00	24	17	00	00	
01	00	03	00	00	00	00	00	00	00	
00	00	00	00	00	00	00	00	cc	3e	
cd	3e	16	01	18	01	01	01	01	01	
01	01	01	01	02	00	00	00	b3	5a	
2d	00	fe	ff	94	00	cc	3e	00	00	
00	00	00	00	0e	00	00	00	01	00	
00	00	0e	00	00	00	88	13	88	13	
88	13	48	0d	48	0d	48	0d	09	00	
10	00	0e	00	0c	00	5c	01	75	01	
01	02	fe	04	00	00	00	00	00	00	
00	00	00	00	00	00	00	00	00	00	
00	00	00	00	00	00	00	00	00	00	
00	00	00	00	00	00	00	c9	00	00	
00	