08	1a	e1	e4	00	c4	00	3c	ab	45	
2d	6e	00	00	0a	00	07	00	3f	ab	
3c	00	3b	f8	d3	5a	0b	00	00	00	
00	00	00	00	00	00	00	00	00	00	
00	00	00	00	00	00	00	00	00	01	
bc	00	01	00	00	00	c0	00	36	00	
3b	00	06	00	00	00	1f	00	17	02	
12	00	09	00	12	00	00	00	00	00	
47	3f	47	3f	41	3f	00	00	00	00	
00	00	00	00	00	10	00	01	00	00	
a3	00	00	00	03	00	43	3f	94	ff	
46	3f	00	00	00	00	c8	a2	02	00	
c3	00	cc	00	17	00	1d	00	1a	00	
17	00	0f	00	15	00	0f	00	18	00	
17	00	00	00	00	00	00	00	00	00	
f9	03	00	00	00	00	00	00	00	00	
cc	0c	00	00	00	00	00	38	00	42	
00	39	00	34	00	0e	41	0c	41	ec	
41	d5	41	e3	39	b0	3b	c4	ba	0c	
03	71	3d	0a	3e	71	3d	8a	bd	f6	
28	1c	3e	