08	1a	e5	dc	00	c4	00	20	68	e1	
16	db	00	00	0a	00	06	00	db	68	
20	00	46	32	3f	46	53	00	00	00	
00	00	00	00	00	00	00	00	00	00	
00	00	00	00	00	00	00	00	00	01	
b9	00	00	01	00	00	f3	00	36	00	
3b	00	09	00	00	00	1c	00	fa	01	
12	00	09	00	12	00	00	00	00	00	
37	3f	38	3f	41	3f	00	00	00	00	
00	00	00	00	00	10	00	01	00	00	
a2	00	00	00	03	00	43	3f	95	ff	
47	3f	00	00	00	00	36	fe	01	00	
fe	ff	c3	00	17	00	1d	00	17	00	
14	00	0f	00	12	00	0c	00	15	00	
14	00	00	00	00	00	00	00	00	00	
46	04	00	00	00	00	00	00	00	00	
cc	0c	00	00	00	00	00	09	00	12	
00	0f	00	14	00	10	01	13	01	15	
01	14	01	06	01	2f	01	4b	31	04	
00	cd	cc	8c	be	29	5c	8f	be	1f	
85	eb	3d	