08	1a	e2	21	00	c4	00	1d	c3	93	
16	e0	00	00	04	00	06	00	8d	c3	
1d	00	ca	a9	42	44	76	00	00	00	
00	00	00	00	00	00	00	00	00	00	
00	00	00	00	00	00	00	00	00	01	
b8	00	00	01	00	00	e7	00	36	00	
3b	00	06	00	03	00	1c	00	fa	01	
12	00	09	00	12	00	00	00	00	00	
28	3f	28	3f	32	3f	00	00	00	00	
00	00	00	00	00	10	00	01	00	00	
a2	00	00	00	03	00	24	3f	95	ff	
31	3f	00	00	00	00	0e	a2	02	00	
fd	ff	c3	00	17	00	1d	00	17	00	
14	00	0c	00	12	00	0c	00	15	00	
17	00	00	00	00	00	00	00	00	00	
46	04	00	00	00	00	00	00	00	00	
cc	0c	00	00	00	00	00	09	00	12	
00	0f	00	13	00	10	00	13	01	f9	
01	06	01	06	01	21	01	2f	31	04	
00	3d	0a	57	3e	ae	47	a1	3e	00	
00	80	3e	