08	1a	e1	f5	00	c4	00	3c	ab	ef	
2f	5b	00	00	0a	00	07	00	e9	ab	
3c	00	06	5a	cb	5a	13	00	00	00	
00	00	00	00	00	00	00	00	00	00	
00	00	00	00	00	00	00	00	00	01	
bc	00	01	00	00	00	cc	00	36	00	
3b	00	06	00	00	00	1f	00	19	02	
12	00	09	00	12	00	00	00	00	00	
47	3f	47	3f	41	3f	00	00	00	00	
00	00	00	00	00	10	00	01	00	00	
a3	00	00	00	03	00	43	3f	94	ff	
48	3f	00	00	00	00	28	a2	02	00	
e0	00	cb	00	14	00	1d	00	1a	00	
17	00	0f	00	15	00	0f	00	18	00	
17	00	00	00	00	00	00	00	00	00	
f9	03	00	00	00	00	00	00	00	00	
cc	0c	00	00	00	00	00	3d	00	49	
00	43	00	3e	00	0e	41	0c	41	ec	
41	d5	41	d5	37	b0	3a	fd	ce	0c	
03	ad	47	e1	3d	33	33	b3	bd	71	
3d	0a	3e	