08	1a	d2	ab	00	c4	00	3c	13	0b	
2d	58	00	00	0a	00	07	00	05	13	
3c	00	81	e3	d7	58	6e	00	00	00	
00	00	00	00	00	00	00	00	00	00	
00	00	00	00	00	00	00	00	00	01	
bc	00	01	00	00	00	e9	00	36	00	
3b	00	06	00	00	00	1f	00	1c	02	
15	00	0c	00	15	00	00	00	00	00	
bd	3e	bd	3e	b7	3e	00	00	00	00	
00	00	00	00	00	10	00	01	00	00	
a3	00	00	00	03	00	c9	3e	8e	ff	
c5	3e	00	00	00	00	d7	a2	02	00	
fd	ff	d2	00	17	00	1d	00	1a	00	
17	00	0f	00	15	00	0f	00	18	00	
17	00	00	00	00	00	00	00	00	00	
46	04	00	00	00	00	00	00	00	00	
cc	0c	00	00	00	00	00	0a	00	13	
00	10	00	14	00	10	01	14	01	07	
01	06	01	06	01	21	01	3d	31	0c	
03	7b	14	ae	bd	8f	c2	75	bc	8f	
c2	f5	bc	