08	1a	c2	40	00	c4	00	3b	6e	dd	
2d	7d	00	00	0a	00	07	00	d7	6e	
3b	00	0d	e0	d2	52	39	00	00	00	
00	00	00	00	00	00	00	00	00	00	
00	00	00	00	00	00	00	00	00	01	
bc	00	01	00	00	00	20	01	36	00	
3e	00	06	00	09	00	0f	01	17	02	
15	00	0c	00	15	00	00	00	00	00	
a9	3d	9a	3d	95	3d	00	00	00	00	
00	00	00	00	00	10	00	01	00	00	
a3	00	00	00	03	00	97	3d	92	ff	
ad	3d	00	00	00	00	71	f4	01	00	
d9	01	c7	01	14	00	1d	00	1a	00	
17	00	0f	00	12	00	0f	00	15	00	
14	00	ba	13	00	00	00	00	00	00	
46	04	00	00	00	00	00	00	00	00	
ca	0c	00	00	00	00	00	4f	00	53	
00	7b	00	6c	00	3f	40	4e	40	59	
40	37	40	44	40	12	40	04	65	7f	
03	99	99	19	bd	99	99	99	bd	8f	
c2	75	3c	