08	1a	e2	10	00	c4	00	1d	c2	e9	
16	d1	00	00	04	00	06	00	e3	c2	
1d	00	1f	1f	3e	42	6d	00	00	00	
00	00	00	00	00	00	00	00	00	00	
00	00	00	00	00	00	00	00	00	01	
b8	00	00	01	00	00	ea	00	33	00	
3b	00	06	00	00	00	1c	00	fa	01	
12	00	09	00	12	00	00	00	00	00	
28	3f	38	3f	32	3f	00	00	00	00	
00	00	00	00	00	10	00	01	00	00	
a2	00	00	00	03	00	34	3f	95	ff	
3a	3f	00	00	00	00	c2	a2	02	00	
fe	ff	c3	00	17	00	1d	00	1a	00	
17	00	0c	00	12	00	0f	00	15	00	
14	00	00	00	00	00	00	00	00	00	
46	04	00	00	00	00	00	00	00	00	
cc	0c	00	00	00	00	00	09	00	12	
00	0f	00	14	00	10	00	13	01	f9	
01	06	01	14	01	2f	01	3d	3f	04	
00	0a	d7	a3	3b	29	5c	8f	3e	3e	
0a	b7	3e	