08	1a	d1	80	00	c4	00	1d	1d	49	
16	da	00	00	01	00	06	00	43	1d	
1d	00	c3	c9	47	46	25	00	00	00	
00	00	00	00	00	00	00	00	00	00	
00	00	00	00	00	00	00	00	00	01	
b7	00	01	00	00	00	c2	00	33	00	
38	00	06	00	03	00	19	00	fa	01	
12	00	0c	00	12	00	00	00	00	00	
84	3f	84	3f	7e	3f	00	00	00	00	
00	00	00	00	00	10	00	01	00	00	
a2	00	00	00	03	00	80	3f	94	ff	
83	3f	00	00	00	00	c5	dd	01	00	
24	01	c2	00	14	00	1a	00	17	00	
14	00	0c	00	15	00	0c	00	15	00	
14	00	00	00	00	00	00	00	00	00	
f9	03	00	00	00	00	00	00	00	00	
cc	0c	00	00	00	00	00	20	00	2c	
00	7d	01	7f	00	74	20	15	1f	18	
20	f9	1f	06	20	f4	20	1d	63	04	
00	71	3d	8a	be	b8	1e	05	3d	0a	
d7	03	bf	