08	1a	ca	1e	00	c4	00	28	5e	6b	
16	cd	00	00	0a	00	06	00	65	5e	
28	00	c0	06	44	44	34	00	00	00	
00	00	00	00	00	00	00	00	00	00	
00	00	00	00	00	00	00	00	00	01	
bb	00	00	01	00	00	eb	00	36	00	
3b	00	06	00	00	00	1c	00	19	02	
12	00	09	00	12	00	00	00	00	00	
eb	3e	fa	3e	f4	3e	00	00	00	00	
00	00	00	00	00	10	00	01	00	00	
a2	00	00	00	03	00	f7	3e	94	ff	
fc	3e	00	00	00	00	21	4f	01	00	
fe	ff	cb	00	17	00	1d	00	1a	00	
17	00	0f	00	15	00	0f	00	18	00	
17	00	00	00	00	00	00	00	00	00	
46	04	00	00	00	00	00	00	00	00	
cc	0c	00	00	00	00	00	09	00	12	
00	0f	00	14	00	10	00	13	01	f9	
01	06	01	06	01	21	01	3d	23	04	
00	0a	d7	a3	3d	c2	f5	a8	3d	d7	
a3	b0	3e	