08	1a	e2	10	00	c4	00	3c	ac	fd	
2f	5c	00	00	0a	00	07	00	f7	ac	
3c	00	ed	ac	cc	5e	21	00	00	00	
00	00	00	00	00	00	00	00	00	00	
00	00	00	00	00	00	00	00	00	01	
bc	00	01	00	00	00	d9	00	45	00	
46	00	06	00	00	00	1f	00	e7	04	
1e	00	17	00	21	00	00	00	00	00	
28	3f	28	3f	22	3f	00	00	00	00	
00	00	00	00	00	10	00	01	00	00	
a3	00	00	00	03	00	24	3f	8d	ff	
28	3f	00	00	00	00	10	a1	02	00	
82	00	6b	01	2f	00	35	00	35	00	
2f	00	27	00	2d	00	27	00	33	00	
32	00	00	00	00	00	00	00	00	00	
18	04	00	00	00	00	00	00	00	00	
be	0c	00	00	00	00	00	26	00	32	
00	29	00	25	00	0e	41	0d	41	de	
41	ac	41	ac	37	6b	37	12	b6	0c	
03	e1	7a	94	3d	b8	1e	85	bd	7b	
14	ae	3d	