08	1a	f1	1f	00	c4	00	1e	59	7f	
17	14	00	00	04	00	06	00	79	59	
1e	00	57	cb	42	44	f5	00	00	00	
00	00	00	00	00	00	00	00	00	00	
00	00	00	00	00	00	00	00	00	01	
b8	00	00	01	00	00	d1	00	33	00	
3b	00	09	00	00	00	1c	00	fa	01	
12	00	09	00	12	00	00	00	00	00	
75	3f	75	3f	6f	3f	00	00	00	00	
00	00	00	00	00	10	00	01	00	00	
a2	00	00	00	03	00	71	3f	94	ff	
75	3f	00	00	00	00	10	0c	02	00	
cf	00	c2	00	14	00	1a	00	1a	00	
14	00	0c	00	15	00	0c	00	15	00	
14	00	00	00	00	00	00	00	00	00	
f9	03	00	00	00	00	00	00	00	00	
cc	0c	00	00	00	00	00	5f	00	61	
00	1c	00	17	00	0d	42	0b	41	23	
41	ff	41	f1	3d	be	3d	b3	f4	04	
00	52	b8	9e	be	a4	70	bd	3d	85	
eb	91	3e	