08	1a	c2	3d	00	c4	00	3b	6e	bf	
2d	a4	00	00	0a	00	07	00	b9	6e	
3b	00	43	14	dd	58	37	00	00	00	
00	00	00	00	00	00	00	00	00	00	
00	00	00	00	00	00	00	00	00	01	
bc	00	01	00	00	00	1e	01	36	00	
3e	00	06	00	06	00	12	01	0b	02	
12	00	0c	00	15	00	00	00	00	00	
9a	3d	9a	3d	85	3d	00	00	00	00	
00	00	00	00	00	10	00	01	00	00	
a3	00	00	00	03	00	88	3d	94	ff	
ab	3d	00	00	00	00	8f	f4	01	00	
d5	01	cb	01	14	00	1a	00	17	00	
17	00	0c	00	15	00	0f	00	15	00	
14	00	ba	13	00	00	00	00	00	00	
46	04	00	00	00	00	00	00	00	00	
cc	0c	00	00	00	00	00	4f	00	53	
00	7a	00	6c	00	3e	40	4c	40	3d	
40	1b	40	37	40	20	40	20	57	7f	
03	ad	47	e1	bc	29	5c	8f	bd	8f	
c2	75	3c	