08	1a	c7	bd	00	c4	00	28	46	a1	
16	ca	00	00	0a	00	06	00	9b	46	
28	00	bc	ad	3e	40	03	00	00	00	
00	00	00	00	00	00	00	00	00	00	
00	00	00	00	00	00	00	00	00	01	
bb	00	00	01	00	00	e1	00	36	00	
3b	00	06	00	03	00	19	00	0e	02	
12	00	09	00	12	00	00	00	00	00	
37	3f	38	3f	41	3f	00	00	00	00	
00	00	00	00	00	10	00	01	00	00	
a2	00	00	00	03	00	43	3f	95	ff	
40	3f	00	00	00	00	ee	66	01	00	
fd	ff	c6	00	17	00	1d	00	1a	00	
17	00	0f	00	12	00	0f	00	15	00	
17	00	00	00	00	00	00	00	00	00	
46	04	00	00	00	00	00	00	00	00	
cc	0c	00	00	00	00	00	09	00	12	
00	0f	00	14	00	10	00	13	01	f9	
01	06	01	06	01	13	01	2f	23	04	
00	71	3d	8a	be	46	e1	fa	3d	3d	
0a	57	3e	