08	1a	c0	10	00	c4	00	3b	58	fd	
2d	5e	00	00	0a	00	07	00	f7	58	
3b	00	cb	11	d7	54	21	00	00	00	
00	00	00	00	00	00	00	00	00	00	
00	00	00	00	00	00	00	00	00	01	
bc	00	01	00	00	00	e4	00	36	00	
3b	00	f7	ff	09	00	62	00	02	02	
12	00	0c	00	12	00	00	00	00	00	
84	3f	84	3f	7e	3f	00	00	00	00	
00	00	00	00	00	10	00	01	00	00	
a3	00	00	00	03	00	80	3f	95	ff	
86	3f	00	00	00	00	54	0a	02	00	
4c	01	18	01	14	00	1d	00	1a	00	
17	00	0f	00	15	00	0f	00	18	00	
17	00	ba	13	00	00	00	00	00	00	
46	04	00	00	00	00	00	00	00	00	
cc	0c	00	00	01	00	01	e3	00	e7	
00	16	00	18	00	ef	12	3e	12	a6	
12	af	12	e7	12	dc	12	dc	e1	7f	
0d	7b	14	ae	be	f5	28	5c	be	7b	
14	ae	3e	