08	1a	e2	1b	00	c4	00	1d	c3	57	
18	e6	00	00	04	00	06	00	51	c3	
1d	00	3a	18	56	46	73	00	00	00	
00	00	00	00	00	00	00	00	00	00	
00	00	00	00	00	00	00	00	00	01	
b8	00	00	01	00	00	e9	00	36	00	
38	00	06	00	00	00	1c	00	fa	01	
12	00	09	00	12	00	00	00	00	00	
28	3f	38	3f	32	3f	00	00	00	00	
00	00	00	00	00	10	00	01	00	00	
a2	00	00	00	03	00	34	3f	95	ff	
35	3f	00	00	00	00	4a	a2	02	00	
fd	ff	c3	00	14	00	1d	00	1a	00	
14	00	0f	00	15	00	0f	00	15	00	
17	00	00	00	00	00	00	00	00	00	
46	04	00	00	00	00	00	00	00	00	
cc	0c	00	00	00	00	00	09	00	12	
00	0f	00	13	00	10	01	13	01	07	
00	14	01	f8	01	13	01	2f	3f	04	
00	b8	1e	05	3e	99	99	99	3e	85	
eb	91	3e	