08	1a	d9	42	00	c4	00	28	f5	d3	
16	ee	00	00	0a	00	06	00	cd	f5	
28	00	7b	fd	49	3c	c6	00	00	00	
00	00	00	00	00	00	00	00	00	00	
00	00	00	00	00	00	00	00	00	01	
bb	00	00	01	00	00	cc	00	36	00	
3b	00	06	00	00	00	1c	00	19	02	
12	00	0c	00	09	00	00	00	00	00	
84	3f	84	3f	7e	3f	00	00	00	00	
00	00	00	00	00	10	00	01	00	00	
a2	00	00	00	03	00	80	3f	95	ff	
83	3f	00	00	00	00	ac	0b	02	00	
09	01	d1	00	14	00	1d	00	1a	00	
17	00	0f	00	12	00	0c	00	18	00	
17	00	00	00	00	00	00	00	00	00	
f9	03	00	00	00	00	00	00	00	00	
cc	0c	00	00	00	00	00	27	02	2f	
02	23	00	23	00	6f	0d	37	0d	9b	
0e	9c	0d	18	0d	af	0d	cb	b9	04	
00	0a	d7	83	be	ae	47	21	be	a4	
70	bd	be	