08	1a	f7	74	00	c4	00	21	18	d1	
16	d9	00	00	0a	00	06	00	cb	18	
21	00	62	66	44	3c	1f	00	00	00	
00	00	00	00	00	00	00	00	00	00	
00	00	00	00	00	00	00	00	00	01	
b9	00	00	01	00	00	dd	00	33	00	
3b	00	06	00	00	00	1c	00	fd	01	
12	00	09	00	12	00	00	00	00	00	
84	3f	84	3f	7e	3f	00	00	00	00	
00	00	00	00	00	10	00	01	00	00	
a2	00	00	00	03	00	80	3f	95	ff	
84	3f	00	00	00	00	c9	8a	02	00	
02	01	c2	00	14	00	1a	00	1a	00	
17	00	0f	00	12	00	0f	00	15	00	
14	00	00	00	00	00	00	00	00	00	
46	04	00	00	00	00	00	00	00	00	
cc	0c	00	00	00	00	00	91	00	99	
00	13	00	12	01	25	17	d9	17	18	
17	0f	17	01	17	02	17	2b	6f	04	
00	52	b8	1e	3e	8f	c2	75	bd	3d	
0a	f7	be	