08	1a	d3	3d	00	c4	00	1f	ae	ab	
16	db	00	00	0a	00	06	00	a5	ae	
1f	00	c9	47	41	46	04	00	00	00	
00	00	00	00	00	00	00	00	00	00	
00	00	00	00	00	00	00	00	00	01	
b8	00	00	01	00	00	d6	00	33	00	
3b	00	09	00	00	00	1c	00	11	02	
15	00	0c	00	15	00	00	00	00	00	
84	3f	84	3f	7e	3f	00	00	00	00	
00	00	00	00	00	10	00	01	00	00	
a2	00	00	00	03	00	80	3f	92	ff	
84	3f	00	00	00	00	58	a2	02	00	
fb	00	d3	00	17	00	1d	00	1a	00	
17	00	0f	00	12	00	0f	00	15	00	
14	00	00	00	00	00	00	00	00	00	
f9	03	00	00	00	00	00	00	00	00	
cc	0c	00	00	00	00	00	15	01	1f	
01	ce	00	cf	00	84	10	44	10	6d	
10	5d	10	86	10	46	10	7d	7d	04	
00	99	99	99	3d	3d	0a	97	3e	e1	
7a	94	bd	