08	1a	e1	f2	00	c4	00	3c	ab	d1	
2d	69	00	00	0a	00	07	00	cb	ab	
3c	00	a3	d9	d0	54	12	00	00	00	
00	00	00	00	00	00	00	00	00	00	
00	00	00	00	00	00	00	00	00	01	
bc	00	01	00	00	00	cb	00	36	00	
3b	00	06	00	03	00	1f	00	08	02	
12	00	0c	00	12	00	00	00	00	00	
47	3f	47	3f	41	3f	00	00	00	00	
00	00	00	00	00	10	00	01	00	00	
a3	00	00	00	03	00	43	3f	95	ff	
47	3f	00	00	00	00	3c	a2	02	00	
d9	00	c8	00	14	00	1d	00	1a	00	
17	00	0f	00	15	00	0f	00	18	00	
17	00	00	00	00	00	00	00	00	00	
f9	03	00	00	00	00	00	00	00	00	
cc	0c	00	00	00	00	00	3a	00	45	
00	41	00	3c	00	0e	42	0c	41	07	
41	e3	41	e3	38	b0	3b	26	21	0c	
03	d7	a3	f0	3d	33	33	b3	bd	29	
5c	0f	3e	