08	1a	e4	3e	00	c4	00	3c	c2	c9	
31	68	00	00	0a	00	07	00	c3	c2	
3c	00	05	9e	c5	5e	38	00	00	00	
00	00	00	00	00	00	00	00	00	00	
00	00	00	00	00	00	00	00	00	01	
bc	00	01	00	00	00	e0	00	33	00	
3b	00	06	00	00	00	1f	00	11	02	
12	00	0c	00	12	00	00	00	00	00	
28	3f	28	3f	32	3f	00	00	00	00	
00	00	00	00	00	10	00	01	00	00	
a3	00	00	00	03	00	34	3f	94	ff	
35	3f	00	00	00	00	42	8b	02	00	
cf	00	ca	00	14	00	1d	00	1a	00	
17	00	0f	00	15	00	0f	00	15	00	
17	00	00	00	00	00	00	00	00	00	
46	04	00	00	00	00	00	00	00	00	
cc	0c	00	00	00	00	00	36	00	41	
00	3f	00	3e	00	0e	41	0c	41	d0	
41	ba	41	ba	37	a2	39	9c	f0	0c	
03	cc	cc	cc	bd	a4	70	3d	3e	5c	
8f	42	bd	