08	1a	cf	3f	00	c4	00	1d	06	bf	
16	dd	00	00	01	00	06	00	b9	06	
1d	00	96	de	48	44	05	00	00	00	
00	00	00	00	00	00	00	00	00	00	
00	00	00	00	00	00	00	00	00	01	
b7	00	01	00	00	00	c0	00	33	00	
3b	00	09	00	03	00	1c	00	f7	01	
12	00	09	00	12	00	00	00	00	00	
84	3f	84	3f	7e	3f	00	00	00	00	
00	00	00	00	00	10	00	01	00	00	
a2	00	00	00	03	00	80	3f	92	ff	
7f	3f	00	00	00	00	52	f4	01	00	
12	01	c1	00	14	00	1d	00	1a	00	
17	00	0f	00	12	00	0f	00	15	00	
14	00	00	00	00	00	00	00	00	00	
f9	03	00	00	00	00	00	00	00	00	
ce	0c	00	00	00	00	00	93	00	98	
00	3f	00	41	01	1d	1a	71	19	05	
1a	ec	19	08	1a	f9	1a	07	4f	04	
00	ad	47	c1	3e	0a	d7	83	be	cd	
cc	8c	be	