08	1a	e1	fb	00	c4	00	1d	c2	17	
16	d8	00	00	02	00	06	00	11	c2	
1d	00	82	d5	47	46	63	00	00	00	
00	00	00	00	00	00	00	00	00	00	
00	00	00	00	00	00	00	00	00	01	
b8	00	00	01	00	00	ed	00	33	00	
3b	00	06	00	03	00	19	00	fd	01	
12	00	09	00	12	00	00	00	00	00	
37	3f	47	3f	41	3f	00	00	00	00	
00	00	00	00	00	10	00	01	00	00	
a2	00	00	00	03	00	43	3f	95	ff	
42	3f	00	00	00	00	a5	a2	02	00	
fe	ff	c4	00	14	00	1a	00	17	00	
14	00	0c	00	12	00	0c	00	15	00	
14	00	00	00	00	00	00	00	00	00	
46	04	00	00	00	00	00	00	00	00	
cc	0c	00	00	00	00	00	09	00	12	
00	0f	00	14	00	10	01	13	01	07	
01	14	01	30	01	4b	01	58	23	04	
00	5c	8f	02	be	e1	7a	54	3e	7c	
14	ee	3e	