08	1a	d9	55	00	c4	00	2c	d9	5f	
16	d9	00	00	0a	00	06	00	59	d9	
2c	00	13	a3	42	42	8d	00	00	00	
00	00	00	00	00	00	00	00	00	00	
00	00	00	00	00	00	00	00	00	01	
bb	00	00	01	00	00	cd	00	33	00	
3b	00	09	00	03	00	1c	00	08	02	
15	00	0c	00	12	00	00	00	00	00	
65	3f	66	3f	6f	3f	00	00	00	00	
00	00	00	00	00	10	00	01	00	00	
a2	00	00	00	03	00	71	3f	95	ff	
6e	3f	00	00	00	00	7b	0b	02	00	
80	00	c5	00	17	00	ad	00	17	00	
17	00	0f	00	15	00	0f	00	18	00	
17	00	00	00	04	2f	00	00	00	00	
f9	03	00	00	00	00	00	00	00	00	
cc	0c	01	00	00	00	00	6d	00	6d	
00	0c	00	0a	00	0e	42	0c	41	15	
34	ff	34	b6	3e	98	3d	3d	23	04	
00	1f	85	eb	bd	28	5c	cf	3e	e0	
7a	f4	be	