08	1a	c4	0c	00	c4	00	1f	16	c1	
16	da	00	00	08	00	06	00	bb	16	
1f	00	8b	52	42	42	6b	00	00	00	
00	00	00	00	00	00	00	00	00	00	
00	00	00	00	00	00	00	00	00	01	
b8	00	00	01	00	00	dd	00	36	00	
3b	00	09	00	00	00	1c	00	17	02	
12	00	0c	00	12	00	00	00	00	00	
28	3f	28	3f	32	3f	00	00	00	00	
00	00	00	00	00	10	00	01	00	00	
a2	00	00	00	03	00	34	3f	8d	ff	
30	3f	00	00	00	00	ad	fd	01	00	
fd	ff	c8	00	14	00	1d	00	17	00	
17	00	0c	00	12	00	0c	00	15	00	
14	00	00	00	00	00	00	00	00	00	
46	04	00	00	00	00	00	00	00	00	
cc	0c	00	00	00	00	00	09	00	12	
00	0f	00	13	00	0f	00	13	00	f9	
00	f8	01	f8	01	13	01	2f	23	04	
00	0a	d7	23	3c	f5	28	5c	3e	14	
ae	47	3e	