08	1a	c3	d8	00	c4	00	1f	14	b9	
16	df	00	00	08	00	06	00	b3	14	
1f	00	05	b6	39	46	51	00	00	00	
00	00	00	00	00	00	00	00	00	00	
00	00	00	00	00	00	00	00	00	01	
b8	00	00	01	00	00	e2	00	36	00	
3b	00	06	00	03	00	1c	00	fa	01	
12	00	09	00	12	00	00	00	00	00	
47	3f	47	3f	41	3f	00	00	00	00	
00	00	00	00	00	10	00	01	00	00	
a2	00	00	00	03	00	43	3f	94	ff	
4a	3f	00	00	00	00	b5	ff	01	00	
fd	ff	c3	00	14	00	1d	00	1a	00	
17	00	0c	00	15	00	0c	00	15	00	
14	00	00	00	00	00	00	00	00	00	
46	04	00	00	00	00	00	00	00	00	
cc	0c	00	00	00	00	00	09	00	12	
00	0f	00	13	00	0f	01	13	01	23	
01	22	01	06	01	06	01	2f	3f	04	
00	eb	51	38	3d	52	b8	9e	3d	f5	
28	fc	3e	