08	1a	f1	1d	00	c4	00	1e	59	6b	
16	ca	00	00	04	00	06	00	65	59	
1e	00	6b	09	43	40	f4	00	00	00	
00	00	00	00	00	00	00	00	00	00	
00	00	00	00	00	00	00	00	00	01	
b8	00	00	01	00	00	d1	00	36	00	
38	00	06	00	03	00	16	00	fa	01	
12	00	09	00	12	00	00	00	00	00	
65	3f	66	3f	6f	3f	00	00	00	00	
00	00	00	00	00	10	00	01	00	00	
a2	00	00	00	03	00	71	3f	94	ff	
6b	3f	00	00	00	00	24	0c	02	00	
80	00	c2	00	14	00	1a	00	1a	00	
17	00	0c	00	15	00	0c	00	15	00	
14	00	00	00	00	00	00	00	00	00	
f9	03	00	00	00	00	00	00	00	00	
cc	0c	00	00	00	00	00	34	00	38	
00	1e	00	1a	00	0d	42	0c	41	07	
41	e3	41	d5	3d	be	3d	53	ca	04	
00	ae	47	a1	be	c2	f5	a8	3d	85	
eb	91	3e	