08	1a	c4	11	00	c4	00	1f	16	f3	
18	d8	00	00	08	00	06	00	ed	16	
1f	00	86	c5	4d	40	6e	00	00	00	
00	00	00	00	00	00	00	00	00	00	
00	00	00	00	00	00	00	00	00	01	
b8	00	00	01	00	00	dd	00	39	00	
3b	00	06	00	00	00	19	00	14	02	
12	00	09	00	12	00	00	00	00	00	
28	3f	28	3f	22	3f	00	00	00	00	
00	00	00	00	00	10	00	01	00	00	
a2	00	00	00	03	00	24	3f	8e	ff	
2c	3f	00	00	00	00	71	fd	01	00	
fd	ff	c9	00	14	00	1d	00	1a	00	
17	00	0c	00	12	00	0c	00	15	00	
14	00	00	00	00	00	00	00	00	00	
46	04	00	00	00	00	00	00	00	00	
cc	0c	00	00	00	00	00	09	00	12	
00	0f	00	13	00	0f	00	13	00	f9	
00	f8	01	f8	01	13	01	2f	15	04	
00	0a	d7	23	3d	8f	c2	75	3e	8f	
c2	35	3e	