08	1a	d3	2f	00	c4	00	1f	ae	1f	
16	e9	00	00	0a	00	06	00	19	ae	
1f	00	74	e1	51	3c	fd	00	00	00	
00	00	00	00	00	00	00	00	00	00	
00	00	00	00	00	00	00	00	00	01	
b8	00	00	01	00	00	d3	00	36	00	
38	00	06	00	03	00	19	00	fa	01	
12	00	0c	00	12	00	00	00	00	00	
84	3f	84	3f	7e	3f	00	00	00	00	
00	00	00	00	00	10	00	01	00	00	
a2	00	00	00	03	00	80	3f	94	ff	
83	3f	00	00	00	00	e5	a2	02	00	
f3	00	c2	00	14	00	1d	00	1a	00	
17	00	0c	00	12	00	0f	00	15	00	
14	00	00	00	00	00	00	00	00	00	
f9	03	00	00	00	00	00	00	00	00	
cc	0c	00	00	00	00	00	18	01	25	
01	53	00	56	00	0f	14	ae	14	8b	
14	40	14	93	14	a3	14	27	8f	04	
00	29	5c	0f	3e	71	3d	aa	3e	8f	
c2	75	3c	