08	1a	d5	77	00	c4	00	1f	c4	ef	
16	e7	00	00	0a	00	06	00	e9	c4	
1f	00	00	cf	51	3c	21	00	00	00	
00	00	00	00	00	00	00	00	00	00	
00	00	00	00	00	00	00	00	00	01	
b8	00	00	01	00	00	d5	00	33	00	
3b	00	09	00	00	00	1c	00	fa	01	
12	00	09	00	12	00	00	00	00	00	
84	3f	75	3f	7e	3f	00	00	00	00	
00	00	00	00	00	10	00	01	00	00	
a2	00	00	00	03	00	80	3f	95	ff	
81	3f	00	00	00	00	32	a2	02	00	
24	01	c1	00	14	00	1d	00	17	00	
17	00	0c	00	12	00	0f	00	15	00	
14	00	00	00	00	00	00	00	00	00	
f9	03	00	00	00	00	00	00	00	00	
cc	0c	00	00	00	00	00	94	00	a2	
00	0c	00	08	00	0d	42	0b	42	3f	
41	28	41	ac	3b	87	40	7d	80	04	
00	14	ae	07	3e	a4	70	3d	3e	09	
d7	63	be	