08	1a	e1	f7	00	c4	00	1d	c1	ef	
16	df	00	00	02	00	06	00	e9	c1	
1d	00	19	04	56	44	61	00	00	00	
00	00	00	00	00	00	00	00	00	00	
00	00	00	00	00	00	00	00	00	01	
b8	00	00	01	00	00	ed	00	33	00	
3b	00	06	00	00	00	1c	00	fa	01	
12	00	09	00	12	00	00	00	00	00	
37	3f	47	3f	41	3f	00	00	00	00	
00	00	00	00	00	10	00	01	00	00	
a2	00	00	00	03	00	43	3f	95	ff	
45	3f	00	00	00	00	cd	a2	02	00	
fe	ff	c3	00	14	00	1d	00	17	00	
17	00	0c	00	12	00	0f	00	15	00	
14	00	00	00	00	00	00	00	00	00	
46	04	00	00	00	00	00	00	00	00	
cc	0c	00	00	00	00	00	09	00	12	
00	0f	00	13	00	0f	01	13	01	15	
01	22	01	14	01	2f	01	58	31	04	
00	99	99	19	be	14	ae	47	3e	e0	
7a	f4	3e	