08	1a	c3	db	00	c4	00	1f	14	d7	
16	de	00	00	08	00	06	00	d1	14	
1f	00	b6	e3	3c	3e	53	00	00	00	
00	00	00	00	00	00	00	00	00	00	
00	00	00	00	00	00	00	00	00	01	
b8	00	00	01	00	00	e2	00	36	00	
3b	00	09	00	00	00	19	00	fa	01	
12	00	09	00	12	00	00	00	00	00	
37	3f	47	3f	41	3f	00	00	00	00	
00	00	00	00	00	10	00	01	00	00	
a2	00	00	00	03	00	43	3f	95	ff	
46	3f	00	00	00	00	8d	ff	01	00	
fe	ff	c3	00	17	00	1d	00	1a	00	
17	00	0f	00	12	00	0c	00	15	00	
14	00	00	00	00	00	00	00	00	00	
46	04	00	00	00	00	00	00	00	00	
ce	0c	00	00	00	00	00	09	00	12	
00	0f	00	14	00	10	01	13	01	15	
01	22	01	06	01	06	01	3d	31	04	
00	1f	85	6b	3d	00	00	80	3d	8f	
c2	f5	3e	