08	1a	f5	2e	00	c4	00	21	02	15	
16	e8	00	00	0a	00	06	00	0f	02	
21	00	22	e3	51	3c	fc	00	00	00	
00	00	00	00	00	00	00	00	00	00	
00	00	00	00	00	00	00	00	00	01	
b9	00	00	01	00	00	d5	00	36	00	
38	00	06	00	03	00	1c	00	fa	01	
12	00	09	00	12	00	00	00	00	00	
65	3f	66	3f	5f	3f	00	00	00	00	
00	00	00	00	00	10	00	01	00	00	
a2	00	00	00	03	00	71	3f	94	ff	
6f	3f	00	00	00	00	87	a1	02	00	
80	00	c2	00	17	00	1d	00	1a	00	
17	00	12	00	15	00	0f	00	18	00	
17	00	00	00	00	00	00	00	00	00	
f9	03	00	00	00	00	00	00	00	00	
ce	0c	00	00	00	00	00	09	00	11	
00	4c	00	48	00	0d	02	0c	13	0f	
41	10	41	f1	3e	d9	39	9e	e2	04	
00	7b	14	ae	bd	3d	0a	d7	3d	8f	
c2	75	be	