08	1a	d2	bd	00	c4	00	3c	13	bf	
2d	70	00	00	0a	00	07	00	b9	13	
3c	00	04	54	dd	5a	77	00	00	00	
00	00	00	00	00	00	00	00	00	00	
00	00	00	00	00	00	00	00	00	01	
bc	00	01	00	00	00	e5	00	36	00	
3b	00	06	00	03	00	1c	00	08	02	
12	00	0c	00	12	00	00	00	00	00	
ae	3e	ae	3e	b7	3e	00	00	00	00	
00	00	00	00	00	10	00	01	00	00	
a3	00	00	00	03	00	b9	3e	94	ff	
bb	3e	00	00	00	00	23	a2	02	00	
fe	ff	cc	00	17	00	1d	00	1a	00	
17	00	0f	00	15	00	0f	00	15	00	
14	00	00	00	00	00	00	00	00	00	
46	04	00	00	00	00	00	00	00	00	
cc	0c	00	00	00	00	00	09	00	12	
00	10	00	14	00	10	01	14	01	07	
01	06	01	06	01	21	01	3d	23	0c	
03	5c	8f	c2	bd	b8	1e	05	bd	cc	
cc	cc	bc	