08	1a	c2	3a	00	c4	00	3b	6e	a1	
2d	74	00	00	0a	00	07	00	9b	6e	
3b	00	73	7e	d4	52	36	00	00	00	
00	00	00	00	00	00	00	00	00	00	
00	00	00	00	00	00	00	00	00	01	
bc	00	01	00	00	00	1b	01	45	00	
49	00	06	00	12	00	0c	01	e4	04	
24	00	1a	00	24	00	00	00	00	00	
9a	3d	7c	3d	76	3d	00	00	00	00	
00	00	00	00	00	10	00	01	00	00	
a3	00	00	00	03	00	79	3d	8b	ff	
9b	3d	00	00	00	00	ad	f4	01	00	
c7	01	6d	02	14	00	1d	00	1a	00	
17	00	0f	00	15	00	0f	00	15	00	
17	00	ab	13	00	00	00	00	00	00	
46	04	00	00	00	00	00	00	00	00	
ca	0c	00	00	00	00	00	4d	00	51	
00	78	00	69	00	3b	40	49	40	30	
40	1b	40	37	40	12	40	20	49	7f	
03	cc	cc	cc	bc	b8	1e	85	bd	8f	
c2	75	3c	