08	1a	c0	07	00	c4	00	3b	58	a3	
2d	77	00	00	0a	00	07	00	9d	58	
3b	00	95	74	de	56	1c	00	00	00	
00	00	00	00	00	00	00	00	00	00	
00	00	00	00	00	00	00	00	00	01	
bc	00	01	00	00	00	e1	00	36	00	
3b	00	06	00	00	00	1c	00	05	02	
12	00	0c	00	12	00	00	00	00	00	
84	3f	84	3f	7e	3f	00	00	00	00	
00	00	00	00	00	10	00	01	00	00	
a3	00	00	00	03	00	80	3f	92	ff	
88	3f	00	00	00	00	ae	0a	02	00	
08	01	cf	00	17	00	1d	00	1a	00	
14	00	0f	00	15	00	0f	00	15	00	
14	00	00	00	00	00	00	00	00	00	
46	04	00	00	00	00	00	00	00	00	
cc	0c	00	00	01	00	01	b6	00	ba	
00	25	00	27	00	6d	11	56	11	59	
11	56	11	48	11	67	11	83	a1	04	
00	5c	8f	82	be	c3	f5	88	be	eb	
51	b8	3e	