08	1a	f3	57	00	c4	00	1e	6f	af	
16	d8	00	00	06	00	06	00	a9	6f	
1e	00	3b	26	41	42	11	00	00	00	
00	00	00	00	00	00	00	00	00	00	
00	00	00	00	00	00	00	00	00	01	
b8	00	00	01	00	00	d1	00	33	00	
3b	00	06	00	00	00	1c	00	fa	01	
12	00	09	00	12	00	00	00	00	00	
84	3f	84	3f	7e	3f	00	00	00	00	
00	00	00	00	00	10	00	01	00	00	
a2	00	00	00	03	00	80	3f	94	ff	
85	3f	00	00	00	00	17	8d	02	00	
13	01	c2	00	17	00	1d	00	1a	00	
17	00	0f	00	12	00	0f	00	18	00	
17	00	00	00	00	00	00	00	00	00	
f9	03	00	00	00	00	00	00	00	00	
cc	0c	00	00	00	00	00	5a	00	5f	
00	61	00	60	00	1f	2d	5c	2d	28	
2d	34	2d	26	2d	1a	2d	44	84	04	
00	d7	a3	b0	3e	8f	c2	75	3d	1f	
85	cb	be	