08	1a	e2	1e	00	c4	00	1d	c3	75	
16	df	00	00	04	00	06	00	6f	c3	
1d	00	2f	84	41	44	74	00	00	00	
00	00	00	00	00	00	00	00	00	00	
00	00	00	00	00	00	00	00	00	01	
b8	00	00	01	00	00	e8	00	33	00	
3b	00	06	00	00	00	1c	00	fa	01	
12	00	0c	00	12	00	00	00	00	00	
28	3f	38	3f	32	3f	00	00	00	00	
00	00	00	00	00	10	00	01	00	00	
a2	00	00	00	03	00	34	3f	94	ff	
33	3f	00	00	00	00	40	a2	02	00	
fd	ff	c4	00	17	00	1d	00	17	00	
17	00	0c	00	12	00	0f	00	15	00	
14	00	00	00	00	00	00	00	00	00	
46	04	00	00	00	00	00	00	00	00	
cc	0c	00	00	00	00	00	09	00	12	
00	0f	00	13	00	10	01	13	01	15	
01	14	01	06	01	06	01	3d	3f	04	
00	20	85	2b	3e	00	00	a0	3e	c3	
f5	88	3e	