08	1a	d3	09	00	c4	00	1f	ac	a3	
16	d7	00	00	08	00	06	00	9d	ac	
1f	00	66	47	4f	44	ea	00	00	00	
00	00	00	00	00	00	00	00	00	00	
00	00	00	00	00	00	00	00	00	01	
b8	00	00	01	00	00	c8	00	33	00	
3b	00	09	00	00	00	1c	00	ff	01	
12	00	09	00	0f	00	00	00	00	00	
84	3f	75	3f	7e	3f	00	00	00	00	
00	00	00	00	00	10	00	01	00	00	
a2	00	00	00	03	00	80	3f	95	ff	
80	3f	00	00	00	00	af	67	01	00	
09	01	cc	00	17	00	1a	00	17	00	
17	00	0f	00	12	00	0f	00	15	00	
14	00	00	00	00	00	00	00	00	00	
f9	03	00	00	00	00	00	00	00	00	
cc	0c	00	00	00	00	00	2a	02	34	
02	1a	00	1a	00	35	0f	74	0f	49	
0f	48	0f	48	0f	5b	0f	69	76	04	
00	0a	d7	23	bc	1f	85	8b	3e	00	
00	a0	3e	