08	1a	d2	b0	00	c4	00	3c	13	3d	
31	5b	00	00	0a	00	07	00	37	13	
3c	00	8d	94	d2	56	71	00	00	00	
00	00	00	00	00	00	00	00	00	00	
00	00	00	00	00	00	00	00	00	01	
bc	00	01	00	00	00	e8	00	36	00	
3b	00	06	00	00	00	1f	00	08	02	
12	00	0c	00	12	00	00	00	00	00	
bd	3e	bd	3e	b7	3e	00	00	00	00	
00	00	00	00	00	10	00	01	00	00	
a3	00	00	00	03	00	b9	3e	94	ff	
c4	3e	00	00	00	00	af	a2	02	00	
fe	ff	ca	00	17	00	1d	00	1d	00	
17	00	0f	00	15	00	0f	00	15	00	
17	00	00	00	00	00	00	00	00	00	
46	04	00	00	00	00	00	00	00	00	
cc	0c	00	00	00	00	00	09	00	13	
00	10	00	14	00	10	01	14	01	07	
01	06	01	06	01	21	01	3d	31	0c	
03	a4	70	bd	bd	29	5c	8f	bc	b8	
1e	05	bd	