08	1a	c3	f5	00	c4	00	1f	15	db	
16	c9	00	00	08	00	06	00	d5	15	
1f	00	2b	e7	41	42	60	00	00	00	
00	00	00	00	00	00	00	00	00	00	
00	00	00	00	00	00	00	00	00	01	
b8	00	00	01	00	00	e1	00	36	00	
3b	00	06	00	03	00	1c	00	fa	01	
12	00	09	00	12	00	00	00	00	00	
37	3f	38	3f	32	3f	00	00	00	00	
00	00	00	00	00	10	00	01	00	00	
a2	00	00	00	03	00	34	3f	95	ff	
3c	3f	00	00	00	00	9c	fe	01	00	
fd	ff	c4	00	14	00	1d	00	17	00	
14	00	0c	00	15	00	0c	00	15	00	
14	00	00	00	00	00	00	00	00	00	
46	04	00	00	00	00	00	00	00	00	
cc	0c	00	00	00	00	00	09	00	12	
00	0f	00	13	00	10	01	13	01	07	
01	06	01	14	01	2f	01	3d	31	04	
00	7b	14	2e	bd	33	33	b3	3d	b8	
1e	a5	3e	