08	1a	c2	41	00	c4	00	3b	6e	e7	
2d	67	00	00	0a	00	07	00	e1	6e	
3b	00	c2	84	d1	54	39	00	00	00	
00	00	00	00	00	00	00	00	00	00	
00	00	00	00	00	00	00	00	00	01	
bc	00	01	00	00	00	21	01	36	00	
3e	00	06	00	0c	00	09	01	08	02	
12	00	09	00	15	00	00	00	00	00	
a9	3d	9a	3d	95	3d	00	00	00	00	
00	00	00	00	00	10	00	01	00	00	
a3	00	00	00	03	00	97	3d	94	ff	
af	3d	00	00	00	00	67	f4	01	00	
d8	01	c4	01	11	00	1d	00	1a	00	
17	00	0f	00	12	00	0c	00	15	00	
14	00	ba	13	00	00	00	00	00	00	
46	04	00	00	00	00	00	00	00	00	
cc	0c	00	00	00	00	00	4f	00	52	
00	7b	00	6c	00	3f	40	4e	40	59	
40	37	40	44	40	04	40	20	65	7f	
03	eb	51	38	bd	99	99	99	bd	29	
5c	8f	3c	