08	1a	c7	f2	00	c4	00	28	48	b3	
18	cc	00	00	0a	00	06	00	ad	48	
28	00	18	cf	45	3c	1e	00	00	00	
00	00	00	00	00	00	00	00	00	00	
00	00	00	00	00	00	00	00	00	01	
bb	00	00	01	00	00	de	00	36	00	
38	00	06	00	a0	00	19	00	05	02	
12	00	09	00	12	00	00	00	00	00	
fa	3e	fa	3e	f4	3e	00	00	00	00	
00	00	00	00	00	10	00	01	00	00	
a2	00	00	00	03	00	f7	3e	95	ff	
fd	3e	00	00	00	00	dc	64	01	00	
fd	ff	67	01	17	00	df	00	1a	00	
17	00	0f	00	15	00	0f	00	18	00	
17	00	00	00	04	2f	00	00	00	00	
46	04	00	00	00	00	00	00	00	00	
ca	0c	01	00	00	00	00	09	00	12	
00	0f	00	13	00	10	00	13	00	f9	
00	f8	01	f8	01	13	01	2f	15	04	
00	f6	28	1c	3e	8f	c2	f5	3c	71	
3d	ea	3e	