48	59	56	52	49	44	00	00	00	00	
00	00	fa	ff	07	00	1a	47	0f	00	
00	00	20	76	04	1a	00	00	00	00	
00	00	00	00	00	00	00	00	00	00	
00	00	00	00	00	00	00	00	00	00	
00	00	00	00	00	00	00	00	00	00	
00	00	00	00	00	00	00	00	00	00	
00	00	00	00	00	00	00	00	00	00	
00	00	00	00	00	00	00	00	00	00	
00	00	00	00	00	00	00	00	00	00	
00	00	00	00	00	00	00	00	00	00	
00	00	00	00	00	00	00	00	00	00	
00	00	00	00	00	00	00	00	00	00	
00	00	00	00	00	00	00	00	00	00	
00	00	00	00	00	00	00	00	00	00	
00	00	00	00	01	01	01	01	01	01	
01	01	01	01	01	00	00	00	01	00	
00	00	00	00	00	00	00	00	00	00	
00	00	00	00	00	00	00	d1	00	00	
00	