08	1a	d5	83	00	c4	00	1f	c5	67	
18	e7	00	00	0a	00	06	00	61	c5	
1f	00	0c	96	45	3c	27	00	00	00	
00	00	00	00	00	00	00	00	00	00	
00	00	00	00	00	00	00	00	00	01	
b8	00	00	01	00	00	d9	00	33	00	
3b	00	06	00	03	00	19	00	fa	01	
12	00	09	00	12	00	00	00	00	00	
84	3f	84	3f	7e	3f	00	00	00	00	
00	00	00	00	00	10	00	01	00	00	
a2	00	00	00	03	00	80	3f	94	ff	
84	3f	00	00	00	00	ba	a1	02	00	
15	01	c1	00	14	00	1d	00	17	00	
17	00	0f	00	15	00	0c	00	15	00	
14	00	00	00	00	00	00	00	00	00	
46	04	00	00	00	00	00	00	00	00	
ce	0c	00	00	00	00	00	6d	00	7c	
00	0f	00	13	01	21	22	57	22	db	
02	d5	03	7b	23	2d	22	06	fd	04	
00	00	00	00	80	67	66	66	3e	a3	
70	9d	be	