08	1a	f3	7d	00	c4	00	1e	71	2b	
16	c9	00	00	07	00	06	00	25	71	
1e	00	39	6a	3b	44	24	00	00	00	
00	00	00	00	00	00	00	00	00	00	
00	00	00	00	00	00	00	00	00	01	
b8	00	00	01	00	00	db	00	33	00	
3b	00	06	00	00	00	1c	00	fa	01	
0f	00	0c	00	0f	00	00	00	00	00	
84	3f	84	3f	7e	3f	00	00	00	00	
00	00	00	00	00	10	00	01	00	00	
a2	00	00	00	03	00	80	3f	94	ff	
85	3f	00	00	00	00	ad	a1	02	00	
0c	01	cc	00	14	00	1a	00	17	00	
17	00	0c	00	12	00	0f	00	15	00	
14	00	00	00	00	00	00	00	00	00	
46	04	00	00	00	00	00	00	00	00	
ce	0c	00	00	01	00	01	b9	00	c0	
00	2b	01	2d	00	52	0e	32	0e	6b	
0e	6b	0e	5d	0e	63	0e	8c	36	04	
00	eb	51	38	bd	46	e1	7a	3e	8f	
c2	d5	be	