08	1a	c3	f8	00	c4	00	1f	15	f9	
16	c5	00	00	08	00	06	00	f3	15	
1f	00	ac	fd	42	44	61	00	00	00	
00	00	00	00	00	00	00	00	00	00	
00	00	00	00	00	00	00	00	00	01	
b8	00	00	01	00	00	e0	00	36	00	
3b	00	06	00	03	00	1c	00	f7	01	
12	00	09	00	12	00	00	00	00	00	
37	3f	38	3f	32	3f	00	00	00	00	
00	00	00	00	00	10	00	01	00	00	
a2	00	00	00	03	00	34	3f	95	ff	
3a	3f	00	00	00	00	6b	fe	01	00	
fd	ff	c3	00	14	00	1d	00	17	00	
14	00	0f	00	15	00	0c	00	15	00	
14	00	00	00	00	00	00	00	00	00	
46	04	00	00	00	00	00	00	00	00	
cc	0c	00	00	00	00	00	09	00	12	
00	0f	00	13	00	0f	01	13	00	07	
01	f8	01	14	01	21	01	3d	23	04	
00	0a	d7	23	bd	3d	0a	d7	3d	47	
e1	9a	3e	