08	1a	f5	10	00	c4	00	21	00	e9	
16	da	00	00	0a	00	06	00	e3	00	
21	00	9a	64	3f	3c	ed	00	00	00	
00	00	00	00	00	00	00	00	00	00	
00	00	00	00	00	00	00	00	00	01	
b9	00	00	01	00	00	cc	00	39	00	
3e	00	09	00	03	00	1c	00	14	02	
15	00	0c	00	12	00	00	00	00	00	
84	3f	84	3f	7e	3f	00	00	00	00	
00	00	00	00	00	10	00	01	00	00	
a2	00	00	00	03	00	80	3f	87	ff	
81	3f	00	00	00	00	b3	a2	02	00	
01	01	d7	00	17	00	1d	00	1a	00	
17	00	0f	00	12	00	0f	00	15	00	
14	00	00	00	00	00	00	00	00	00	
f9	03	00	00	00	00	00	00	00	00	
cc	0c	00	00	00	00	00	22	01	2c	
01	61	01	65	00	13	11	43	11	82	
11	7f	11	9b	11	9f	11	ac	a1	04	
00	8f	c2	f5	3d	b8	1e	85	3e	cc	
cc	cc	be	