48	59	56	52	49	44	00	00	00	00	
00	00	fe	ff	07	00	83	49	0f	00	
00	00	20	76	04	1a	20	76	04	1a	
ff	75	00	00	b8	f7	52	01	01	00	
01	01	01	01	33	01	31	01	01	00	
00	00	0f	02	00	00	36	07	00	00	
01	00	03	00	00	00	00	00	00	00	
00	00	00	00	00	00	00	00	fa	3e	
ff	3e	19	01	1a	01	01	01	01	01	
01	01	01	01	02	00	00	00	8d	45	
2d	00	fe	ff	97	00	fa	3e	00	00	
00	00	00	00	0e	00	00	00	01	00	
00	00	0e	00	00	00	88	13	88	13	
88	13	48	0d	48	0d	48	0d	09	00	
10	00	0e	00	0c	00	6a	01	75	01	
bb	01	e2	04	00	00	00	00	00	00	
00	00	00	00	00	00	00	00	00	00	
00	00	00	00	00	00	00	00	00	00	
00	00	00	00	00	00	00	d5	00	00	
00	