08	1a	db	7f	00	c4	00	2c	ef	03	
16	c9	00	00	0a	00	06	00	fd	ee	
2c	00	8c	25	51	42	a2	00	00	00	
00	00	00	00	00	00	00	00	00	00	
00	00	00	00	00	00	00	00	00	01	
bb	00	00	01	00	00	08	01	36	00	
3b	00	06	00	a0	00	1c	00	1c	02	
12	00	0c	00	15	00	00	00	00	00	
84	3f	66	3f	5f	3f	00	00	00	00	
00	00	00	00	00	10	00	01	00	00	
a2	00	00	00	03	00	62	3f	95	ff	
6c	3f	00	00	00	00	b7	f5	01	00	
ec	03	68	01	17	00	df	00	1a	00	
17	00	0f	00	15	00	0f	00	18	00	
17	00	00	00	f5	2e	00	00	00	00	
46	04	00	00	00	00	00	00	00	00	
cc	0c	01	00	01	00	01	8d	00	8f	
00	7a	00	76	00	0e	42	0c	42	4d	
42	44	42	0d	3c	03	39	15	12	04	
00	14	ae	c7	3e	67	66	e6	bd	c3	
f5	c8	be	