08	1a	cf	42	00	c4	00	1d	06	dd	
16	d9	00	00	01	00	06	00	d7	06	
1d	00	30	13	45	42	06	00	00	00	
00	00	00	00	00	00	00	00	00	00	
00	00	00	00	00	00	00	00	00	01	
b7	00	01	00	00	00	c1	00	33	00	
3b	00	09	00	03	00	1c	00	fa	01	
0f	00	09	00	12	00	00	00	00	00	
84	3f	84	3f	7e	3f	00	00	00	00	
00	00	00	00	00	10	00	01	00	00	
a2	00	00	00	03	00	80	3f	94	ff	
83	3f	00	00	00	00	34	f4	01	00	
24	01	c2	00	17	00	1d	00	17	00	
17	00	0f	00	12	00	0f	00	15	00	
14	00	00	00	00	00	00	00	00	00	
f9	03	00	00	00	00	00	00	00	00	
cc	0c	00	00	00	00	00	11	00	1d	
00	3b	00	3b	01	22	24	ad	24	dd	
24	b9	24	e3	24	96	24	b2	f1	04	
00	3d	0a	d7	3e	67	66	66	be	34	
33	73	be	