08	1a	f5	0c	00	c4	00	21	00	c1	
16	db	00	00	0a	00	06	00	bb	00	
21	00	6f	d3	44	3c	eb	00	00	00	
00	00	00	00	00	00	00	00	00	00	
00	00	00	00	00	00	00	00	00	01	
b9	00	00	01	00	00	cb	00	33	00	
3b	00	09	00	00	00	19	00	fa	01	
12	00	09	00	12	00	00	00	00	00	
84	3f	84	3f	7e	3f	00	00	00	00	
00	00	00	00	00	10	00	01	00	00	
a2	00	00	00	03	00	80	3f	94	ff	
83	3f	00	00	00	00	dc	a2	02	00	
0d	01	cb	00	14	00	1d	00	1a	00	
17	00	0c	00	12	00	0c	00	15	00	
14	00	00	00	00	00	00	00	00	00	
f9	03	00	00	00	00	00	00	00	00	
cc	0c	00	00	00	00	00	27	01	31	
01	c3	00	c3	00	d7	10	39	10	27	
10	25	10	4f	10	38	10	53	46	04	
00	eb	51	38	3e	0a	d7	83	3e	00	
00	c0	be	