08	1a	e4	30	00	c4	00	3c	c2	3d	
2d	70	00	00	0a	00	07	00	37	c2	
3c	00	fe	2f	d7	5c	31	00	00	00	
00	00	00	00	00	00	00	00	00	00	
00	00	00	00	00	00	00	00	00	01	
bc	00	01	00	00	00	da	00	36	00	
3b	00	06	00	00	00	1f	00	14	02	
15	00	0c	00	12	00	00	00	00	00	
47	3f	38	3f	41	3f	00	00	00	00	
00	00	00	00	00	10	00	01	00	00	
a3	00	00	00	03	00	43	3f	94	ff	
40	3f	00	00	00	00	d8	8b	02	00	
3a	01	c9	00	14	00	1d	00	1a	00	
17	00	0f	00	15	00	0f	00	15	00	
17	00	00	00	00	00	00	00	00	00	
46	04	00	00	00	00	00	00	00	00	
cc	0c	00	00	00	00	00	4d	00	58	
00	5b	00	59	00	0e	41	0c	41	de	
41	d5	41	d5	39	be	39	7f	e2	0c	
03	3d	0a	d7	bd	3d	0a	57	3e	29	
5c	8f	bd	