48	59	56	52	49	44	00	00	00	00	
00	00	fe	ff	07	00	3f	46	0f	00	
00	00	20	76	04	1a	20	76	04	1a	
ff	75	00	00	b8	f7	52	01	01	00	
01	01	01	01	2c	01	2b	01	01	00	
00	00	0f	02	00	00	f8	03	00	00	
01	00	03	00	00	00	00	00	00	00	
00	00	00	00	00	00	00	00	fa	3e	
fd	3e	16	01	18	01	01	01	01	01	
01	01	01	01	02	00	00	00	cb	48	
2d	00	fd	ff	92	00	fa	3e	00	00	
00	00	00	00	0e	00	00	00	01	00	
00	00	0e	00	00	00	88	13	88	13	
88	13	48	0d	48	0d	48	0d	09	00	
10	00	0e	00	0c	00	5c	01	59	01	
ae	01	0c	05	00	00	00	00	00	00	
00	00	00	00	00	00	00	00	00	00	
00	00	00	00	00	00	00	00	00	00	
00	00	00	00	00	00	00	d5	00	00	
00	