08	1a	f3	7a	00	c4	00	1e	71	0d	
16	da	00	00	07	00	06	00	07	71	
1e	00	ab	6e	3f	46	22	00	00	00	
00	00	00	00	00	00	00	00	00	00	
00	00	00	00	00	00	00	00	00	01	
b8	00	00	01	00	00	da	00	33	00	
3b	00	06	00	00	00	22	00	fa	01	
12	00	0c	00	15	00	00	00	00	00	
84	3f	84	3f	7e	3f	00	00	00	00	
00	00	00	00	00	10	00	01	00	00	
a2	00	00	00	03	00	80	3f	94	ff	
85	3f	00	00	00	00	cb	a1	02	00	
0d	01	cb	00	14	00	1d	00	17	00	
14	00	0f	00	12	00	0f	00	15	00	
14	00	00	00	00	00	00	00	00	00	
46	04	00	00	00	00	00	00	00	00	
cc	0c	00	00	01	00	01	66	00	6c	
00	26	01	27	00	af	10	2f	10	35	
10	33	10	25	10	1c	10	53	54	04	
00	ad	47	e1	bc	eb	51	78	3e	09	
d7	e3	be	