08	1a	e1	e5	00	c4	00	3c	ab	4f	
2d	63	00	00	0a	00	07	00	49	ab	
3c	00	89	2c	d2	5a	0b	00	00	00	
00	00	00	00	00	00	00	00	00	00	
00	00	00	00	00	00	00	00	00	01	
bc	00	01	00	00	00	c1	00	33	00	
3b	00	06	00	03	00	1f	00	08	02	
12	00	0c	00	12	00	00	00	00	00	
47	3f	47	3f	41	3f	00	00	00	00	
00	00	00	00	00	10	00	01	00	00	
a3	00	00	00	03	00	43	3f	95	ff	
46	3f	00	00	00	00	be	a2	02	00	
be	00	c8	00	17	00	1d	00	1a	00	
17	00	0f	00	15	00	0f	00	18	00	
17	00	00	00	00	00	00	00	00	00	
f9	03	00	00	00	00	00	00	00	00	
cc	0c	00	00	00	00	00	37	00	41	
00	37	00	33	00	0e	41	0c	41	ec	
41	c8	41	d5	39	b0	3b	7f	ba	0c	
03	85	eb	11	3e	71	3d	8a	bd	f6	
28	1c	3e	