08	1a	c0	23	00	c4	00	1c	6f	a7	
16	da	00	00	00	00	06	00	a1	6f	
1c	00	42	c2	41	42	77	00	00	00	
00	00	00	00	00	00	00	00	00	00	
00	00	00	00	00	00	00	00	00	01	
b7	00	01	00	00	00	e4	00	36	00	
3b	00	09	00	06	00	1c	00	fa	01	
12	00	09	00	12	00	00	00	00	00	
37	3f	38	3f	32	3f	00	00	00	00	
00	00	00	00	00	10	00	01	00	00	
a2	00	00	00	03	00	34	3f	94	ff	
37	3f	00	00	00	00	7d	8b	02	00	
fe	ff	c3	00	17	00	1a	00	17	00	
14	00	0f	00	12	00	0c	00	15	00	
14	00	00	00	00	00	00	00	00	00	
46	04	00	00	00	00	00	00	00	00	
ca	0c	00	00	00	00	00	09	00	12	
00	0f	00	13	00	10	01	13	01	23	
01	3d	00	06	01	f8	01	3d	5b	04	
00	29	5c	0f	3e	8f	c2	f5	3c	66	
66	86	be	