08	1a	cf	40	00	c4	00	1d	06	c9	
16	da	00	00	01	00	06	00	c3	06	
1d	00	7a	39	47	42	05	00	00	00	
00	00	00	00	00	00	00	00	00	00	
00	00	00	00	00	00	00	00	00	01	
b7	00	01	00	00	00	c0	00	30	00	
3b	00	06	00	00	00	1c	00	fa	01	
12	00	09	00	12	00	00	00	00	00	
75	3f	75	3f	7e	3f	00	00	00	00	
00	00	00	00	00	10	00	01	00	00	
a2	00	00	00	03	00	80	3f	95	ff	
7e	3f	00	00	00	00	48	f4	01	00	
08	01	c1	00	17	00	1d	00	17	00	
17	00	0f	00	12	00	0f	00	15	00	
14	00	00	00	00	00	00	00	00	00	
f9	03	00	00	00	00	00	00	00	00	
cc	0c	00	00	00	00	00	63	00	6b	
00	3e	00	3f	01	1f	1b	88	1b	c1	
1b	a6	1b	d0	1b	b2	1b	c0	fe	04	
00	14	ae	c7	3e	8f	c2	75	be	c3	
f5	88	be	