08	1a	c3	ec	00	c4	00	1f	15	81	
16	db	00	00	08	00	06	00	7b	15	
1f	00	15	67	56	44	5b	00	00	00	
00	00	00	00	00	00	00	00	00	00	
00	00	00	00	00	00	00	00	00	01	
b8	00	00	01	00	00	e1	00	33	00	
3b	00	06	00	00	00	1c	00	f7	01	
12	00	0c	00	12	00	00	00	00	00	
37	3f	38	3f	41	3f	00	00	00	00	
00	00	00	00	00	10	00	01	00	00	
a2	00	00	00	03	00	34	3f	95	ff	
3e	3f	00	00	00	00	e3	fe	01	00	
fd	ff	c3	00	14	00	1d	00	1a	00	
17	00	0c	00	12	00	0c	00	18	00	
14	00	00	00	00	00	00	00	00	00	
46	04	00	00	00	00	00	00	00	00	
cc	0c	00	00	00	00	00	09	00	12	
00	0f	00	13	00	10	00	13	01	f9	
01	06	01	14	01	2f	01	3d	23	04	
00	8f	c2	75	bc	cc	cc	4c	3d	14	
ae	c7	3e	