08	1a	cf	2b	00	c4	00	1d	05	f7	
17	24	00	00	01	00	06	00	f1	05	
1d	00	cc	a9	53	3c	fb	00	00	00	
00	00	00	00	00	00	00	00	00	00	
00	00	00	00	00	00	00	00	00	01	
b7	00	01	00	00	00	b9	00	33	00	
38	00	06	00	00	00	19	00	fd	01	
12	00	09	00	12	00	00	00	00	00	
84	3f	84	3f	7e	3f	00	00	00	00	
00	00	00	00	00	10	00	01	00	00	
a2	00	00	00	03	00	80	3f	95	ff	
7e	3f	00	00	00	00	1a	f5	01	00	
1a	01	c5	00	17	00	1d	00	1a	00	
17	00	0f	00	15	00	0f	00	15	00	
14	00	00	00	00	00	00	00	00	00	
f9	03	00	00	00	00	00	00	00	00	
cc	0c	00	00	00	00	00	e8	00	ec	
00	2c	01	2f	00	e5	13	63	13	07	
13	1e	13	1e	13	13	13	2f	34	04	
00	3d	0a	d7	bd	33	33	b3	be	85	
eb	f1	be	