08	1a	ca	07	00	c4	00	28	5d	85	
16	df	00	00	0a	00	06	00	7f	5d	
28	00	09	6a	42	42	28	00	00	00	
00	00	00	00	00	00	00	00	00	00	
00	00	00	00	00	00	00	00	00	01	
bb	00	00	01	00	00	ed	00	36	00	
3b	00	09	00	a6	00	1c	00	11	02	
12	00	09	00	12	00	00	00	00	00	
eb	3e	eb	3e	e5	3e	00	00	00	00	
00	00	00	00	00	10	00	01	00	00	
a2	00	00	00	03	00	e7	3e	95	ff	
f4	3e	00	00	00	00	07	50	01	00	
fe	ff	6f	01	17	00	df	00	1a	00	
14	00	0f	00	15	00	0f	00	15	00	
14	00	00	00	04	2f	00	00	00	00	
46	04	00	00	00	00	00	00	00	00	
ca	0c	01	00	00	00	00	09	00	12	
00	0f	00	14	00	10	01	13	01	15	
00	14	01	f8	01	06	01	4b	3f	04	
00	0a	d7	a3	bc	99	99	99	3d	ae	
47	a1	3e	