08	1a	c3	e1	00	c4	00	1f	15	13	
16	d0	00	00	08	00	06	00	0d	15	
1f	00	0a	00	44	40	56	00	00	00	
00	00	00	00	00	00	00	00	00	00	
00	00	00	00	00	00	00	00	00	01	
b8	00	00	01	00	00	e2	00	36	00	
3b	00	06	00	03	00	1c	00	f7	01	
12	00	09	00	12	00	00	00	00	00	
37	3f	47	3f	41	3f	00	00	00	00	
00	00	00	00	00	10	00	01	00	00	
a2	00	00	00	03	00	43	3f	95	ff	
45	3f	00	00	00	00	65	ff	01	00	
fd	ff	c3	00	14	00	1a	00	1a	00	
17	00	0f	00	12	00	0c	00	18	00	
17	00	00	00	00	00	00	00	00	00	
46	04	00	00	00	00	00	00	00	00	
cc	0c	00	00	00	00	00	09	00	12	
00	0f	00	13	00	10	01	13	01	15	
01	06	01	06	01	13	01	4b	3f	04	
00	eb	51	38	3d	cc	cc	4c	3d	71	
3d	ea	3e	