08	1a	e2	13	00	c4	00	3c	ad	1b	
2f	5c	00	00	0a	00	07	00	15	ad	
3c	00	ac	47	d0	5c	22	00	00	00	
00	00	00	00	00	00	00	00	00	00	
00	00	00	00	00	00	00	00	00	01	
bc	00	01	00	00	00	da	00	36	00	
3b	00	09	00	03	00	1c	00	05	02	
15	00	09	00	12	00	00	00	00	00	
37	3f	38	3f	32	3f	00	00	00	00	
00	00	00	00	00	10	00	01	00	00	
a3	00	00	00	03	00	34	3f	94	ff	
36	3f	00	00	00	00	f2	a0	02	00	
70	00	c7	00	17	00	1d	00	1a	00	
17	00	0f	00	12	00	0c	00	15	00	
17	00	00	00	00	00	00	00	00	00	
46	04	00	00	00	00	00	00	00	00	
cc	0c	00	00	00	00	00	21	00	2d	
00	24	00	21	00	0e	41	0d	41	b4	
41	ac	41	ac	37	94	37	04	63	0c	
03	71	3d	8a	3d	8f	c2	75	bd	eb	
51	b8	3d	