08	1a	d2	a5	00	c4	00	3c	12	cf	
2d	68	00	00	0a	00	07	00	c9	12	
3c	00	47	38	d2	5a	6b	00	00	00	
00	00	00	00	00	00	00	00	00	00	
00	00	00	00	00	00	00	00	00	01	
bc	00	01	00	00	00	e9	00	36	00	
3b	00	06	00	03	00	65	00	17	02	
12	00	0c	00	12	00	00	00	00	00	
ae	3e	bd	3e	b7	3e	00	00	00	00	
00	00	00	00	00	10	00	01	00	00	
a3	00	00	00	03	00	b9	3e	94	ff	
c2	3e	00	00	00	00	6b	50	01	00	
fe	ff	17	01	17	00	1d	00	17	00	
17	00	0f	00	15	00	0f	00	18	00	
14	00	00	00	00	00	00	00	00	00	
46	04	00	00	00	00	00	00	00	00	
ce	0c	00	00	00	00	00	09	00	12	
00	10	00	14	00	10	01	14	01	07	
01	06	01	06	01	21	01	3d	31	0c	
03	eb	51	b8	bd	8f	c2	75	bc	cc	
cc	cc	bc	