08	1a	c0	06	00	c4	00	3b	58	99	
2d	66	00	00	0a	00	07	00	93	58	
3b	00	a6	b3	dd	56	1c	00	00	00	
00	00	00	00	00	00	00	00	00	00	
00	00	00	00	00	00	00	00	00	01	
bc	00	01	00	00	00	e1	00	39	00	
3b	00	06	00	03	00	19	00	08	02	
15	00	09	00	15	00	00	00	00	00	
84	3f	84	3f	7e	3f	00	00	00	00	
00	00	00	00	00	10	00	01	00	00	
a3	00	00	00	03	00	80	3f	94	ff	
88	3f	00	00	00	00	b8	0a	02	00	
0f	01	ca	00	17	00	1d	00	1a	00	
17	00	0f	00	15	00	0f	00	18	00	
14	00	00	00	00	00	00	00	00	00	
46	04	00	00	00	00	00	00	00	00	
cc	0c	00	00	01	00	01	ab	00	ab	
00	22	00	25	00	60	12	53	12	c1	
12	f4	12	d9	12	dc	12	f7	fc	04	
00	46	e1	7a	be	cd	cc	8c	be	8f	
c2	b5	3e	