08	1a	d7	09	00	c4	00	28	df	99	
16	da	00	00	0a	00	06	00	93	df	
28	00	35	21	52	3c	a9	00	00	00	
00	00	00	00	00	00	00	00	00	00	
00	00	00	00	00	00	00	00	00	01	
bb	00	00	01	00	00	d0	00	33	00	
41	00	06	00	00	00	1c	00	1c	02	
15	00	09	00	12	00	00	00	00	00	
84	3f	84	3f	7e	3f	00	00	00	00	
00	00	00	00	00	10	00	01	00	00	
a2	00	00	00	03	00	80	3f	95	ff	
83	3f	00	00	00	00	e0	21	02	00	
17	01	c9	00	17	00	20	00	1a	00	
17	00	0f	00	15	00	12	00	18	00	
14	00	00	00	00	00	00	00	00	00	
f9	03	00	00	00	00	00	00	00	00	
ca	0c	00	00	00	00	00	0b	01	18	
01	9b	00	9c	00	38	17	11	16	18	
17	f4	17	0f	17	1e	17	10	38	04	
00	c2	f5	28	3e	a4	70	3d	be	a4	
70	3d	be	