08	1a	d2	d2	00	c4	00	3c	14	91	
2d	68	00	00	0a	00	07	00	8b	14	
3c	00	3a	08	df	54	82	00	00	00	
00	00	00	00	00	00	00	00	00	00	
00	00	00	00	00	00	00	00	00	01	
bc	00	01	00	00	00	e0	00	36	00	
3b	00	06	00	03	00	1f	00	17	02	
12	00	06	00	15	00	00	00	00	00	
ae	3e	ae	3e	a8	3e	00	00	00	00	
00	00	00	00	00	10	00	01	00	00	
a3	00	00	00	03	00	aa	3e	94	ff	
af	3e	00	00	00	00	51	a1	02	00	
fd	ff	cd	00	17	00	1d	00	1a	00	
17	00	12	00	12	00	0f	00	18	00	
14	00	00	00	00	00	00	00	00	00	
46	04	00	00	00	00	00	00	00	00	
cc	0c	00	00	00	00	00	09	00	13	
00	10	00	14	00	10	00	14	00	f9	
00	f8	01	f8	01	13	01	2f	23	0c	
03	1f	85	eb	bd	eb	51	38	bd	29	
5c	0f	bd	