08	1a	d2	be	00	c4	00	3c	13	c9	
2d	67	00	00	0a	00	07	00	c3	13	
3c	00	e3	55	d6	5c	78	00	00	00	
00	00	00	00	00	00	00	00	00	00	
00	00	00	00	00	00	00	00	00	01	
bc	00	01	00	00	00	e5	00	36	00	
3b	00	06	00	00	00	1f	00	17	02	
12	00	09	00	12	00	00	00	00	00	
ae	3e	ae	3e	b7	3e	00	00	00	00	
00	00	00	00	00	10	00	01	00	00	
a3	00	00	00	03	00	b9	3e	95	ff	
ba	3e	00	00	00	00	19	a2	02	00	
fe	ff	ce	00	17	00	1d	00	1a	00	
17	00	0f	00	15	00	0f	00	15	00	
17	00	00	00	00	00	00	00	00	00	
46	04	00	00	00	00	00	00	00	00	
cc	0c	00	00	00	00	00	09	00	12	
00	10	00	14	00	10	01	14	01	15	
00	06	01	f8	01	06	01	3d	3f	0c	
03	14	ae	c7	bd	ad	47	e1	bc	8f	
c2	f5	bc	