08	1a	d1	75	00	c4	00	1d	1c	db	
18	eb	00	00	01	00	06	00	d5	1c	
1d	00	4e	56	56	46	20	00	00	00	
00	00	00	00	00	00	00	00	00	00	
00	00	00	00	00	00	00	00	00	01	
b7	00	01	00	00	00	be	00	30	00	
3b	00	06	00	00	00	1c	00	fd	01	
12	00	0c	00	12	00	00	00	00	00	
84	3f	84	3f	7e	3f	00	00	00	00	
00	00	00	00	00	10	00	01	00	00	
a2	00	00	00	03	00	80	3f	95	ff	
80	3f	00	00	00	00	47	de	01	00	
00	01	c0	00	14	00	1d	00	1a	00	
17	00	0c	00	15	00	0c	00	15	00	
14	00	00	00	00	00	00	00	00	00	
f9	03	00	00	00	00	00	00	00	00	
cc	0c	00	00	00	00	00	0c	00	1b	
01	f4	00	01	00	f4	19	15	19	7a	
19	46	19	70	19	38	19	8a	9b	04	
00	d7	a3	30	be	c2	f5	28	3e	ae	
47	01	bf	