08	1a	d1	6f	00	c4	00	1d	1c	9f	
16	da	00	00	01	00	06	00	99	1c	
1d	00	d5	0f	45	3c	1d	00	00	00	
00	00	00	00	00	00	00	00	00	00	
00	00	00	00	00	00	00	00	00	01	
b7	00	01	00	00	00	bc	00	33	00	
3b	00	06	00	00	00	1c	00	fd	01	
12	00	09	00	12	00	00	00	00	00	
84	3f	84	3f	7e	3f	00	00	00	00	
00	00	00	00	00	10	00	01	00	00	
a2	00	00	00	03	00	80	3f	95	ff	
7f	3f	00	00	00	00	83	de	01	00	
05	01	c1	00	14	00	1d	00	17	00	
14	00	0f	00	12	00	0f	00	15	00	
14	00	00	00	00	00	00	00	00	00	
f9	03	00	00	00	00	00	00	00	00	
ce	0c	00	00	00	00	00	0c	01	18	
01	3c	00	3d	00	a5	17	2a	17	be	
17	99	17	99	17	b5	17	d1	d0	04	
00	99	99	99	bd	e1	7a	54	3e	d7	
a3	00	bf	