08	1a	f5	12	00	c4	00	21	00	fd	
16	da	00	00	0a	00	06	00	f7	00	
21	00	fc	c7	42	48	ee	00	00	00	
00	00	00	00	00	00	00	00	00	00	
00	00	00	00	00	00	00	00	00	01	
b9	00	00	01	00	00	cc	00	28	00	
3b	00	18	00	00	00	19	00	fd	01	
12	00	0c	00	12	00	00	00	00	00	
84	3f	84	3f	7e	3f	00	00	00	00	
00	00	00	00	00	10	00	01	00	00	
a2	00	00	00	03	00	80	3f	94	ff	
83	3f	00	00	00	00	9f	a2	02	00	
ff	00	c2	00	14	00	1d	00	1a	00	
14	00	0f	00	15	00	0f	00	15	00	
14	00	00	00	00	00	00	00	00	00	
f9	03	00	00	00	00	00	00	00	00	
cc	0c	00	00	00	00	00	19	01	26	
01	26	01	2b	00	1a	13	41	13	76	
13	63	13	7f	13	81	13	81	87	04	
00	0a	d7	a3	3d	0a	d7	83	3e	cc	
cc	cc	be	