08	1a	e2	11	00	c4	00	3c	ad	07	
2d	69	00	00	0a	00	07	00	01	ad	
3c	00	74	e7	d3	5c	21	00	00	00	
00	00	00	00	00	00	00	00	00	00	
00	00	00	00	00	00	00	00	00	01	
bc	00	01	00	00	00	d9	00	36	00	
3b	00	06	00	00	00	1f	00	0e	02	
12	00	0c	00	12	00	00	00	00	00	
28	3f	38	3f	32	3f	00	00	00	00	
00	00	00	00	00	10	00	01	00	00	
a3	00	00	00	03	00	34	3f	95	ff	
38	3f	00	00	00	00	06	a1	02	00	
7c	00	ca	00	17	00	1d	00	1a	00	
17	00	0f	00	15	00	0f	00	15	00	
17	00	00	00	00	00	00	00	00	00	
46	04	00	00	00	00	00	00	00	00	
cc	0c	00	00	00	00	00	24	00	31	
00	27	00	24	00	0e	41	0d	41	de	
41	c8	41	ac	37	79	37	04	9b	0c	
03	29	5c	8f	3d	1f	85	6b	bd	33	
33	b3	3d	