08	1a	d6	fe	00	c4	00	28	df	2b	
16	d8	00	00	0a	00	06	00	25	df	
28	00	8a	e9	42	42	a4	00	00	00	
00	00	00	00	00	00	00	00	00	00	
00	00	00	00	00	00	00	00	00	01	
bb	00	00	01	00	00	cc	00	33	00	
3e	00	06	00	03	00	19	00	0b	02	
12	00	0c	00	12	00	00	00	00	00	
84	3f	84	3f	7e	3f	00	00	00	00	
00	00	00	00	00	10	00	01	00	00	
a2	00	00	00	03	00	80	3f	94	ff	
7f	3f	00	00	00	00	4e	22	02	00	
11	01	ce	00	14	00	1d	00	1a	00	
17	00	0f	00	15	00	0f	00	18	00	
14	00	00	00	00	00	00	00	00	00	
ea	03	00	00	00	00	00	00	00	00	
cc	0c	00	00	00	00	00	18	01	22	
01	d3	00	d1	01	48	0f	10	0f	81	
0f	72	0f	a9	0f	92	0f	a0	bb	04	
00	99	99	19	3e	3d	0a	57	be	7b	
14	2e	be	