08	1a	db	89	00	c4	00	2c	ef	67	
16	cc	00	00	0a	00	06	00	61	ef	
2c	00	dc	c2	4e	40	a7	00	00	00	
00	00	00	00	00	00	00	00	00	00	
00	00	00	00	00	00	00	00	00	01	
bb	00	00	01	00	00	0b	01	36	00	
3b	00	06	00	a3	00	19	00	19	02	
12	00	0c	00	12	00	00	00	00	00	
fa	3e	dc	3e	f4	3e	00	00	00	00	
00	00	00	00	00	10	00	01	00	00	
a2	00	00	00	03	00	f7	3e	94	ff	
03	3f	00	00	00	00	53	f5	01	00	
7d	00	6c	01	14	00	e2	00	1a	00	
17	00	0f	00	15	00	0f	00	15	00	
14	00	00	00	f5	2e	00	00	00	00	
46	04	00	00	00	00	00	00	00	00	
cc	0c	01	00	00	00	00	23	00	2c	
00	2b	00	26	00	0e	41	0c	41	7d	
41	67	41	82	3c	4f	3e	91	a8	04	
00	8f	c2	f5	3e	cc	cc	4c	3c	14	
ae	a7	be	