08	1a	cf	3b	00	c4	00	1d	06	97	
16	d9	00	00	01	00	06	00	91	06	
1d	00	45	9c	4e	46	03	00	00	00	
00	00	00	00	00	00	00	00	00	00	
00	00	00	00	00	00	00	00	00	01	
b7	00	01	00	00	00	bf	00	33	00	
3b	00	06	00	03	00	1c	00	fa	01	
12	00	09	00	15	00	00	00	00	00	
84	3f	84	3f	7e	3f	00	00	00	00	
00	00	00	00	00	10	00	01	00	00	
a2	00	00	00	03	00	80	3f	95	ff	
7f	3f	00	00	00	00	84	f4	01	00	
1c	01	c1	00	14	00	1d	00	17	00	
17	00	0f	00	12	00	0c	00	18	00	
17	00	00	00	00	00	00	00	00	00	
f9	03	00	00	00	00	00	00	00	00	
ce	0c	00	00	01	00	01	3c	00	3b	
00	3c	00	4a	00	16	15	ed	15	24	
15	2b	14	1d	15	e8	15	2d	51	04	
00	f6	28	9c	3e	eb	51	98	be	c2	
f5	a8	be	