08	1a	e5	e5	00	c4	00	20	69	3b	
16	d7	00	00	0a	00	06	00	35	69	
20	00	6c	7a	50	42	58	00	00	00	
00	00	00	00	00	00	00	00	00	00	
00	00	00	00	00	00	00	00	00	01	
b9	00	00	01	00	00	f2	00	33	00	
38	00	06	00	00	00	1c	00	fa	01	
12	00	0c	00	12	00	00	00	00	00	
37	3f	47	3f	41	3f	00	00	00	00	
00	00	00	00	00	10	00	01	00	00	
a2	00	00	00	03	00	34	3f	95	ff	
45	3f	00	00	00	00	04	fe	01	00	
fe	ff	c4	00	17	00	1a	00	1a	00	
17	00	0c	00	12	00	0c	00	15	00	
14	00	00	00	00	00	00	00	00	00	
46	04	00	00	00	00	00	00	00	00	
ce	0c	00	00	00	00	00	09	00	12	
00	0f	00	13	00	10	01	13	01	07	
01	06	01	14	01	2f	01	4b	31	04	
00	00	00	a0	be	85	eb	91	be	99	
99	19	3d	