08	1a	d9	74	00	c4	00	2c	da	95	
18	ed	00	00	0a	00	06	00	8f	da	
2c	00	1d	19	50	3e	9c	00	00	00	
00	00	00	00	00	00	00	00	00	00	
00	00	00	00	00	00	00	00	00	01	
bb	00	00	01	00	00	d5	00	33	00	
3b	00	09	00	9d	00	1c	00	05	02	
12	00	0c	00	15	00	00	00	00	00	
84	3f	75	3f	7e	3f	00	00	00	00	
00	00	00	00	00	10	00	01	00	00	
a2	00	00	00	03	00	80	3f	94	ff	
85	3f	00	00	00	00	28	0a	02	00	
c0	01	63	01	17	00	d9	00	1a	00	
17	00	0f	00	15	00	0f	00	18	00	
14	00	00	00	f5	2e	00	00	00	00	
46	04	00	00	00	00	00	00	00	00	
ca	0c	01	00	01	00	01	5b	00	61	
00	19	00	14	00	10	22	d8	22	96	
22	ba	22	ac	06	c1	22	16	8e	04	
00	a4	70	bd	be	8f	c2	f5	3d	29	
5c	8f	bd	