08	1a	e4	2c	00	c4	00	3c	c2	15	
2f	88	00	00	0a	00	07	00	0f	c2	
3c	00	23	96	de	54	2f	00	00	00	
00	00	00	00	00	00	00	00	00	00	
00	00	00	00	00	00	00	00	00	01	
bc	00	01	00	00	00	d9	00	36	00	
3b	00	06	00	03	00	1f	00	08	02	
12	00	09	00	12	00	00	00	00	00	
37	3f	38	3f	32	3f	00	00	00	00	
00	00	00	00	00	10	00	01	00	00	
a3	00	00	00	03	00	34	3f	94	ff	
40	3f	00	00	00	00	f6	8b	02	00	
3e	01	c8	00	17	00	1d	00	1a	00	
17	00	0c	00	12	00	0f	00	15	00	
17	00	00	00	00	00	00	00	00	00	
46	04	00	00	00	00	00	00	00	00	
cc	0c	00	00	00	00	00	50	00	5a	
00	5e	00	5b	00	0e	41	0c	41	de	
41	d5	41	e3	3a	be	3a	17	5f	0c	
03	3d	0a	d7	bd	3d	0a	57	3e	29	
5c	8f	bd	