08	1a	f5	0d	00	c4	00	21	00	cb	
18	cc	00	00	0a	00	06	00	c5	00	
21	00	1a	a1	44	3c	ec	00	00	00	
00	00	00	00	00	00	00	00	00	00	
00	00	00	00	00	00	00	00	00	01	
b9	00	00	01	00	00	cb	00	33	00	
3b	00	09	00	00	00	19	00	fa	01	
12	00	09	00	12	00	00	00	00	00	
84	3f	84	3f	7e	3f	00	00	00	00	
00	00	00	00	00	10	00	01	00	00	
a2	00	00	00	03	00	80	3f	94	ff	
83	3f	00	00	00	00	dc	a2	02	00	
0d	01	cb	00	14	00	1d	00	1a	00	
17	00	0c	00	12	00	0f	00	15	00	
17	00	00	00	00	00	00	00	00	00	
f9	03	00	00	00	00	00	00	00	00	
cc	0c	00	00	00	00	00	26	01	30	
01	af	00	b0	00	e7	10	3b	10	0c	
10	0a	10	33	10	2a	10	2a	2a	04	
00	c2	f5	28	3e	5c	8f	82	3e	09	
d7	c3	be	