08	1a	c4	10	00	c4	00	1f	16	e9	
16	e0	00	00	08	00	06	00	e3	16	
1f	00	0b	9e	42	3e	6d	00	00	00	
00	00	00	00	00	00	00	00	00	00	
00	00	00	00	00	00	00	00	00	01	
b8	00	00	01	00	00	dd	00	36	00	
3b	00	06	00	03	00	1c	00	17	02	
15	00	0c	00	12	00	00	00	00	00	
28	3f	28	3f	32	3f	00	00	00	00	
00	00	00	00	00	10	00	01	00	00	
a2	00	00	00	03	00	24	3f	8d	ff	
2e	3f	00	00	00	00	7b	fd	01	00	
fd	ff	c9	00	14	00	1d	00	1a	00	
14	00	0c	00	12	00	0c	00	15	00	
14	00	00	00	00	00	00	00	00	00	
46	04	00	00	00	00	00	00	00	00	
cc	0c	00	00	00	00	00	09	00	12	
00	0f	00	13	00	0f	00	13	00	f9	
00	f8	01	f8	01	13	01	2f	23	04	
00	99	99	19	3d	34	33	73	3e	8f	
c2	35	3e	