08	1a	db	a7	00	c4	00	2c	f0	93	
16	ca	00	00	0a	00	06	00	8d	f0	
2c	00	5f	d0	42	44	b6	00	00	00	
00	00	00	00	00	00	00	00	00	00	
00	00	00	00	00	00	00	00	00	01	
bb	00	00	01	00	00	10	01	33	00	
3b	00	06	00	00	00	1c	00	14	02	
12	00	0c	00	12	00	00	00	00	00	
28	3f	28	3f	22	3f	00	00	00	00	
00	00	00	00	00	10	00	01	00	00	
a2	00	00	00	03	00	24	3f	95	ff	
2e	3f	00	00	00	00	27	f4	01	00	
3d	01	c7	00	17	00	1d	00	1a	00	
17	00	0f	00	15	00	0f	00	15	00	
14	00	00	00	00	00	00	00	00	00	
46	04	00	00	00	00	00	00	00	00	
cc	0c	00	00	00	00	00	a3	00	af	
00	0e	00	10	00	0e	41	0c	41	ec	
15	d5	15	1d	3d	1f	3d	7c	e6	04	
00	8f	c2	75	3c	3d	0a	97	3e	5c	
8f	12	bf	