08	1a	cf	58	00	c4	00	1d	07	b9	
16	d9	00	00	01	00	06	00	b3	07	
1d	00	80	19	42	42	11	00	00	00	
00	00	00	00	00	00	00	00	00	00	
00	00	00	00	00	00	00	00	00	01	
b7	00	01	00	00	00	c8	00	33	00	
3b	00	09	00	03	00	19	00	fa	01	
15	00	0c	00	12	00	00	00	00	00	
84	3f	84	3f	7e	3f	00	00	00	00	
00	00	00	00	00	10	00	01	00	00	
a2	00	00	00	03	00	80	3f	94	ff	
81	3f	00	00	00	00	62	f3	01	00	
1a	01	c1	00	14	00	1a	00	1a	00	
14	00	0f	00	15	00	0c	00	15	00	
14	00	00	00	00	00	00	00	00	00	
f9	03	00	00	00	00	00	00	00	00	
cc	0c	00	00	00	00	00	29	01	36	
00	02	00	fe	01	24	15	54	15	93	
15	70	15	a8	15	9b	15	a9	ce	04	
00	cc	cc	ec	3e	8f	c2	75	3c	5c	
8f	42	be	