08	1a	f1	24	00	c4	00	1e	59	b1	
16	d9	00	00	04	00	06	00	ab	59	
1e	00	a1	c4	42	3e	f7	00	00	00	
00	00	00	00	00	00	00	00	00	00	
00	00	00	00	00	00	00	00	00	01	
b8	00	00	01	00	00	d2	00	33	00	
3b	00	09	00	00	00	1c	00	fa	01	
12	00	09	00	12	00	00	00	00	00	
84	3f	84	3f	7e	3f	00	00	00	00	
00	00	00	00	00	10	00	01	00	00	
a2	00	00	00	03	00	80	3f	94	ff	
8b	3f	00	00	00	00	de	0b	02	00	
69	01	c2	00	14	00	1a	00	17	00	
14	00	0f	00	12	00	0f	00	15	00	
14	00	00	00	00	00	00	00	00	00	
f9	03	00	00	00	00	00	00	00	00	
ce	0c	00	00	00	00	00	b5	00	b5	
00	14	00	10	00	0d	42	0b	42	4d	
41	36	41	e3	3e	cc	3d	fe	ca	04	
00	29	5c	8f	be	71	3d	0a	3e	a3	
70	9d	3e	