08	1a	c3	fa	00	c4	00	1f	16	0d	
16	db	00	00	08	00	06	00	07	16	
1f	00	a1	c4	42	44	62	00	00	00	
00	00	00	00	00	00	00	00	00	00	
00	00	00	00	00	00	00	00	00	01	
b8	00	00	01	00	00	e0	00	36	00	
3b	00	06	00	03	00	19	00	f7	01	
12	00	09	00	12	00	00	00	00	00	
28	3f	38	3f	32	3f	00	00	00	00	
00	00	00	00	00	10	00	01	00	00	
a2	00	00	00	03	00	34	3f	94	ff	
38	3f	00	00	00	00	57	fe	01	00	
fd	ff	c3	00	14	00	1d	00	1a	00	
17	00	0f	00	15	00	0c	00	15	00	
14	00	00	00	00	00	00	00	00	00	
46	04	00	00	00	00	00	00	00	00	
ce	0c	00	00	00	00	00	09	00	12	
00	0f	00	13	00	10	00	13	00	f9	
01	f8	01	14	01	21	01	3d	23	04	
00	eb	51	38	bd	d7	a3	f0	3d	e1	
7a	94	3e	