08	1a	d9	45	00	c4	00	28	f5	f1	
18	e5	00	00	0a	00	06	00	eb	f5	
28	00	be	16	4f	42	c7	00	00	00	
00	00	00	00	00	00	00	00	00	00	
00	00	00	00	00	00	00	00	00	01	
bb	00	00	01	00	00	cc	00	45	00	
49	00	09	00	00	00	1c	00	db	04	
21	00	14	00	21	00	00	00	00	00	
75	3f	66	3f	5f	3f	00	00	00	00	
00	00	00	00	00	10	00	01	00	00	
a2	00	00	00	03	00	71	3f	8b	ff	
71	3f	00	00	00	00	85	0b	02	00	
00	01	6d	01	2f	00	35	00	32	00	
2f	00	2a	00	2d	00	27	00	30	00	
2f	00	00	00	00	00	00	00	00	00	
18	04	00	00	00	00	00	00	00	00	
c2	0c	00	00	00	00	00	25	02	2e	
02	04	00	06	00	dc	0d	3d	0d	9b	
0d	c5	0d	c5	0e	d9	0d	02	ff	04	
00	eb	51	78	be	00	00	40	be	86	
eb	d1	be	