08	1a	d1	79	00	c4	00	1d	1d	03	
16	d8	00	00	01	00	06	00	fd	1c	
1d	00	af	84	49	44	22	00	00	00	
00	00	00	00	00	00	00	00	00	00	
00	00	00	00	00	00	00	00	00	01	
b7	00	01	00	00	00	c0	00	33	00	
38	00	06	00	03	00	1c	00	fd	01	
12	00	0c	00	12	00	00	00	00	00	
84	3f	84	3f	7e	3f	00	00	00	00	
00	00	00	00	00	10	00	01	00	00	
a2	00	00	00	03	00	80	3f	95	ff	
81	3f	00	00	00	00	0b	de	01	00	
0b	01	c1	00	14	00	1a	00	17	00	
17	00	0f	00	12	00	0f	00	15	00	
14	00	00	00	00	00	00	00	00	00	
f9	03	00	00	00	00	00	00	00	00	
ce	0c	00	00	00	00	00	12	00	1e	
00	cf	01	d1	00	22	1a	14	1a	9e	
1a	68	1a	ae	1a	ac	1a	c8	be	04	
00	f5	28	5c	be	8f	c2	f5	3d	5c	
8f	02	bf	