08	1a	f1	2f	00	c4	00	1e	5a	1f	
16	e1	00	00	05	00	06	00	19	5a	
1e	00	13	6f	53	44	fd	00	00	00	
00	00	00	00	00	00	00	00	00	00	
00	00	00	00	00	00	00	00	00	01	
b8	00	00	01	00	00	d4	00	33	00	
3b	00	09	00	00	00	1c	00	fd	01	
12	00	09	00	15	00	00	00	00	00	
75	3f	75	3f	7e	3f	00	00	00	00	
00	00	00	00	00	10	00	01	00	00	
a2	00	00	00	03	00	80	3f	94	ff	
7e	3f	00	00	00	00	a0	a2	02	00	
e4	00	c3	00	14	00	1d	00	17	00	
14	00	0f	00	15	00	0c	00	15	00	
14	00	00	00	00	00	00	00	00	00	
f9	03	00	00	00	00	00	00	00	00	
cc	0c	00	00	00	00	00	7a	00	81	
00	0f	01	0f	00	c7	16	35	16	fc	
16	f4	16	d8	17	e6	17	1e	1c	04	
00	a4	70	3d	be	00	00	40	3e	a4	
70	bd	3e	