48	59	56	52	49	44	00	00	00	00	
00	00	fe	ff	ff	ff	7b	53	0f	00	
88	88	20	76	04	1a	20	76	04	1a	
ff	8a	00	00	bb	0b	52	01	01	00	
01	01	01	01	47	01	44	01	01	00	
00	00	0f	02	00	00	de	1e	00	00	
01	00	03	00	00	00	00	00	00	00	
00	00	00	00	00	00	00	00	ad	3e	
b9	3e	22	01	23	01	01	01	01	01	
01	01	01	01	02	00	00	00	2e	2e	
2d	00	ff	ff	c3	00	bd	3e	00	00	
00	00	00	00	0e	00	00	00	01	00	
00	00	0e	00	00	00	88	13	88	13	
88	13	48	0d	48	0d	48	0d	09	00	
10	00	0e	00	0c	00	78	01	75	01	
bb	01	0c	05	00	00	00	00	00	00	
00	00	00	00	00	00	00	00	00	00	
00	00	00	00	00	00	21	00	e0	00	
04	00	e3	00	00	00	00	00	00	00	
00	