08	1a	c0	06	00	c4	00	1c	6e	85	
16	da	00	00	00	00	06	00	7f	6e	
1c	00	fe	ec	47	46	68	00	00	00	
00	00	00	00	00	00	00	00	00	00	
00	00	00	00	00	00	00	00	00	01	
b7	00	01	00	00	00	e5	00	36	00	
3b	00	06	00	00	00	1c	00	f7	01	
12	00	09	00	12	00	00	00	00	00	
37	3f	47	3f	41	3f	00	00	00	00	
00	00	00	00	00	10	00	01	00	00	
a2	00	00	00	03	00	43	3f	94	ff	
46	3f	00	00	00	00	9f	8c	02	00	
fd	ff	c3	00	14	00	1d	00	1a	00	
17	00	0c	00	12	00	0c	00	15	00	
14	00	00	00	00	00	00	00	00	00	
46	04	00	00	00	00	00	00	00	00	
cc	0c	00	00	00	00	00	09	00	12	
00	0f	00	13	00	0f	01	13	01	4d	
01	4b	01	14	01	2f	01	58	31	04	
00	29	5c	8f	bd	cc	cc	cc	bd	71	
3d	aa	be	