08	1a	d9	65	00	c4	00	2c	d9	ff	
16	da	00	00	0a	00	06	00	f9	d9	
2c	00	3b	90	50	42	95	00	00	00	
00	00	00	00	00	00	00	00	00	00	
00	00	00	00	00	00	00	00	00	01	
bb	00	00	01	00	00	d1	00	33	00	
3b	00	09	00	a0	00	1c	00	19	02	
15	00	0c	00	12	00	00	00	00	00	
84	3f	75	3f	6f	3f	00	00	00	00	
00	00	00	00	00	10	00	01	00	00	
a2	00	00	00	03	00	71	3f	94	ff	
7e	3f	00	00	00	00	be	0a	02	00	
97	01	65	01	14	00	d9	00	1a	00	
17	00	0c	00	15	00	0f	00	18	00	
14	00	00	00	04	2f	00	00	00	00	
46	04	00	00	00	00	00	00	00	00	
cc	0c	01	00	02	00	02	24	00	27	
00	1c	00	22	00	4f	16	54	16	e0	
17	e6	16	01	17	e6	17	10	0e	04	
00	eb	51	b8	be	ae	47	81	3e	85	
eb	91	be	