08	1a	c2	2f	00	c4	00	3b	6e	33	
2d	58	00	00	0a	00	07	00	2d	6e	
3b	00	a3	a4	d1	58	30	00	00	00	
00	00	00	00	00	00	00	00	00	00	
00	00	00	00	00	00	00	00	00	01	
bc	00	01	00	00	00	14	01	36	00	
3b	00	06	00	09	00	85	01	08	02	
12	00	09	00	12	00	00	00	00	00	
8a	3d	7c	3d	76	3d	00	00	00	00	
00	00	00	00	00	10	00	01	00	00	
a3	00	00	00	03	00	79	3d	94	ff	
91	3d	00	00	00	00	2f	f5	01	00	
4e	01	42	02	11	00	1d	00	1a	00	
17	00	0c	00	15	00	0f	00	15	00	
14	00	ab	13	00	00	00	00	00	00	
46	04	00	00	00	00	00	00	00	00	
ca	0c	00	00	00	00	00	3a	00	3e	
00	66	00	57	00	2b	40	36	40	4b	
40	1b	3f	0d	40	e9	40	04	49	7f	
03	ad	47	e1	bc	3d	0a	57	bd	8f	
c2	f5	3b	