08	1a	f1	43	00	c4	00	1e	5a	e7	
16	c9	00	00	06	00	06	00	e1	5a	
1e	00	8d	9d	4b	40	07	00	00	00	
00	00	00	00	00	00	00	00	00	00	
00	00	00	00	00	00	00	00	00	01	
b8	00	00	01	00	00	d8	00	33	00	
3b	00	06	00	06	00	1c	00	fd	01	
12	00	09	00	12	00	00	00	00	00	
84	3f	84	3f	7e	3f	00	00	00	00	
00	00	00	00	00	10	00	01	00	00	
a2	00	00	00	03	00	80	3f	95	ff	
83	3f	00	00	00	00	d8	a1	02	00	
13	01	cb	00	14	00	1a	00	17	00	
17	00	0c	00	15	00	0f	00	15	00	
14	00	00	00	00	00	00	00	00	00	
ea	03	00	00	00	00	00	00	00	00	
ce	0c	00	00	00	00	00	33	01	3c	
01	cc	01	ce	00	5b	0e	14	0e	cc	
0e	cc	0e	f5	0e	df	0e	df	dd	04	
00	ad	47	61	bd	67	66	66	3e	29	
5c	af	3e	