08	1a	d1	81	00	c4	00	1d	1d	53	
16	db	00	00	01	00	06	00	4d	1d	
1d	00	b6	f2	37	48	26	00	00	00	
00	00	00	00	00	00	00	00	00	00	
00	00	00	00	00	00	00	00	00	01	
b7	00	01	00	00	00	c3	00	33	00	
38	00	06	00	00	00	1c	00	fa	01	
12	00	0c	00	12	00	00	00	00	00	
84	3f	84	3f	7e	3f	00	00	00	00	
00	00	00	00	00	10	00	01	00	00	
a2	00	00	00	03	00	80	3f	94	ff	
84	3f	00	00	00	00	bb	dd	01	00	
1d	01	c1	00	14	00	1d	00	1a	00	
17	00	0f	00	12	00	0f	00	15	00	
14	00	00	00	00	00	00	00	00	00	
f9	03	00	00	00	00	00	00	00	00	
ce	0c	00	00	00	00	00	22	00	2e	
00	6f	01	71	00	80	1f	16	1f	fc	
1f	dd	1f	dd	20	cb	20	10	39	04	
00	29	5c	8f	be	8f	c2	75	3c	0a	
d7	03	bf	