08	1a	f1	21	00	c4	00	1e	59	93	
18	cc	00	00	04	00	06	00	8d	59	
1e	00	6c	6a	34	48	f6	00	00	00	
00	00	00	00	00	00	00	00	00	00	
00	00	00	00	00	00	00	00	00	01	
b8	00	00	01	00	00	d1	00	33	00	
3b	00	09	00	00	00	1c	00	fd	01	
12	00	09	00	12	00	00	00	00	00	
84	3f	84	3f	7e	3f	00	00	00	00	
00	00	00	00	00	10	00	01	00	00	
a2	00	00	00	03	00	80	3f	95	ff	
7c	3f	00	00	00	00	fc	0b	02	00	
17	01	c2	00	14	00	1a	00	1a	00	
14	00	0f	00	15	00	0f	00	15	00	
14	00	00	00	00	00	00	00	00	00	
f9	03	00	00	00	00	00	00	00	00	
ce	0c	00	00	00	00	00	88	00	89	
00	18	00	14	00	0d	42	0b	42	31	
41	1b	41	e3	3e	cc	3d	2f	f4	04	
00	99	99	99	be	d7	a3	f0	3d	e1	
7a	94	3e	