08	1a	f3	56	00	c4	00	1e	6f	a5	
16	da	00	00	06	00	06	00	9f	6f	
1e	00	05	d5	50	42	10	00	00	00	
00	00	00	00	00	00	00	00	00	00	
00	00	00	00	00	00	00	00	00	01	
b8	00	00	01	00	00	d1	00	33	00	
3b	00	06	00	00	00	1c	00	fa	01	
12	00	09	00	12	00	00	00	00	00	
84	3f	84	3f	7e	3f	00	00	00	00	
00	00	00	00	00	10	00	01	00	00	
a2	00	00	00	03	00	80	3f	94	ff	
85	3f	00	00	00	00	17	8d	02	00	
13	01	c2	00	17	00	1d	00	1a	00	
17	00	0f	00	15	00	0f	00	18	00	
17	00	00	00	00	00	00	00	00	00	
f9	03	00	00	00	00	00	00	00	00	
cc	0c	00	00	00	00	00	81	00	86	
00	60	00	60	00	1d	26	5b	26	ec	
27	fe	27	1a	27	03	27	1f	46	04	
00	d7	a3	b0	3e	eb	51	38	3d	70	
3d	ca	be	