08	1a	f7	59	00	c4	00	21	17	c3	
16	d9	00	00	0a	00	06	00	bd	17	
21	00	2b	ef	4f	3e	12	00	00	00	
00	00	00	00	00	00	00	00	00	00	
00	00	00	00	00	00	00	00	00	01	
b9	00	00	01	00	00	d7	00	33	00	
3b	00	06	00	00	00	1c	00	fd	01	
12	00	09	00	12	00	00	00	00	00	
84	3f	84	3f	7e	3f	00	00	00	00	
00	00	00	00	00	10	00	01	00	00	
a2	00	00	00	03	00	80	3f	95	ff	
84	3f	00	00	00	00	d7	8b	02	00	
1c	01	cb	00	14	00	1d	00	1a	00	
14	00	0f	00	12	00	0f	00	15	00	
14	00	00	00	00	00	00	00	00	00	
f9	03	00	00	00	00	00	00	00	00	
cc	0c	00	00	01	01	01	77	00	7e	
00	22	01	24	00	a7	10	3e	10	96	
10	b0	10	86	10	98	10	d0	d1	04	
00	99	99	99	be	e1	7a	94	bd	7b	
14	0e	bf	