08	1a	d9	5d	00	c4	00	2c	d9	af	
1a	b7	00	00	0a	00	06	00	a9	d9	
2c	00	5f	58	48	44	91	00	00	00	
00	00	00	00	00	00	00	00	00	00	
00	00	00	00	00	00	00	00	00	01	
bb	00	00	01	00	00	d0	00	36	00	
3b	00	06	00	9d	00	1c	00	19	02	
15	00	09	00	12	00	00	00	00	00	
84	3f	75	3f	7e	3f	00	00	00	00	
00	00	00	00	00	10	00	01	00	00	
a2	00	00	00	03	00	71	3f	94	ff	
80	3f	00	00	00	00	18	0b	02	00	
ae	01	65	01	17	00	d6	00	1a	00	
17	00	0f	00	15	00	0f	00	15	00	
17	00	00	00	04	2f	00	00	00	00	
46	04	00	00	00	00	00	00	00	00	
cc	0c	01	00	01	00	01	76	00	77	
00	14	00	12	00	e3	1e	37	1e	85	
1e	9f	1e	91	1e	9b	1e	d2	ec	04	
00	29	5c	8f	be	d7	a3	b0	3e	d7	
a3	d0	be	