08	1a	d1	86	00	c4	00	1d	1d	85	
16	d0	00	00	01	00	06	00	7f	1d	
1d	00	3a	1f	43	40	28	00	00	00	
00	00	00	00	00	00	00	00	00	00	
00	00	00	00	00	00	00	00	00	01	
b7	00	01	00	00	00	c5	00	33	00	
3b	00	09	00	00	00	1c	00	fa	01	
12	00	0c	00	12	00	00	00	00	00	
84	3f	84	3f	7e	3f	00	00	00	00	
00	00	00	00	00	10	00	01	00	00	
a2	00	00	00	03	00	80	3f	95	ff	
83	3f	00	00	00	00	89	dd	01	00	
13	01	c1	00	17	00	1d	00	1a	00	
17	00	0f	00	15	00	0f	00	15	00	
17	00	00	00	00	00	00	00	00	00	
f9	03	00	00	00	00	00	00	00	00	
ce	0c	00	00	00	00	00	2a	00	39	
00	1b	01	22	00	b4	23	1c	23	c7	
23	7b	23	a5	23	75	23	90	f7	04	
00	85	eb	91	be	00	00	80	bd	3d	
0a	07	bf	