48	59	56	52	49	44	00	00	00	00	
00	00	fe	ff	07	00	9e	47	0f	00	
88	88	20	76	04	1a	20	76	04	1a	
00	00	00	00	ba	9f	52	01	01	00	
01	01	01	01	3d	01	3c	01	01	00	
00	00	0f	02	00	00	64	0f	00	00	
01	00	03	00	00	00	00	00	00	00	
00	00	00	00	00	00	00	00	db	3e	
e2	3e	1d	01	1e	01	01	01	01	01	
01	01	01	01	02	00	00	00	5f	3d	
2d	00	fe	ff	cb	00	db	3e	00	00	
00	00	00	00	0e	00	00	00	01	00	
00	00	0e	00	00	00	88	13	88	13	
88	13	48	0d	48	0d	48	0d	09	00	
10	00	0e	00	0c	00	6a	01	83	01	
c9	01	c6	04	00	00	00	00	00	00	
00	00	00	00	00	00	00	00	00	00	
00	00	00	00	00	00	0e	02	00	00	
10	00	e2	00	00	00	00	d5	00	00	
00	