08	1a	d3	42	00	c4	00	1f	ae	dd	
16	da	00	00	0a	00	06	00	d7	ae	
1f	00	cb	b0	40	46	06	00	00	00	
00	00	00	00	00	00	00	00	00	00	
00	00	00	00	00	00	00	00	00	01	
b8	00	00	01	00	00	d7	00	33	00	
3b	00	09	00	03	00	19	00	fa	01	
12	00	09	00	15	00	00	00	00	00	
75	3f	84	3f	7e	3f	00	00	00	00	
00	00	00	00	00	10	00	01	00	00	
a2	00	00	00	03	00	80	3f	94	ff	
85	3f	00	00	00	00	30	a2	02	00	
fc	00	cb	00	14	00	1d	00	1a	00	
14	00	0f	00	12	00	0c	00	15	00	
14	00	00	00	00	00	00	00	00	00	
f9	03	00	00	00	00	00	00	00	00	
ce	0c	00	00	00	00	00	10	01	19	
01	d5	00	d7	00	e3	10	36	0f	0c	
10	e0	0f	18	10	f3	10	1c	0e	04	
00	eb	51	38	3d	cd	cc	8c	3e	eb	
51	b8	bd	