08	1a	e1	e2	00	c4	00	3c	ab	31	
2d	69	00	00	0a	00	07	00	2b	ab	
3c	00	bc	3b	d7	5c	0a	00	00	00	
00	00	00	00	00	00	00	00	00	00	
00	00	00	00	00	00	00	00	00	01	
bc	00	01	00	00	00	be	00	36	00	
38	00	09	00	06	00	1c	00	0e	02	
12	00	09	00	12	00	00	00	00	00	
47	3f	47	3f	41	3f	00	00	00	00	
00	00	00	00	00	10	00	01	00	00	
a3	00	00	00	03	00	43	3f	95	ff	
48	3f	00	00	00	00	e6	a2	02	00	
cd	00	c9	00	14	00	1d	00	1a	00	
17	00	0f	00	15	00	0f	00	18	00	
17	00	00	00	00	00	00	00	00	00	
f9	03	00	00	00	00	00	00	00	00	
ca	0c	00	00	00	00	00	3b	00	44	
00	3a	00	36	00	0e	41	0c	41	fa	
41	d5	41	d5	3a	a2	3b	32	d6	0c	
03	71	3d	0a	3e	b8	1e	85	bd	ae	
47	21	3e	