08	1a	c7	be	00	c4	00	28	46	ab	
16	d0	00	00	0a	00	06	00	a5	46	
28	00	c8	e6	4f	40	04	00	00	00	
00	00	00	00	00	00	00	00	00	00	
00	00	00	00	00	00	00	00	00	01	
bb	00	00	01	00	00	e1	00	36	00	
3b	00	06	00	03	00	19	00	0e	02	
12	00	09	00	12	00	00	00	00	00	
37	3f	38	3f	41	3f	00	00	00	00	
00	00	00	00	00	10	00	01	00	00	
a2	00	00	00	03	00	43	3f	95	ff	
40	3f	00	00	00	00	ee	66	01	00	
fd	ff	c6	00	14	00	1d	00	1a	00	
17	00	0f	00	15	00	0f	00	18	00	
17	00	00	00	00	00	00	00	00	00	
46	04	00	00	00	00	00	00	00	00	
cc	0c	00	00	00	00	00	09	00	12	
00	0f	00	14	00	10	00	13	00	f9	
00	f8	01	f8	01	13	01	3d	23	04	
00	0a	d7	83	be	71	3d	0a	3e	f5	
28	5c	3e	