08	1a	d3	20	00	c4	00	1f	ad	89	
16	e7	00	00	0a	00	06	00	83	ad	
1f	00	14	1b	3d	3c	f5	00	00	00	
00	00	00	00	00	00	00	00	00	00	
00	00	00	00	00	00	00	00	00	01	
b8	00	00	01	00	00	cf	00	36	00	
3b	00	09	00	03	00	19	00	fa	01	
12	00	09	00	15	00	00	00	00	00	
84	3f	75	3f	7e	3f	00	00	00	00	
00	00	00	00	00	10	00	01	00	00	
a2	00	00	00	03	00	80	3f	95	ff	
84	3f	00	00	00	00	9b	a2	02	00	
04	01	c4	00	17	00	1d	00	1a	00	
17	00	0f	00	15	00	0f	00	15	00	
14	00	00	00	00	00	00	00	00	00	
f9	03	00	00	00	00	00	00	00	00	
ca	0c	00	00	00	00	00	16	01	21	
01	18	00	1c	01	29	12	8a	12	8a	
12	6a	12	94	12	97	12	89	a9	04	
00	d7	a3	f0	3d	5c	8f	a2	3e	e1	
7a	14	3e	