08	1a	d1	87	00	c4	00	1d	1d	8f	
16	da	00	00	01	00	06	00	89	1d	
1d	00	98	21	44	42	29	00	00	00	
00	00	00	00	00	00	00	00	00	00	
00	00	00	00	00	00	00	00	00	01	
b7	00	01	00	00	00	c5	00	33	00	
3b	00	09	00	00	00	1c	00	fa	01	
12	00	0c	00	12	00	00	00	00	00	
84	3f	84	3f	7e	3f	00	00	00	00	
00	00	00	00	00	10	00	01	00	00	
a2	00	00	00	03	00	80	3f	95	ff	
83	3f	00	00	00	00	89	dd	01	00	
13	01	c1	00	14	00	1d	00	1a	00	
17	00	0f	00	15	00	0c	00	15	00	
14	00	00	00	00	00	00	00	00	00	
f9	03	00	00	00	00	00	00	00	00	
cc	0c	00	00	00	00	00	2d	00	39	
00	14	01	12	00	b9	25	20	24	06	
24	f1	25	fe	25	05	25	05	37	04	
00	7b	14	8e	be	52	b8	9e	bd	eb	
51	08	bf	