08	1a	e5	f0	00	c4	00	20	69	a9	
16	d7	00	00	0a	00	06	00	a3	69	
20	00	ff	11	3c	3e	5d	00	00	00	
00	00	00	00	00	00	00	00	00	00	
00	00	00	00	00	00	00	00	00	01	
b9	00	00	01	00	00	f0	00	36	00	
38	00	09	00	03	00	1c	00	fa	01	
12	00	09	00	12	00	00	00	00	00	
37	3f	38	3f	32	3f	00	00	00	00	
00	00	00	00	00	10	00	01	00	00	
a2	00	00	00	03	00	34	3f	94	ff	
3d	3f	00	00	00	00	64	fd	01	00	
fe	ff	c4	00	14	00	1d	00	17	00	
17	00	0c	00	12	00	0c	00	15	00	
14	00	00	00	00	00	00	00	00	00	
46	04	00	00	00	00	00	00	00	00	
cc	0c	00	00	00	00	00	09	00	12	
00	0f	00	13	00	10	01	13	01	15	
01	06	01	06	01	13	01	3d	3f	04	
00	29	5c	8f	be	5c	8f	82	be	eb	
51	38	bd	