48	59	56	52	49	44	00	00	00	00	
00	00	fe	ff	07	00	70	48	0f	00	
00	00	20	76	04	1a	20	76	04	1a	
00	00	00	00	b8	33	52	01	01	00	
01	01	01	01	3b	01	39	01	01	00	
00	00	0e	02	00	00	ae	1d	00	00	
01	00	03	00	00	00	00	00	00	00	
00	00	00	00	00	00	00	00	bd	3e	
cb	3e	1a	01	1b	01	01	01	01	01	
01	01	01	01	02	00	00	00	29	54	
2d	00	fe	ff	33	01	bd	3e	01	01	
00	01	00	01	0e	00	00	00	01	00	
00	00	0e	00	00	00	88	13	88	13	
88	13	48	0d	48	0d	48	0d	09	00	
10	00	0e	00	0c	00	6a	01	83	01	
0f	02	28	05	00	00	00	00	00	00	
00	00	00	00	00	00	00	00	00	00	
00	00	00	00	00	00	00	00	00	00	
00	00	00	00	00	78	00	d3	00	00	
22	