08	1a	c3	df	00	c4	00	1f	14	ff	
16	e7	00	00	08	00	06	00	f9	14	
1f	00	2f	c0	3e	48	55	00	00	00	
00	00	00	00	00	00	00	00	00	00	
00	00	00	00	00	00	00	00	00	01	
b8	00	00	01	00	00	e2	00	36	00	
3b	00	06	00	03	00	1c	00	f7	01	
12	00	09	00	12	00	00	00	00	00	
37	3f	47	3f	41	3f	00	00	00	00	
00	00	00	00	00	10	00	01	00	00	
a2	00	00	00	03	00	43	3f	95	ff	
45	3f	00	00	00	00	65	ff	01	00	
fd	ff	c3	00	14	00	1d	00	1a	00	
14	00	0c	00	12	00	0f	00	15	00	
14	00	00	00	00	00	00	00	00	00	
46	04	00	00	00	00	00	00	00	00	
cc	0c	00	00	00	00	00	09	00	12	
00	0f	00	13	00	10	01	13	01	15	
00	14	01	f8	01	13	01	4b	23	04	
00	eb	51	38	3d	1f	85	6b	3d	7c	
14	ee	3e	