08	1a	d1	8d	00	c4	00	1d	1d	cb	
16	d6	00	00	01	00	06	00	c5	1d	
1d	00	b6	d5	51	40	2c	00	00	00	
00	00	00	00	00	00	00	00	00	00	
00	00	00	00	00	00	00	00	00	01	
b7	00	01	00	00	00	c8	00	33	00	
3b	00	06	00	00	00	19	00	fd	01	
12	00	09	00	12	00	00	00	00	00	
84	3f	84	3f	7e	3f	00	00	00	00	
00	00	00	00	00	10	00	01	00	00	
a2	00	00	00	03	00	80	3f	94	ff	
81	3f	00	00	00	00	4d	dd	01	00	
fe	00	c1	00	17	00	1d	00	17	00	
17	00	0f	00	15	00	0c	00	15	00	
17	00	00	00	00	00	00	00	00	00	
f9	03	00	00	00	00	00	00	00	00	
cc	0c	00	00	00	00	00	9b	00	a5	
00	0e	01	0f	00	b8	16	32	16	e0	
13	d8	13	2c	17	21	17	10	1c	04	
00	1f	85	6b	be	20	85	2b	be	00	
00	10	bf	