08	1a	f5	07	00	c4	00	21	00	8f	
17	2b	00	00	0a	00	06	00	89	00	
21	00	8c	5a	50	3c	e9	00	00	00	
00	00	00	00	00	00	00	00	00	00	
00	00	00	00	00	00	00	00	00	01	
b9	00	00	01	00	00	ca	00	33	00	
3b	00	06	00	03	00	19	00	fd	01	
12	00	09	00	12	00	00	00	00	00	
84	3f	84	3f	7e	3f	00	00	00	00	
00	00	00	00	00	10	00	01	00	00	
a2	00	00	00	03	00	80	3f	94	ff	
81	3f	00	00	00	00	6c	66	01	00	
03	01	cb	00	14	00	1a	00	17	00	
17	00	0f	00	12	00	0f	00	15	00	
14	00	00	00	00	00	00	00	00	00	
f9	03	00	00	00	00	00	00	00	00	
ca	0c	00	00	00	00	00	27	02	31	
02	15	00	15	00	60	0f	30	0f	12	
0f	56	0f	8d	0f	77	0f	92	83	04	
00	66	66	86	3e	00	00	80	3e	0a	
d7	a3	be	