08	1a	d2	dd	00	c4	00	3c	14	ff	
2d	71	00	00	0a	00	07	00	f9	14	
3c	00	4a	12	df	5c	87	00	00	00	
00	00	00	00	00	00	00	00	00	00	
00	00	00	00	00	00	00	00	00	01	
bc	00	01	00	00	00	dd	00	33	00	
3b	00	09	00	03	00	1c	00	05	02	
12	00	09	00	12	00	00	00	00	00	
9e	3e	ae	3e	a8	3e	00	00	00	00	
00	00	00	00	00	10	00	01	00	00	
a3	00	00	00	03	00	aa	3e	94	ff	
a8	3e	00	00	00	00	e3	a0	02	00	
fd	ff	ca	00	14	00	1a	00	1a	00	
17	00	0c	00	15	00	0f	00	15	00	
17	00	00	00	00	00	00	00	00	00	
46	04	00	00	00	00	00	00	00	00	
cc	0c	00	00	00	00	00	09	00	12	
00	10	00	14	00	10	00	14	01	f9	
00	06	01	eb	01	06	01	2f	15	0c	
03	1f	85	eb	bd	00	00	80	bd	0a	
d7	23	bd	