08	1a	f5	15	00	c4	00	21	01	1b	
18	d3	00	00	0a	00	06	00	15	01	
21	00	4a	4f	47	46	f0	00	00	00	
00	00	00	00	00	00	00	00	00	00	
00	00	00	00	00	00	00	00	00	01	
b9	00	00	01	00	00	cd	00	33	00	
3b	00	06	00	00	00	1c	00	fd	01	
12	00	0c	00	12	00	00	00	00	00	
84	3f	84	3f	7e	3f	00	00	00	00	
00	00	00	00	00	10	00	01	00	00	
a2	00	00	00	03	00	80	3f	94	ff	
83	3f	00	00	00	00	81	a2	02	00	
fe	00	c1	00	1a	00	23	00	20	00	
1d	00	12	00	18	00	15	00	1b	00	
1d	00	00	00	00	00	00	00	00	00	
46	04	00	00	00	00	00	00	00	00	
ce	0c	00	00	00	00	00	12	00	1f	
00	d4	01	da	00	22	17	42	17	4f	
17	39	17	54	17	63	17	70	6f	04	
00	eb	51	38	3d	8f	c2	75	3e	cc	
cc	cc	be	