08	1a	e4	2e	00	c4	00	3c	c2	29	
2d	5e	00	00	0a	00	07	00	23	c2	
3c	00	26	ef	d2	56	30	00	00	00	
00	00	00	00	00	00	00	00	00	00	
00	00	00	00	00	00	00	00	00	01	
bc	00	01	00	00	00	d9	00	36	00	
3b	00	06	00	03	00	1f	00	19	02	
12	00	0c	00	12	00	00	00	00	00	
47	3f	38	3f	41	3f	00	00	00	00	
00	00	00	00	00	10	00	01	00	00	
a3	00	00	00	03	00	34	3f	94	ff	
41	3f	00	00	00	00	e2	8b	02	00	
3e	01	cb	00	17	00	1d	00	1a	00	
17	00	0f	00	12	00	0f	00	18	00	
17	00	00	00	00	00	00	00	00	00	
46	04	00	00	00	00	00	00	00	00	
ce	0c	00	00	00	00	00	4f	00	5a	
00	5d	00	5c	00	0e	41	0c	41	ec	
41	d5	41	d5	39	be	3a	c4	1a	0c	
03	86	eb	d1	bd	99	99	59	3e	29	
5c	8f	bd	