08	1a	d9	44	00	c4	00	28	f5	e7	
18	db	00	00	0a	00	06	00	e1	f5	
28	00	a3	d3	4e	40	c7	00	00	00	
00	00	00	00	00	00	00	00	00	00	
00	00	00	00	00	00	00	00	00	01	
bb	00	00	01	00	00	cc	00	36	00	
3b	00	06	00	03	00	19	00	0b	02	
12	00	0c	00	12	00	00	00	00	00	
84	3f	84	3f	7e	3f	00	00	00	00	
00	00	00	00	00	10	00	01	00	00	
a2	00	00	00	03	00	80	3f	95	ff	
83	3f	00	00	00	00	8f	0b	02	00	
fa	00	ce	00	17	00	1a	00	17	00	
17	00	0f	00	15	00	0f	00	15	00	
17	00	00	00	00	00	00	00	00	00	
f9	03	00	00	00	00	00	00	00	00	
cc	0c	00	00	00	00	00	26	02	2f	
02	11	00	12	00	bc	0d	3b	0d	7f	
0d	72	0d	a9	0d	94	0d	af	9d	04	
00	ae	47	81	be	8f	c2	35	be	14	
ae	c7	be	