08	1a	c0	08	00	c4	00	1c	6e	99	
16	e9	00	00	00	00	06	00	93	6e	
1c	00	55	01	52	3c	69	00	00	00	
00	00	00	00	00	00	00	00	00	00	
00	00	00	00	00	00	00	00	00	01	
b7	00	01	00	00	00	e5	00	36	00	
3b	00	06	00	00	00	1c	00	fa	01	
12	00	09	00	12	00	00	00	00	00	
47	3f	47	3f	41	3f	00	00	00	00	
00	00	00	00	00	10	00	01	00	00	
a2	00	00	00	03	00	43	3f	95	ff	
45	3f	00	00	00	00	8b	8c	02	00	
fe	ff	c3	00	14	00	1d	00	17	00	
14	00	0c	00	12	00	0c	00	15	00	
17	00	00	00	00	00	00	00	00	00	
46	04	00	00	00	00	00	00	00	00	
ce	0c	00	00	00	00	00	09	00	12	
00	0f	00	13	00	10	01	13	01	76	
01	67	01	14	01	21	01	3d	31	04	
00	cc	cc	4c	bd	3d	0a	d7	bd	ae	
47	a1	be	