08	1a	e4	25	00	c4	00	3c	c1	cf	
2d	68	00	00	0a	00	07	00	c9	c1	
3c	00	b0	99	d7	54	2b	00	00	00	
00	00	00	00	00	00	00	00	00	00	
00	00	00	00	00	00	00	00	00	01	
bc	00	01	00	00	00	d4	00	36	00	
3b	00	06	00	00	00	1f	00	17	02	
12	00	0c	00	12	00	00	00	00	00	
37	3f	28	3f	32	3f	00	00	00	00	
00	00	00	00	00	10	00	01	00	00	
a3	00	00	00	03	00	34	3f	94	ff	
36	3f	00	00	00	00	3c	8c	02	00	
03	01	ca	00	14	00	1d	00	1a	00	
17	00	0f	00	15	00	0c	00	15	00	
14	00	00	00	00	00	00	00	00	00	
46	04	00	00	00	00	00	00	00	00	
cc	0c	00	00	00	00	00	41	00	4b	
00	4f	00	4c	00	0e	41	0c	41	de	
41	c8	41	c8	3a	b0	3a	85	ce	0c	
03	eb	51	b8	bd	3d	0a	57	3e	29	
5c	8f	bd	