08	1a	d1	85	00	c4	00	1d	1d	7b	
16	e0	00	00	01	00	06	00	75	1d	
1d	00	19	13	51	3e	28	00	00	00	
00	00	00	00	00	00	00	00	00	00	
00	00	00	00	00	00	00	00	00	01	
b7	00	01	00	00	00	c4	00	33	00	
3b	00	06	00	00	00	1c	00	fd	01	
12	00	0c	00	0f	00	00	00	00	00	
84	3f	84	3f	7e	3f	00	00	00	00	
00	00	00	00	00	10	00	01	00	00	
a2	00	00	00	03	00	80	3f	95	ff	
83	3f	00	00	00	00	93	dd	01	00	
19	01	c2	00	17	00	1d	00	1a	00	
17	00	0f	00	15	00	0f	00	18	00	
17	00	00	00	00	00	00	00	00	00	
f9	03	00	00	00	00	00	00	00	00	
cc	0c	00	00	00	00	00	2a	00	36	
00	2e	01	2e	00	aa	22	1b	22	db	
22	c7	22	c7	22	c1	22	b4	e1	04	
00	d7	a3	90	be	cc	cc	4c	bd	66	
66	06	bf	