08	1a	d1	7a	00	c4	00	1d	1d	0d	
16	e0	00	00	01	00	06	00	07	1d	
1d	00	f4	f0	54	44	22	00	00	00	
00	00	00	00	00	00	00	00	00	00	
00	00	00	00	00	00	00	00	00	01	
b7	00	01	00	00	00	c0	00	28	00	
3b	00	09	00	03	00	1c	00	fa	01	
12	00	0c	00	12	00	00	00	00	00	
84	3f	84	3f	7e	3f	00	00	00	00	
00	00	00	00	00	10	00	01	00	00	
a2	00	00	00	03	00	80	3f	95	ff	
80	3f	00	00	00	00	01	de	01	00	
0b	01	c1	00	14	00	1d	00	1a	00	
14	00	0f	00	12	00	0c	00	15	00	
14	00	00	00	00	00	00	00	00	00	
f9	03	00	00	00	00	00	00	00	00	
ce	0c	00	00	00	00	00	14	00	20	
00	c8	01	c4	00	2d	1b	14	1a	0d	
1b	f3	1b	01	1b	1b	1b	28	2d	04	
00	7c	14	6e	be	f5	28	dc	3d	85	
eb	01	bf	