08	1a	c7	c8	00	c4	00	28	47	0f	
16	d9	00	00	0a	00	06	00	09	47	
28	00	0f	68	44	3c	09	00	00	00	
00	00	00	00	00	00	00	00	00	00	
00	00	00	00	00	00	00	00	00	01	
bb	00	00	01	00	00	e1	00	36	00	
3b	00	06	00	9d	00	1c	00	05	02	
12	00	0c	00	12	00	00	00	00	00	
19	3f	19	3f	13	3f	00	00	00	00	
00	00	00	00	00	10	00	01	00	00	
a2	00	00	00	03	00	15	3f	94	ff	
23	3f	00	00	00	00	80	66	01	00	
fd	ff	64	01	17	00	d9	00	1a	00	
17	00	0f	00	15	00	0f	00	18	00	
17	00	00	00	04	2f	00	00	00	00	
46	04	00	00	00	00	00	00	00	00	
ce	0c	01	00	00	00	00	09	00	12	
00	0f	00	14	00	10	01	13	00	07	
01	f8	01	06	01	06	01	2f	23	04	
00	99	99	19	be	7b	14	2e	3e	ae	
47	a1	3e	