08	1a	db	90	00	c4	00	2c	ef	ad	
16	ea	00	00	0a	00	06	00	a7	ef	
2c	00	51	64	52	3c	aa	00	00	00	
00	00	00	00	00	00	00	00	00	00	
00	00	00	00	00	00	00	00	00	01	
bb	00	00	01	00	00	0d	01	36	00	
3b	00	06	00	a3	00	1c	00	08	02	
12	00	09	00	12	00	00	00	00	00	
47	3f	38	3f	32	3f	00	00	00	00	
00	00	00	00	00	10	00	01	00	00	
a2	00	00	00	03	00	34	3f	94	ff	
3e	3f	00	00	00	00	0d	f5	01	00	
c4	02	67	01	14	00	e5	00	1a	00	
17	00	0f	00	15	00	0f	00	18	00	
14	00	00	00	04	2f	00	00	00	00	
46	04	00	00	00	00	00	00	00	00	
cc	0c	01	00	00	00	00	31	01	3c	
01	3e	00	3d	00	0e	41	0c	41	de	
42	ba	41	0d	3b	d9	3b	c2	ba	04	
00	7c	14	ee	3e	8f	c2	f5	3d	33	
33	b3	be	