08	1a	e5	de	00	c4	00	20	68	f5	
16	d6	00	00	0a	00	06	00	ef	68	
20	00	f1	d9	3a	46	54	00	00	00	
00	00	00	00	00	00	00	00	00	00	
00	00	00	00	00	00	00	00	00	01	
b9	00	00	01	00	00	f3	00	36	00	
3b	00	09	00	00	00	1c	00	fa	01	
12	00	09	00	12	00	00	00	00	00	
37	3f	38	3f	41	3f	00	00	00	00	
00	00	00	00	00	10	00	01	00	00	
a2	00	00	00	03	00	43	3f	95	ff	
47	3f	00	00	00	00	36	fe	01	00	
fe	ff	c3	00	14	00	1a	00	1a	00	
17	00	0c	00	15	00	0c	00	15	00	
14	00	00	00	00	00	00	00	00	00	
46	04	00	00	00	00	00	00	00	00	
ce	0c	00	00	00	00	00	09	00	12	
00	0f	00	13	00	10	01	13	01	07	
01	06	01	14	01	2f	01	4b	31	04	
00	33	33	93	be	85	eb	91	be	86	
eb	d1	3d	