08	1a	ca	16	00	c4	00	28	5e	1b	
17	0b	00	00	0a	00	06	00	15	5e	
28	00	10	86	4b	40	30	00	00	00	
00	00	00	00	00	00	00	00	00	00	
00	00	00	00	00	00	00	00	00	01	
bb	00	00	01	00	00	ec	00	36	00	
3b	00	09	00	03	00	1c	00	14	02	
12	00	09	00	12	00	00	00	00	00	
eb	3e	fa	3e	f4	3e	00	00	00	00	
00	00	00	00	00	10	00	01	00	00	
a2	00	00	00	03	00	f7	3e	94	ff	
fc	3e	00	00	00	00	71	4f	01	00	
fe	ff	ca	00	14	00	1d	00	1a	00	
17	00	0f	00	12	00	0f	00	15	00	
17	00	00	00	00	00	00	00	00	00	
46	04	00	00	00	00	00	00	00	00	
cc	0c	00	00	00	00	00	09	00	12	
00	0f	00	14	00	10	01	13	01	07	
01	14	01	06	01	21	01	3d	23	04	
00	8f	c2	f5	3c	5c	8f	c2	3d	a3	
70	9d	3e	