08	1a	c7	c2	00	c4	00	28	46	d3	
16	d7	00	00	0a	00	06	00	cd	46	
28	00	39	1f	43	3e	06	00	00	00	
00	00	00	00	00	00	00	00	00	00	
00	00	00	00	00	00	00	00	00	01	
bb	00	00	01	00	00	e2	00	33	00	
3b	00	06	00	91	00	1c	00	08	02	
15	00	0c	00	15	00	00	00	00	00	
28	3f	28	3f	22	3f	00	00	00	00	
00	00	00	00	00	10	00	01	00	00	
a2	00	00	00	03	00	24	3f	95	ff	
2e	3f	00	00	00	00	c6	66	01	00	
fd	ff	55	01	17	00	a4	00	1a	00	
17	00	0f	00	15	00	0f	00	15	00	
17	00	00	00	04	2f	00	00	00	00	
46	04	00	00	00	00	00	00	00	00	
cc	0c	01	00	00	00	00	09	00	12	
00	0f	00	14	00	10	01	13	01	07	
00	14	01	f8	01	13	01	2f	23	04	
00	3d	0a	57	be	0a	d7	23	3e	00	
00	80	3e	