08	1a	d7	04	00	c4	00	28	df	67	
16	e9	00	00	0a	00	06	00	61	df	
28	00	71	80	4f	40	a7	00	00	00	
00	00	00	00	00	00	00	00	00	00	
00	00	00	00	00	00	00	00	00	01	
bb	00	00	01	00	00	cd	00	33	00	
3e	00	06	00	00	00	19	00	0b	02	
12	00	0c	00	12	00	00	00	00	00	
84	3f	84	3f	7e	3f	00	00	00	00	
00	00	00	00	00	10	00	01	00	00	
a2	00	00	00	03	00	80	3f	95	ff	
81	3f	00	00	00	00	12	22	02	00	
18	01	c9	00	14	00	1d	00	1a	00	
17	00	0f	00	15	00	0f	00	15	00	
14	00	00	00	00	00	00	00	00	00	
f9	03	00	00	00	00	00	00	00	00	
ce	0c	00	00	00	00	00	14	01	1e	
01	c8	00	c7	00	3d	12	78	12	6e	
12	6a	12	86	12	6d	12	7b	8d	04	
00	ae	47	21	3e	00	00	40	be	d7	
a3	30	be	