08	1a	e2	17	00	c4	00	3c	ad	43	
2d	6c	00	00	0a	00	07	00	3d	ad	
3c	00	cd	5c	e0	52	24	00	00	00	
00	00	00	00	00	00	00	00	00	00	
00	00	00	00	00	00	00	00	00	01	
bc	00	01	00	00	00	dc	00	36	00	
38	00	06	00	03	00	1f	00	05	02	
12	00	0c	00	12	00	00	00	00	00	
28	3f	28	3f	32	3f	00	00	00	00	
00	00	00	00	00	10	00	01	00	00	
a3	00	00	00	03	00	34	3f	94	ff	
35	3f	00	00	00	00	e8	a0	02	00	
6a	00	c8	00	17	00	1d	00	1a	00	
17	00	0f	00	15	00	0f	00	15	00	
17	00	00	00	00	00	00	00	00	00	
46	04	00	00	00	00	00	00	00	00	
cc	0c	00	00	00	00	00	1a	00	26	
00	1f	00	1b	00	0e	41	0d	41	d0	
41	ac	41	9e	36	5d	37	cd	1e	0c	
03	8f	c2	75	3d	8f	c2	75	bd	52	
b8	9e	3d	