08	1a	c3	e3	00	c4	00	1f	15	27	
18	d5	00	00	08	00	06	00	21	15	
1f	00	0e	8e	48	44	57	00	00	00	
00	00	00	00	00	00	00	00	00	00	
00	00	00	00	00	00	00	00	00	01	
b8	00	00	01	00	00	e2	00	36	00	
3b	00	06	00	03	00	1c	00	f7	01	
12	00	09	00	12	00	00	00	00	00	
37	3f	47	3f	41	3f	00	00	00	00	
00	00	00	00	00	10	00	01	00	00	
a2	00	00	00	03	00	43	3f	95	ff	
45	3f	00	00	00	00	65	ff	01	00	
fd	ff	c3	00	14	00	1a	00	17	00	
14	00	0c	00	15	00	0f	00	15	00	
17	00	00	00	00	00	00	00	00	00	
46	04	00	00	00	00	00	00	00	00	
cc	0c	00	00	00	00	00	09	00	12	
00	0f	00	13	00	0f	01	13	01	07	
01	06	01	06	01	21	01	4b	23	04	
00	29	5c	0f	3d	eb	51	38	3d	b8	
1e	e5	3e	