08	1a	f3	80	00	c4	00	1e	71	49	
16	da	00	00	07	00	06	00	43	71	
1e	00	df	b9	41	44	25	00	00	00	
00	00	00	00	00	00	00	00	00	00	
00	00	00	00	00	00	00	00	00	01	
b8	00	00	01	00	00	dc	00	33	00	
3b	00	06	00	00	00	1c	00	fa	01	
12	00	09	00	12	00	00	00	00	00	
84	3f	84	3f	7e	3f	00	00	00	00	
00	00	00	00	00	10	00	01	00	00	
a2	00	00	00	03	00	80	3f	95	ff	
86	3f	00	00	00	00	99	a1	02	00	
18	01	cc	00	14	00	1d	00	1a	00	
14	00	0f	00	12	00	0f	00	15	00	
14	00	00	00	00	00	00	00	00	00	
46	04	00	00	00	00	00	00	00	00	
ce	0c	00	00	01	00	01	ef	00	f6	
00	31	00	33	00	e1	0e	36	0e	b1	
0e	b0	0e	be	0e	b6	0e	df	cf	04	
00	00	00	80	bd	c2	f5	68	3e	b8	
1e	c5	be	