08	1a	e2	14	00	c4	00	3c	ad	25	
2f	5c	00	00	0a	00	07	00	1f	ad	
3c	00	54	80	de	5c	23	00	00	00	
00	00	00	00	00	00	00	00	00	00	
00	00	00	00	00	00	00	00	00	01	
bc	00	01	00	00	00	da	00	36	00	
38	00	06	00	03	00	1f	00	05	02	
12	00	0c	00	12	00	00	00	00	00	
28	3f	28	3f	32	3f	00	00	00	00	
00	00	00	00	00	10	00	01	00	00	
a3	00	00	00	03	00	34	3f	94	ff	
35	3f	00	00	00	00	e8	a0	02	00	
6a	00	c8	00	17	00	1d	00	1a	00	
1a	00	0f	00	15	00	0f	00	15	00	
14	00	00	00	00	00	00	00	00	00	
46	04	00	00	00	00	00	00	00	00	
cc	0c	00	00	00	00	00	1f	00	2c	
00	23	00	20	00	0e	41	0d	41	de	
41	ba	41	ac	36	79	37	f7	63	0c	
03	b8	1e	85	3d	1f	85	6b	bd	c2	
f5	a8	3d	