08	1a	ca	08	00	c4	00	28	5d	8f	
16	ca	00	00	0a	00	06	00	89	5d	
28	00	6e	44	41	44	29	00	00	00	
00	00	00	00	00	00	00	00	00	00	
00	00	00	00	00	00	00	00	00	01	
bb	00	00	01	00	00	ed	00	36	00	
3b	00	06	00	a9	00	1c	00	08	02	
15	00	0c	00	12	00	00	00	00	00	
eb	3e	eb	3e	e5	3e	00	00	00	00	
00	00	00	00	00	10	00	01	00	00	
a2	00	00	00	03	00	e7	3e	94	ff	
f4	3e	00	00	00	00	fd	4f	01	00	
fe	ff	6e	01	14	00	dc	00	17	00	
14	00	0f	00	15	00	0f	00	18	00	
17	00	00	00	04	2f	00	00	00	00	
46	04	00	00	00	00	00	00	00	00	
ce	0c	01	00	00	00	00	09	00	12	
00	0f	00	14	00	10	01	13	01	23	
00	22	00	f8	01	f8	01	3d	31	04	
00	8f	c2	75	bc	c2	f5	a8	3d	47	
e1	9a	3e	