08	1a	f5	32	00	c4	00	21	02	3d	
16	da	00	00	0a	00	06	00	37	02	
21	00	82	45	34	48	fe	00	00	00	
00	00	00	00	00	00	00	00	00	00	
00	00	00	00	00	00	00	00	00	01	
b9	00	00	01	00	00	d6	00	36	00	
3b	00	06	00	00	00	1c	00	fd	01	
12	00	0c	00	12	00	00	00	00	00	
75	3f	66	3f	6f	3f	00	00	00	00	
00	00	00	00	00	10	00	01	00	00	
a2	00	00	00	03	00	71	3f	95	ff	
6f	3f	00	00	00	00	5f	a1	02	00	
8f	00	c2	00	17	00	1d	00	17	00	
17	00	0c	00	15	00	0c	00	15	00	
17	00	00	00	00	00	00	00	00	00	
f9	03	00	00	00	00	00	00	00	00	
cc	0c	00	00	00	00	00	09	00	11	
00	54	00	4f	00	0d	01	0c	13	e5	
41	10	41	ff	3d	d9	39	ea	49	04	
00	0a	d7	a3	bd	eb	51	b8	3d	ad	
47	61	be	