08	1a	cf	37	00	c4	00	1d	06	6f	
16	db	00	00	01	00	06	00	69	06	
1d	00	1b	55	3c	3e	01	00	00	00	
00	00	00	00	00	00	00	00	00	00	
00	00	00	00	00	00	00	00	00	01	
b7	00	01	00	00	00	bd	00	33	00	
3b	00	06	00	00	00	19	00	fa	01	
12	00	0c	00	03	00	00	00	00	00	
84	3f	75	3f	7e	3f	00	00	00	00	
00	00	00	00	00	10	00	01	00	00	
a2	00	00	00	03	00	80	3f	95	ff	
7e	3f	00	00	00	00	b5	f4	01	00	
15	01	c7	00	14	00	1a	00	1a	00	
14	00	0f	00	15	00	0f	00	15	00	
14	00	00	00	00	00	00	00	00	00	
f9	03	00	00	00	00	00	00	00	00	
cc	0c	00	00	01	00	01	a3	00	a0	
00	45	00	48	00	11	14	43	14	c3	
14	f4	14	f4	14	f6	14	cc	e2	04	
00	51	b8	5e	3e	c2	f5	a8	be	68	
66	c6	be	