48	59	56	52	49	44	00	00	00	00	
00	00	fe	ff	07	00	2b	46	0f	00	
00	00	20	76	04	1a	20	76	04	1a	
ff	7e	00	00	b7	f2	52	01	01	00	
01	01	01	01	36	01	32	01	01	00	
00	00	0e	02	00	00	4f	1b	00	00	
01	00	03	00	00	00	00	00	00	00	
00	00	00	00	00	00	00	00	db	3e	
e7	3e	18	01	19	01	01	01	01	01	
01	01	01	01	02	00	00	00	88	56	
2d	00	fe	ff	94	00	db	3e	00	00	
00	00	00	01	0e	00	00	00	01	00	
00	00	0e	00	00	00	88	13	88	13	
88	13	48	0d	48	0d	48	0d	09	00	
10	00	0e	00	0c	00	6a	01	83	01	
0f	02	28	05	00	00	00	00	00	00	
00	00	00	00	00	00	00	00	00	00	
00	00	00	00	00	00	00	00	00	00	
00	00	00	00	00	00	00	d3	00	00	
00	