08	1a	d3	15	00	c4	00	1f	ad	1b	
18	dc	00	00	09	00	06	00	15	ad	
1f	00	92	ee	42	3e	f0	00	00	00	
00	00	00	00	00	00	00	00	00	00	
00	00	00	00	00	00	00	00	00	01	
b8	00	00	01	00	00	cc	00	36	00	
3b	00	06	00	00	00	1c	00	fa	01	
12	00	09	00	12	00	00	00	00	00	
84	3f	84	3f	7e	3f	00	00	00	00	
00	00	00	00	00	10	00	01	00	00	
a2	00	00	00	03	00	80	3f	94	ff	
81	3f	00	00	00	00	d0	a2	02	00	
0f	01	cc	00	14	00	1a	00	17	00	
14	00	0c	00	12	00	0c	00	15	00	
14	00	00	00	00	00	00	00	00	00	
f9	03	00	00	00	00	00	00	00	00	
cc	0c	00	00	00	00	00	1b	01	25	
01	8f	00	91	01	31	0f	77	0f	c6	
0f	b7	0f	ee	0f	d7	0f	d7	e5	04	
00	8f	c2	75	3d	3d	0a	97	3e	7c	
14	6e	3e	