08	1a	db	a8	00	c4	00	2c	f0	9d	
16	dc	00	00	0a	00	06	00	97	f0	
2c	00	0f	b3	3c	42	b6	00	00	00	
00	00	00	00	00	00	00	00	00	00	
00	00	00	00	00	00	00	00	00	01	
bb	00	00	01	00	00	0f	01	36	00	
3b	00	06	00	00	00	1c	00	05	02	
12	00	0c	00	12	00	00	00	00	00	
37	3f	38	3f	32	3f	00	00	00	00	
00	00	00	00	00	10	00	01	00	00	
a2	00	00	00	03	00	34	3f	94	ff	
3b	3f	00	00	00	00	1d	f4	01	00	
94	01	c6	00	17	00	1d	00	1a	00	
17	00	0f	00	12	00	0f	00	15	00	
17	00	00	00	00	00	00	00	00	00	
46	04	00	00	00	00	00	00	00	00	
ce	0c	00	00	00	00	00	cf	00	d9	
00	0d	00	0c	00	0e	42	0c	41	07	
28	f1	28	b8	3d	af	3e	45	01	04	
00	8f	c2	f5	bb	85	eb	91	3e	33	
33	13	bf	