08	1a	d2	c8	00	c4	00	3c	14	2d	
2d	6c	00	00	0a	00	07	00	27	14	
3c	00	d8	33	df	54	7d	00	00	00	
00	00	00	00	00	00	00	00	00	00	
00	00	00	00	00	00	00	00	00	01	
bc	00	01	00	00	00	e3	00	33	00	
3b	00	06	00	03	00	1c	00	0e	02	
12	00	09	00	12	00	00	00	00	00	
ae	3e	ae	3e	a8	3e	00	00	00	00	
00	00	00	00	00	10	00	01	00	00	
a3	00	00	00	03	00	aa	3e	94	ff	
b5	3e	00	00	00	00	bf	a1	02	00	
fe	ff	cc	00	14	00	1d	00	1a	00	
17	00	0f	00	15	00	0f	00	18	00	
14	00	00	00	00	00	00	00	00	00	
46	04	00	00	00	00	00	00	00	00	
cc	0c	00	00	00	00	00	09	00	12	
00	0f	00	14	00	10	00	14	01	f9	
00	06	01	f8	01	13	01	3d	23	0c	
03	cc	cc	cc	bd	8f	c2	f5	bc	29	
5c	0f	bd	