08	1a	d3	3b	00	c4	00	1f	ae	97	
18	e7	00	00	0a	00	06	00	91	ae	
1f	00	f0	61	40	48	03	00	00	00	
00	00	00	00	00	00	00	00	00	00	
00	00	00	00	00	00	00	00	00	01	
b8	00	00	01	00	00	d5	00	33	00	
3b	00	06	00	03	00	1c	00	f4	01	
12	00	09	00	12	00	00	00	00	00	
84	3f	75	3f	7e	3f	00	00	00	00	
00	00	00	00	00	10	00	01	00	00	
a2	00	00	00	03	00	80	3f	95	ff	
85	3f	00	00	00	00	76	a2	02	00	
01	01	d2	00	14	00	1d	00	1a	00	
14	00	0f	00	12	00	0c	00	15	00	
14	00	00	00	00	00	00	00	00	00	
f9	03	00	00	00	00	00	00	00	00	
cc	0c	00	00	00	00	00	18	01	22	
01	c6	00	c6	00	5d	11	49	11	2f	
11	1e	11	63	11	4c	11	4c	4e	04	
00	eb	51	b8	3d	52	b8	9e	3e	71	
3d	8a	bd	