48	59	56	52	49	44	00	00	00	00	
00	00	fe	ff	ff	ff	53	46	0f	00	
88	88	20	76	04	1a	20	76	04	1a	
ff	74	00	00	bb	b1	52	01	01	00	
01	01	01	01	47	01	44	01	01	00	
00	00	0f	02	00	00	9f	20	00	00	
01	00	03	00	00	00	00	00	00	00	
00	00	00	00	00	00	00	00	ad	3e	
ba	3e	23	01	25	01	01	01	01	01	
01	01	01	01	02	00	00	00	24	2c	
2d	00	ff	ff	be	00	bd	3e	00	00	
00	00	00	00	0e	00	00	00	01	00	
00	00	0e	00	00	00	88	13	88	13	
88	13	48	0d	48	0d	48	0d	09	00	
10	00	0e	00	0c	00	78	01	9e	01	
d7	01	f0	04	00	00	00	00	00	00	
00	00	00	00	00	00	00	00	00	00	
00	00	00	00	00	00	21	00	10	00	
04	00	e3	00	00	00	00	00	00	00	
00	