08	1a	c0	0d	00	c4	00	3b	58	df	
31	66	00	00	0a	00	07	00	d9	58	
3b	00	2c	84	d5	52	1f	00	00	00	
00	00	00	00	00	00	00	00	00	00	
00	00	00	00	00	00	00	00	00	01	
bc	00	01	00	00	00	e4	00	36	00	
3b	00	06	00	09	00	5c	00	05	02	
15	00	0c	00	12	00	00	00	00	00	
75	3f	75	3f	6f	3f	00	00	00	00	
00	00	00	00	00	10	00	01	00	00	
a3	00	00	00	03	00	71	3f	94	ff	
84	3f	00	00	00	00	72	0a	02	00	
31	01	1a	01	14	00	1d	00	1a	00	
17	00	0f	00	12	00	0f	00	18	00	
14	00	ba	13	00	00	00	00	00	00	
46	04	00	00	00	00	00	00	00	00	
cc	0c	00	00	01	00	01	e1	00	e4	
00	1a	00	1b	00	b9	12	47	12	52	
12	86	12	78	12	89	12	a5	a9	7f	
0d	ae	47	a1	be	d7	a3	70	be	85	
eb	b1	3e	