08	1a	c0	14	00	c4	00	3b	59	25	
2d	67	00	00	0a	00	07	00	1f	59	
3b	00	bd	a4	d6	5c	23	00	00	00	
00	00	00	00	00	00	00	00	00	00	
00	00	00	00	00	00	00	00	00	01	
bc	00	01	00	00	00	e6	00	39	00	
3b	00	06	00	09	00	bf	01	14	02	
12	00	09	00	12	00	00	00	00	00	
37	3f	38	3f	32	3f	00	00	00	00	
00	00	00	00	00	10	00	01	00	00	
a3	00	00	00	03	00	34	3f	95	ff	
45	3f	00	00	00	00	36	0a	02	00	
53	00	6f	02	14	00	1d	00	1a	00	
14	00	0c	00	15	00	0f	00	18	00	
14	00	ba	13	00	00	00	00	00	00	
46	04	00	00	00	00	00	00	00	00	
cc	0c	00	00	00	00	00	b4	00	be	
00	0e	00	09	00	0e	42	0c	41	07	
41	f1	41	90	41	5d	3d	42	ca	7f	
0d	28	5c	7f	3f	a3	70	9f	40	46	
e1	7a	bf	