08	1a	f5	33	00	c4	00	21	02	47	
18	f2	00	00	0a	00	06	00	41	02	
21	00	a5	c2	33	48	ff	00	00	00	
00	00	00	00	00	00	00	00	00	00	
00	00	00	00	00	00	00	00	00	01	
b9	00	00	01	00	00	d6	00	36	00	
3b	00	06	00	00	00	1c	00	fd	01	
12	00	0c	00	12	00	00	00	00	00	
75	3f	66	3f	6f	3f	00	00	00	00	
00	00	00	00	00	10	00	01	00	00	
a2	00	00	00	03	00	71	3f	95	ff	
6f	3f	00	00	00	00	5f	a1	02	00	
8f	00	c2	00	14	00	1d	00	1a	00	
14	00	0f	00	15	00	0c	00	15	00	
14	00	00	00	00	00	00	00	00	00	
f9	03	00	00	00	00	00	00	00	00	
cc	0c	00	00	00	00	00	09	00	11	
00	57	00	52	00	0d	01	0c	13	f3	
41	1e	41	ff	3d	cc	39	cf	2d	04	
00	c2	f5	a8	bd	eb	51	b8	3d	99	
99	59	be	