08	1a	ca	10	00	c4	00	28	5d	df	
16	cf	00	00	0a	00	06	00	d9	5d	
28	00	ca	fc	48	40	2d	00	00	00	
00	00	00	00	00	00	00	00	00	00	
00	00	00	00	00	00	00	00	00	01	
bb	00	00	01	00	00	ed	00	36	00	
3b	00	09	00	a3	00	1c	00	19	02	
12	00	0c	00	12	00	00	00	00	00	
eb	3e	dc	3e	e5	3e	00	00	00	00	
00	00	00	00	00	10	00	01	00	00	
a2	00	00	00	03	00	e7	3e	94	ff	
eb	3e	00	00	00	00	ad	4f	01	00	
fd	ff	6d	01	14	00	dc	00	17	00	
17	00	0c	00	12	00	0f	00	15	00	
17	00	00	00	04	2f	00	00	00	00	
46	04	00	00	00	00	00	00	00	00	
ce	0c	01	00	00	00	00	09	00	12	
00	0f	00	14	00	10	01	13	01	07	
01	14	01	06	01	21	01	3d	23	04	
00	0a	d7	23	bc	14	ae	c7	3d	47	
e1	9a	3e	