08	1a	d5	6e	00	c4	00	1f	c4	95	
16	e0	00	00	0a	00	06	00	8f	c4	
1f	00	77	fe	48	46	1c	00	00	00	
00	00	00	00	00	00	00	00	00	00	
00	00	00	00	00	00	00	00	00	01	
b8	00	00	01	00	00	d3	00	33	00	
3b	00	06	00	00	00	1c	00	fd	01	
12	00	09	00	12	00	00	00	00	00	
65	3f	66	3f	5f	3f	00	00	00	00	
00	00	00	00	00	10	00	01	00	00	
a2	00	00	00	03	00	62	3f	94	ff	
66	3f	00	00	00	00	8c	a2	02	00	
4b	00	c3	00	14	00	1a	00	1a	00	
17	00	0f	00	15	00	0c	00	15	00	
14	00	00	00	00	00	00	00	00	00	
f9	03	00	00	00	00	00	00	00	00	
cc	0c	00	00	00	00	00	25	00	30	
00	0f	00	09	00	0d	42	0d	41	07	
41	d5	41	9e	3b	6b	35	70	2a	04	
00	3d	0a	57	3e	c2	f5	28	3e	c2	
f5	28	be	