08	1a	cf	64	00	c4	00	1d	08	31	
16	cf	00	00	01	00	06	00	2b	08	
1d	00	f1	34	4f	40	17	00	00	00	
00	00	00	00	00	00	00	00	00	00	
00	00	00	00	00	00	00	00	00	01	
b7	00	01	00	00	00	cb	00	33	00	
3b	00	09	00	00	00	1c	00	fd	01	
12	00	09	00	12	00	00	00	00	00	
84	3f	84	3f	7e	3f	00	00	00	00	
00	00	00	00	00	10	00	01	00	00	
a2	00	00	00	03	00	80	3f	95	ff	
86	3f	00	00	00	00	e0	f2	01	00	
1e	01	c1	00	14	00	1d	00	17	00	
17	00	0c	00	12	00	0f	00	15	00	
14	00	00	00	00	00	00	00	00	00	
f9	03	00	00	00	00	00	00	00	00	
cc	0c	00	00	00	00	00	29	00	33	
00	23	00	1d	01	12	2e	37	2e	e4	
2e	e0	2e	ee	2f	e1	2f	0b	16	04	
00	3e	0a	b7	3e	5c	8f	02	3e	00	
00	a0	be	