08	1a	d3	0c	00	c4	00	1f	ac	c1	
18	d7	00	00	08	00	06	00	bb	ac	
1f	00	9b	3e	3b	42	eb	00	00	00	
00	00	00	00	00	00	00	00	00	00	
00	00	00	00	00	00	00	00	00	01	
b8	00	00	01	00	00	c9	00	33	00	
3b	00	06	00	00	00	1c	00	fa	01	
0d	00	0c	00	12	00	00	00	00	00	
84	3f	84	3f	7e	3f	00	00	00	00	
00	00	00	00	00	10	00	01	00	00	
a2	00	00	00	03	00	80	3f	94	ff	
81	3f	00	00	00	00	91	67	01	00	
0c	01	cb	00	14	00	1a	00	17	00	
17	00	0c	00	12	00	0c	00	15	00	
14	00	00	00	00	00	00	00	00	00	
f9	03	00	00	00	00	00	00	00	00	
ce	0c	00	00	00	00	00	23	02	2c	
02	02	00	02	00	36	0f	cd	0f	49	
0f	3a	0f	56	0f	40	0f	5b	68	04	
00	8f	c2	75	3c	85	eb	91	3e	3d	
0a	97	3e	