08	1a	f3	5e	00	c4	00	1e	6f	f5	
16	ca	00	00	07	00	06	00	ef	6f	
1e	00	22	8f	3b	40	14	00	00	00	
00	00	00	00	00	00	00	00	00	00	
00	00	00	00	00	00	00	00	00	01	
b8	00	00	01	00	00	d3	00	36	00	
3b	00	06	00	00	00	1c	00	fd	01	
12	00	0c	00	12	00	00	00	00	00	
84	3f	84	3f	7e	3f	00	00	00	00	
00	00	00	00	00	10	00	01	00	00	
a2	00	00	00	03	00	80	3f	94	ff	
88	3f	00	00	00	00	e3	a2	02	00	
3f	01	c3	00	14	00	1a	00	17	00	
17	00	0c	00	12	00	0f	00	15	00	
14	00	00	00	00	00	00	00	00	00	
f9	03	00	00	00	00	00	00	00	00	
cc	0c	00	00	00	00	00	04	00	0f	
00	aa	00	ab	00	0e	41	0c	41	d0	
42	ba	42	36	3a	1e	3c	93	98	04	
00	00	00	a0	3e	71	3d	0a	3e	48	
e1	da	be	