48	59	56	52	49	44	00	00	00	00	
00	00	fe	ff	ff	ff	96	49	0f	00	
88	88	20	76	04	1a	20	76	04	1a	
ff	8a	00	00	bb	0b	52	01	01	00	
01	01	01	01	40	01	3e	01	01	00	
00	00	0f	02	00	00	97	13	00	00	
01	00	03	00	00	00	00	00	00	00	
00	00	00	00	00	00	00	00	cc	3e	
d8	3e	1e	01	20	01	01	01	01	01	
01	01	01	01	02	00	00	00	2c	39	
2d	00	fe	ff	cc	00	cc	3e	00	00	
00	00	00	00	0e	00	00	00	01	00	
00	00	0e	00	00	00	88	13	88	13	
88	13	48	0d	48	0d	48	0d	09	00	
10	00	0e	00	0c	00	78	01	90	01	
c9	01	f0	04	00	00	00	00	00	00	
00	00	00	00	00	00	00	00	00	00	
00	00	00	00	00	00	21	00	20	00	
04	00	e2	00	00	00	00	00	00	00	
00	