08	1a	cf	41	00	c4	00	1d	06	d3	
16	da	00	00	01	00	06	00	cd	06	
1d	00	b9	10	50	42	06	00	00	00	
00	00	00	00	00	00	00	00	00	00	
00	00	00	00	00	00	00	00	00	01	
b7	00	01	00	00	00	c1	00	33	00	
3b	00	06	00	03	00	1c	00	fd	01	
12	00	09	00	0f	00	00	00	00	00	
84	3f	84	3f	7e	3f	00	00	00	00	
00	00	00	00	00	10	00	01	00	00	
a2	00	00	00	03	00	80	3f	95	ff	
83	3f	00	00	00	00	3e	f4	01	00	
29	01	c1	00	17	00	1d	00	17	00	
17	00	0f	00	12	00	0f	00	15	00	
14	00	00	00	00	00	00	00	00	00	
f9	03	00	00	00	00	00	00	00	00	
cc	0c	00	00	00	00	00	34	00	3d	
00	3d	00	3d	01	20	22	9c	22	96	
22	75	22	9e	22	8a	22	6f	b8	04	
00	d7	a3	d0	3e	34	33	73	be	0a	
d7	83	be	