08	1a	d3	31	00	c4	00	1f	ae	33	
16	c9	00	00	0a	00	06	00	2d	ae	
1f	00	1f	09	45	40	fe	00	00	00	
00	00	00	00	00	00	00	00	00	00	
00	00	00	00	00	00	00	00	00	01	
b8	00	00	01	00	00	d3	00	36	00	
3b	00	06	00	03	00	16	00	fd	01	
12	00	0c	00	12	00	00	00	00	00	
84	3f	84	3f	7e	3f	00	00	00	00	
00	00	00	00	00	10	00	01	00	00	
a2	00	00	00	03	00	80	3f	94	ff	
85	3f	00	00	00	00	d1	a2	02	00	
06	01	c2	00	17	00	1d	00	17	00	
14	00	0f	00	12	00	0f	00	18	00	
14	00	00	00	00	00	00	00	00	00	
f9	03	00	00	00	00	00	00	00	00	
cc	0c	00	00	00	00	00	19	01	26	
01	68	00	6a	00	0f	15	88	15	5c	
15	47	15	70	14	72	15	a3	7b	04	
00	71	3d	0a	3e	c2	f5	a8	3e	0a	
d7	23	3b	