08	1a	f3	71	00	c4	00	1e	70	b3	
16	d8	00	00	07	00	06	00	ad	70	
1e	00	45	86	55	44	1e	00	00	00	
00	00	00	00	00	00	00	00	00	00	
00	00	00	00	00	00	00	00	00	01	
b8	00	00	01	00	00	d8	00	36	00	
3b	00	06	00	03	00	19	00	fd	01	
12	00	09	00	12	00	00	00	00	00	
84	3f	75	3f	7e	3f	00	00	00	00	
00	00	00	00	00	10	00	01	00	00	
a2	00	00	00	03	00	80	3f	94	ff	
83	3f	00	00	00	00	2f	a2	02	00	
f3	00	c3	00	17	00	1d	00	1a	00	
17	00	0f	00	15	00	0f	00	18	00	
14	00	00	00	00	00	00	00	00	00	
f9	03	00	00	00	00	00	00	00	00	
cc	0c	00	00	00	00	00	11	00	1f	
00	1d	02	1c	00	0e	21	22	21	72	
21	44	21	52	21	4d	21	69	94	04	
00	c2	f5	a8	3d	66	66	86	3e	9a	
99	f9	be	