48	59	56	52	49	44	00	00	00	00	
00	00	fe	ff	07	00	2b	46	0f	00	
88	88	20	76	04	1a	20	76	04	1a	
ff	8a	00	00	ba	9f	52	01	01	00	
01	01	01	01	3d	01	3b	01	01	00	
00	00	0f	02	00	00	36	0e	00	00	
01	00	03	00	00	00	00	00	00	00	
00	00	00	00	00	00	00	00	ea	3e	
e9	3e	1c	01	1e	01	01	01	01	01	
01	01	01	01	02	00	00	00	8d	3e	
2d	00	fe	ff	c7	00	ea	3e	00	00	
00	00	00	00	0e	00	00	00	01	00	
00	00	0e	00	00	00	88	13	88	13	
88	13	48	0d	48	0d	48	0d	09	00	
10	00	0e	00	0c	00	78	01	83	01	
ae	01	fe	04	00	00	00	00	00	00	
00	00	00	00	00	00	00	00	00	00	
00	00	00	00	00	00	0b	02	00	00	
10	00	e2	00	00	00	00	d5	00	00	
00	