08	1a	d3	0e	00	c4	00	1f	ac	d5	
16	e1	00	00	08	00	06	00	cf	ac	
1f	00	c0	e1	4f	42	ec	00	00	00	
00	00	00	00	00	00	00	00	00	00	
00	00	00	00	00	00	00	00	00	01	
b8	00	00	01	00	00	ca	00	33	00	
3e	00	06	00	03	00	19	00	f7	01	
12	00	09	00	12	00	00	00	00	00	
84	3f	84	3f	7e	3f	00	00	00	00	
00	00	00	00	00	10	00	01	00	00	
a2	00	00	00	03	00	80	3f	94	ff	
84	3f	00	00	00	00	86	67	01	00	
27	01	cb	00	14	00	1d	00	1a	00	
17	00	0c	00	12	00	0f	00	15	00	
14	00	00	00	00	00	00	00	00	00	
f9	03	00	00	00	00	00	00	00	00	
cc	0c	00	00	00	00	00	1f	01	28	
01	ed	00	ed	00	35	0e	ff	0e	e8	
0f	da	0e	1f	0f	ed	0f	08	14	04	
00	eb	51	b8	3c	7b	14	8e	3e	33	
33	93	3e	