08	1a	f5	36	00	c4	00	21	02	65	
18	d3	00	00	0a	00	06	00	5f	02	
21	00	5d	fb	02	48	00	00	00	00	
00	00	00	00	00	00	00	00	00	00	
00	00	00	00	00	00	00	00	00	01	
b9	00	00	01	00	00	d7	00	33	00	
3b	00	06	00	00	00	1c	00	fa	01	
12	00	09	00	12	00	00	00	00	00	
75	3f	66	3f	6f	3f	00	00	00	00	
00	00	00	00	00	10	00	01	00	00	
a2	00	00	00	03	00	71	3f	95	ff	
71	3f	00	00	00	00	37	a1	02	00	
a7	00	c2	00	14	00	1d	00	1a	00	
17	00	0f	00	12	00	0c	00	15	00	
14	00	00	00	00	00	00	00	00	00	
f9	03	00	00	00	00	00	00	00	00	
ce	0c	00	00	00	00	00	09	00	11	
00	5f	00	5b	00	0d	01	0c	13	d7	
41	10	41	ff	3d	e7	38	7c	95	04	
00	99	99	99	bd	7b	14	ae	3d	14	
ae	47	be	