08	1a	e2	01	00	c4	00	1d	c2	53	
16	cf	00	00	03	00	06	00	4d	c2	
1d	00	6d	53	3c	42	66	00	00	00	
00	00	00	00	00	00	00	00	00	00	
00	00	00	00	00	00	00	00	00	01	
b8	00	00	01	00	00	ec	00	36	00	
3b	00	06	00	00	00	19	00	fa	01	
12	00	09	00	12	00	00	00	00	00	
37	3f	38	3f	32	3f	00	00	00	00	
00	00	00	00	00	10	00	01	00	00	
a2	00	00	00	03	00	34	3f	94	ff	
41	3f	00	00	00	00	69	a2	02	00	
fe	ff	c3	00	17	00	1d	00	1a	00	
17	00	0c	00	15	00	0f	00	15	00	
17	00	00	00	00	00	00	00	00	00	
46	04	00	00	00	00	00	00	00	00	
cc	0c	00	00	00	00	00	09	00	12	
00	0f	00	13	00	10	01	13	01	15	
01	06	01	30	01	4b	01	3d	23	04	
00	86	eb	d1	bd	51	b8	5e	3e	ad	
47	e1	3e	