08	1a	d9	56	00	c4	00	2c	d9	69	
16	da	00	00	0a	00	06	00	63	d9	
2c	00	c1	a4	42	44	8d	00	00	00	
00	00	00	00	00	00	00	00	00	00	
00	00	00	00	00	00	00	00	00	01	
bb	00	00	01	00	00	cd	00	33	00	
3b	00	09	00	03	00	1c	00	08	02	
15	00	0c	00	12	00	00	00	00	00	
65	3f	66	3f	6f	3f	00	00	00	00	
00	00	00	00	00	10	00	01	00	00	
a2	00	00	00	03	00	71	3f	95	ff	
6e	3f	00	00	00	00	7b	0b	02	00	
80	00	c5	00	17	00	ad	00	17	00	
17	00	0f	00	15	00	0f	00	18	00	
17	00	00	00	04	2f	00	00	00	00	
f9	03	00	00	00	00	00	00	00	00	
cc	0c	01	00	00	00	00	88	00	8a	
00	0b	00	08	00	0e	42	0c	42	15	
3c	0d	3c	eb	3e	bb	3d	d5	84	04	
00	cd	cc	0c	be	70	3d	ca	3e	e0	
7a	f4	be	