08	1a	d5	7a	00	c4	00	1f	c5	0d	
17	25	00	00	0a	00	06	00	07	c5	
1f	00	d2	db	44	3c	22	00	00	00	
00	00	00	00	00	00	00	00	00	00	
00	00	00	00	00	00	00	00	00	01	
b8	00	00	01	00	00	d7	00	33	00	
3b	00	06	00	fd	ff	1c	00	fd	01	
12	00	0c	00	12	00	00	00	00	00	
84	3f	84	3f	7e	3f	00	00	00	00	
00	00	00	00	00	10	00	01	00	00	
a2	00	00	00	03	00	80	3f	95	ff	
88	3f	00	00	00	00	14	a2	02	00	
58	01	c2	00	14	00	1a	00	1a	00	
17	00	0c	00	15	00	0f	00	15	00	
14	00	00	00	00	00	00	00	00	00	
f9	03	00	00	00	00	00	00	00	00	
cc	0c	00	00	00	00	00	ae	00	bb	
00	0b	00	07	00	0d	42	0c	42	4d	
40	36	40	ea	3b	b8	41	8b	ce	04	
00	67	66	e6	3d	14	ae	47	3e	8f	
c2	75	be	