08	1a	d1	89	00	c4	00	1d	1d	a3	
15	1a	00	00	01	00	06	00	9d	1d	
1d	00	5d	3a	41	46	2a	00	00	00	
00	00	00	00	00	00	00	00	00	00	
00	00	00	00	00	00	00	00	00	01	
b7	00	01	00	00	00	c6	00	36	00	
3b	00	06	00	03	00	19	00	fd	01	
12	00	09	00	12	00	00	00	00	00	
84	3f	84	3f	7e	3f	00	00	00	00	
00	00	00	00	00	10	00	01	00	00	
a2	00	00	00	03	00	80	3f	94	ff	
84	3f	00	00	00	00	6b	dd	01	00	
14	01	c1	00	17	00	1d	00	1a	00	
17	00	0f	00	15	00	0f	00	15	00	
14	00	00	00	00	00	00	00	00	00	
f9	03	00	00	00	00	00	00	00	00	
cc	0c	00	00	00	00	00	34	00	42	
00	0e	01	0f	00	c2	23	24	22	13	
15	f1	15	1d	23	1f	23	06	43	04	
00	71	3d	8a	be	3d	0a	d7	bd	71	
3d	0a	bf	