08	1a	d2	e5	00	c4	00	3c	15	4f	
2d	a4	00	00	0a	00	07	00	49	15	
3c	00	95	55	c7	5e	8b	00	00	00	
00	00	00	00	00	00	00	00	00	00	
00	00	00	00	00	00	00	00	00	01	
bc	00	01	00	00	00	da	00	36	00	
3b	00	06	00	03	00	1f	00	1c	02	
12	00	0c	00	12	00	00	00	00	00	
9e	3e	9e	3e	99	3e	00	00	00	00	
00	00	00	00	00	10	00	01	00	00	
a3	00	00	00	03	00	aa	3e	95	ff	
a2	3e	00	00	00	00	93	a0	02	00	
fd	ff	cd	00	14	00	1d	00	1a	00	
17	00	0f	00	15	00	0f	00	18	00	
14	00	00	00	00	00	00	00	00	00	
46	04	00	00	00	00	00	00	00	00	
cc	0c	00	00	00	00	00	09	00	12	
00	10	00	14	00	10	00	14	00	eb	
00	f8	01	f8	01	06	01	2f	15	0c	
03	8f	c2	f5	bd	b8	1e	85	bd	7b	
14	2e	bd	