08	1a	f4	fb	00	c4	00	21	00	17	
16	da	00	00	0a	00	06	00	11	00	
21	00	83	89	3f	46	e3	00	00	00	
00	00	00	00	00	00	00	00	00	00	
00	00	00	00	00	00	00	00	00	01	
b9	00	00	01	00	00	c8	00	36	00	
38	00	06	00	00	00	19	00	fd	01	
12	00	09	00	12	00	00	00	00	00	
84	3f	84	3f	7e	3f	00	00	00	00	
00	00	00	00	00	10	00	01	00	00	
a2	00	00	00	03	00	80	3f	95	ff	
81	3f	00	00	00	00	e4	66	01	00	
09	01	cc	00	14	00	1a	00	1a	00	
14	00	0c	00	15	00	0f	00	15	00	
14	00	00	00	00	00	00	00	00	00	
f9	03	00	00	00	00	00	00	00	00	
cc	0c	00	00	00	00	00	1f	01	29	
01	c5	00	c6	00	24	10	cc	10	7b	
10	6b	10	a2	10	8b	10	98	a7	04	
00	8f	c2	d5	3e	8f	c2	35	3e	8f	
c2	35	be	