08	1a	db	8d	00	c4	00	2c	ef	8f	
16	dc	00	00	0a	00	06	00	89	ef	
2c	00	52	c5	43	44	a9	00	00	00	
00	00	00	00	00	00	00	00	00	00	
00	00	00	00	00	00	00	00	00	01	
bb	00	00	01	00	00	0c	01	36	00	
3b	00	09	00	a3	00	1c	00	08	02	
12	00	09	00	15	00	00	00	00	00	
19	3f	0a	3f	13	3f	00	00	00	00	
00	00	00	00	00	10	00	01	00	00	
a2	00	00	00	03	00	15	3f	94	ff	
1c	3f	00	00	00	00	2b	f5	01	00	
a8	01	67	01	2f	00	f4	00	32	00	
32	00	27	00	2d	00	27	00	2d	00	
2f	00	00	00	04	2f	00	00	00	00	
18	04	00	00	00	00	00	00	00	00	
c2	0c	01	00	00	00	00	2b	00	36	
00	87	00	87	00	0e	41	41	41	b4	
41	ac	41	d5	3c	b0	3e	4c	0f	04	
00	eb	51	f8	3e	99	99	99	3d	20	
85	ab	be	