08	1a	db	a9	00	c4	00	2c	f0	a7	
16	d7	00	00	0a	00	06	00	a1	f0	
2c	00	b3	d5	40	44	b7	00	00	00	
00	00	00	00	00	00	00	00	00	00	
00	00	00	00	00	00	00	00	00	01	
bb	00	00	01	00	00	0e	01	36	00	
3b	00	09	00	03	00	1c	00	19	02	
15	00	0c	00	15	00	00	00	00	00	
47	3f	47	3f	41	3f	00	00	00	00	
00	00	00	00	00	10	00	01	00	00	
a2	00	00	00	03	00	43	3f	94	ff	
46	3f	00	00	00	00	13	f4	01	00	
e3	01	c9	00	17	00	1d	00	1a	00	
17	00	0f	00	12	00	0f	00	15	00	
17	00	00	00	00	00	00	00	00	00	
46	04	00	00	00	00	00	00	00	00	
ce	0c	00	00	00	00	01	fa	00	03	
00	0c	00	09	00	0e	42	0b	41	15	
35	ff	35	93	3d	67	3e	00	2b	04	
00	8f	c2	f5	bc	33	33	93	3e	85	
eb	11	bf	