08	1a	f7	67	00	c4	00	21	18	4f	
16	ef	00	00	0a	00	06	00	49	18	
21	00	6c	7a	50	3c	19	00	00	00	
00	00	00	00	00	00	00	00	00	00	
00	00	00	00	00	00	00	00	00	01	
b9	00	00	01	00	00	da	00	33	00	
3b	00	06	00	00	00	22	00	f4	01	
12	00	0c	00	12	00	00	00	00	00	
84	3f	84	3f	7e	3f	00	00	00	00	
00	00	00	00	00	10	00	01	00	00	
a2	00	00	00	03	00	80	3f	95	ff	
86	3f	00	00	00	00	4b	8b	02	00	
24	01	cb	00	17	00	1d	00	17	00	
17	00	0c	00	12	00	0f	00	15	00	
14	00	00	00	00	00	00	00	00	00	
46	04	00	00	00	00	00	00	00	00	
cc	0c	00	00	01	00	01	f6	00	fe	
00	3b	00	3c	00	29	10	ac	10	b2	
10	b0	10	be	10	a6	10	b4	df	04	
00	ad	47	e1	bc	20	85	2b	be	eb	
51	f8	be	