08	1a	f1	33	00	c4	00	1e	5a	47	
16	d9	00	00	05	00	06	00	41	5a	
1e	00	5d	3a	41	46	ff	00	00	00	
00	00	00	00	00	00	00	00	00	00	
00	00	00	00	00	00	00	00	00	01	
b8	00	00	01	00	00	d5	00	33	00	
3b	00	09	00	03	00	1c	00	fa	01	
12	00	09	00	12	00	00	00	00	00	
75	3f	84	3f	7e	3f	00	00	00	00	
00	00	00	00	00	10	00	01	00	00	
a2	00	00	00	03	00	80	3f	94	ff	
81	3f	00	00	00	00	78	a2	02	00	
fc	00	c2	00	14	00	1d	00	17	00	
14	00	0f	00	15	00	0c	00	15	00	
14	00	00	00	00	00	00	00	00	00	
f9	03	00	00	00	00	00	00	00	00	
cc	0c	00	00	00	00	00	3f	00	4b	
00	0d	01	0f	00	fd	1a	36	1a	e3	
19	c9	19	a7	1a	cf	1b	e3	04	04	
00	e1	7a	14	be	3d	0a	57	3e	70	
3d	ca	3e	