08	1a	cf	5e	00	c4	00	1d	07	f5	
16	de	00	00	01	00	06	00	ef	07	
1d	00	ee	f9	50	42	14	00	00	00	
00	00	00	00	00	00	00	00	00	00	
00	00	00	00	00	00	00	00	00	01	
b7	00	01	00	00	00	ca	00	33	00	
38	00	06	00	00	00	1c	00	fd	01	
12	00	09	00	06	00	00	00	00	00	
84	3f	84	3f	7e	3f	00	00	00	00	
00	00	00	00	00	10	00	01	00	00	
a2	00	00	00	03	00	80	3f	95	ff	
80	3f	00	00	00	00	26	f3	01	00	
04	01	c2	00	14	00	1d	00	1a	00	
14	00	0c	00	12	00	0c	00	15	00	
14	00	00	00	00	00	00	00	00	00	
ea	03	00	00	00	00	00	00	00	00	
cc	0c	00	00	00	00	00	2f	00	3c	
00	85	00	81	01	14	21	32	21	c6	
21	a5	21	cf	21	bb	21	d7	da	04	
00	3d	0a	d7	3e	52	b8	9e	3d	8f	
c2	75	be	