08	1a	c3	ed	00	c4	00	1f	15	8b	
16	da	00	00	08	00	06	00	85	15	
1f	00	2e	85	51	42	5c	00	00	00	
00	00	00	00	00	00	00	00	00	00	
00	00	00	00	00	00	00	00	00	01	
b8	00	00	01	00	00	e1	00	36	00	
3b	00	06	00	03	00	1c	00	f7	01	
12	00	0c	00	12	00	00	00	00	00	
37	3f	38	3f	41	3f	00	00	00	00	
00	00	00	00	00	10	00	01	00	00	
a2	00	00	00	03	00	34	3f	94	ff	
3d	3f	00	00	00	00	d9	fe	01	00	
fd	ff	c3	00	17	00	1d	00	1a	00	
17	00	0f	00	15	00	0c	00	15	00	
17	00	00	00	00	00	00	00	00	00	
46	04	00	00	00	00	00	00	00	00	
cc	0c	00	00	00	00	00	09	00	12	
00	0f	00	13	00	0f	01	13	01	07	
01	06	01	30	01	2f	01	2f	23	04	
00	8f	c2	75	bc	8f	c2	75	3d	b8	
1e	c5	3e	