48	59	56	52	49	44	00	00	00	00	
00	00	fe	ff	07	00	2b	46	0f	00	
00	00	20	76	04	1a	20	76	04	1a	
ff	89	00	00	ba	0d	52	01	01	00	
01	01	01	01	3b	01	38	01	01	00	
00	00	0f	02	00	00	47	0c	00	00	
01	00	03	00	00	00	00	00	00	00	
00	00	00	00	00	00	00	00	ea	3e	
f0	3e	1b	01	1d	01	01	01	01	01	
01	01	01	01	02	00	00	00	7c	40	
2d	00	fe	ff	c7	00	fa	3e	00	00	
00	00	00	00	0e	00	00	00	01	00	
00	00	0e	00	00	00	88	13	88	13	
88	13	48	0d	48	0d	48	0d	09	00	
10	00	0e	00	0c	00	78	01	67	01	
d7	01	fe	04	00	00	00	00	00	00	
00	00	00	00	00	00	00	00	00	00	
00	00	00	00	00	00	00	00	00	00	
00	00	00	00	00	00	00	d5	00	00	
00	