08	1a	d9	69	00	c4	00	2c	da	27	
16	e0	00	00	0a	00	06	00	21	da	
2c	00	3a	63	4e	44	97	00	00	00	
00	00	00	00	00	00	00	00	00	00	
00	00	00	00	00	00	00	00	00	01	
bb	00	00	01	00	00	d2	00	36	00	
3b	00	06	00	a0	00	1c	00	19	02	
12	00	0c	00	12	00	00	00	00	00	
84	3f	75	3f	7e	3f	00	00	00	00	
00	00	00	00	00	10	00	01	00	00	
a2	00	00	00	03	00	80	3f	94	ff	
7f	3f	00	00	00	00	96	0a	02	00	
93	01	68	01	17	00	d9	00	1a	00	
17	00	0f	00	12	00	0f	00	15	00	
17	00	00	00	f5	2e	00	00	00	00	
46	04	00	00	00	00	00	00	00	00	
cc	0c	01	00	02	00	02	27	00	2c	
00	22	00	23	00	0f	17	58	17	87	
17	8c	17	8c	17	8c	17	8c	c2	04	
00	a4	70	bd	be	f5	28	5c	3e	ad	
47	61	be	