08	1a	f5	1b	00	c4	00	21	01	57	
16	d9	00	00	0a	00	06	00	51	01	
21	00	77	b3	50	42	f3	00	00	00	
00	00	00	00	00	00	00	00	00	00	
00	00	00	00	00	00	00	00	00	01	
b9	00	00	01	00	00	cf	00	33	00	
3b	00	06	00	00	00	1c	00	fd	01	
0f	00	0c	00	12	00	00	00	00	00	
84	3f	84	3f	7e	3f	00	00	00	00	
00	00	00	00	00	10	00	01	00	00	
a2	00	00	00	03	00	80	3f	95	ff	
86	3f	00	00	00	00	45	a2	02	00	
11	01	c2	00	14	00	1d	00	1a	00	
14	00	0f	00	15	00	0f	00	15	00	
17	00	00	00	00	00	00	00	00	00	
f9	03	00	00	00	00	00	00	00	00	
cc	0c	00	00	00	00	00	09	00	14	
00	61	01	61	00	01	29	35	29	a2	
29	88	29	88	29	8c	29	a7	e1	04	
00	ad	47	e1	bc	3d	0a	57	3e	68	
66	c6	be	