08	1a	c2	30	00	c4	00	3b	6e	3d	
2d	59	00	00	0a	00	07	00	37	6e	
3b	00	86	5a	d3	58	31	00	00	00	
00	00	00	00	00	00	00	00	00	00	
00	00	00	00	00	00	00	00	00	01	
bc	00	01	00	00	00	14	01	36	00	
3b	00	06	00	09	00	85	01	08	02	
12	00	09	00	12	00	00	00	00	00	
8a	3d	7c	3d	76	3d	00	00	00	00	
00	00	00	00	00	10	00	01	00	00	
a3	00	00	00	03	00	79	3d	94	ff	
91	3d	00	00	00	00	2f	f5	01	00	
4e	01	42	02	11	00	1a	00	1a	00	
17	00	0f	00	12	00	0c	00	15	00	
14	00	ab	13	00	00	00	00	00	00	
46	04	00	00	00	00	00	00	00	00	
cc	0c	00	00	00	00	00	3b	00	40	
00	67	00	59	00	2c	40	37	40	22	
40	0d	40	1b	40	04	40	04	3b	7f	
03	0a	d7	a3	bc	ad	47	61	bd	0a	
d7	23	3b	