08	1a	cf	4c	00	c4	00	1d	07	41	
16	c5	00	00	01	00	06	00	3b	07	
1d	00	1d	b7	4e	44	0b	00	00	00	
00	00	00	00	00	00	00	00	00	00	
00	00	00	00	00	00	00	00	00	01	
b7	00	01	00	00	00	c5	00	36	00	
3b	00	15	00	00	00	1c	00	f7	01	
12	00	09	00	15	00	00	00	00	00	
84	3f	84	3f	7e	3f	00	00	00	00	
00	00	00	00	00	10	00	01	00	00	
a2	00	00	00	03	00	80	3f	94	ff	
80	3f	00	00	00	00	d0	f3	01	00	
15	01	cb	00	14	00	1d	00	17	00	
14	00	0f	00	12	00	0c	00	15	00	
14	00	00	00	00	00	00	00	00	00	
f9	03	00	00	00	00	00	00	00	00	
ce	0c	00	00	00	00	00	15	01	1f	
01	31	00	31	01	2e	11	d8	11	9e	
11	9b	11	c4	11	c8	11	ba	bd	04	
00	f5	28	fc	3e	86	eb	d1	bd	7b	
14	2e	be	