08	1a	e1	ef	00	c4	00	1d	c1	9f	
1a	d2	00	00	01	00	06	00	99	c1	
1d	00	0a	d3	41	44	5d	00	00	00	
00	00	00	00	00	00	00	00	00	00	
00	00	00	00	00	00	00	00	00	01	
b8	00	00	01	00	00	ee	00	33	00	
3b	00	09	00	fa	ff	1c	00	fa	01	
12	00	0c	00	12	00	00	00	00	00	
37	3f	47	3f	41	3f	00	00	00	00	
00	00	00	00	00	10	00	01	00	00	
a2	00	00	00	03	00	43	3f	90	ff	
4a	3f	00	00	00	00	5b	39	01	00	
fe	ff	c7	00	14	00	1a	00	1a	00	
14	00	0f	00	12	00	0c	00	15	00	
14	00	00	00	00	00	00	00	00	00	
46	04	00	00	00	00	00	00	00	00	
cc	0c	00	00	00	00	00	09	00	12	
00	0f	00	13	00	0f	01	13	01	15	
01	14	01	06	01	21	01	66	31	04	
00	ad	47	61	be	5c	8f	42	3e	7c	
14	ee	3e	