08	1a	e2	08	00	c4	00	1d	c2	99	
16	d2	00	00	03	00	06	00	93	c2	
1d	00	84	f3	4e	40	69	00	00	00	
00	00	00	00	00	00	00	00	00	00	
00	00	00	00	00	00	00	00	00	01	
b8	00	00	01	00	00	eb	00	33	00	
3b	00	06	00	03	00	1c	00	fa	01	
12	00	0c	00	12	00	00	00	00	00	
37	3f	38	3f	32	3f	00	00	00	00	
00	00	00	00	00	10	00	01	00	00	
a2	00	00	00	03	00	34	3f	95	ff	
3d	3f	00	00	00	00	23	a2	02	00	
fe	ff	c4	00	17	00	1d	00	1a	00	
17	00	0c	00	15	00	0c	00	18	00	
14	00	00	00	00	00	00	00	00	00	
46	04	00	00	00	00	00	00	00	00	
ca	0c	00	00	00	00	00	09	00	12	
00	0f	00	13	00	10	01	13	01	15	
01	14	01	22	01	21	01	2f	4d	04	
00	ad	47	61	bd	eb	51	78	3e	7b	
14	ce	3e	