08	1a	e2	08	00	c4	00	3c	ac	ad	
2d	79	00	00	0a	00	07	00	a7	ac	
3c	00	1a	2e	bc	5e	1d	00	00	00	
00	00	00	00	00	00	00	00	00	00	
00	00	00	00	00	00	00	00	00	01	
bc	00	01	00	00	00	d6	00	36	00	
3b	00	06	00	03	00	1c	00	19	02	
12	00	0c	00	12	00	00	00	00	00	
37	3f	38	3f	41	3f	00	00	00	00	
00	00	00	00	00	10	00	01	00	00	
a3	00	00	00	03	00	43	3f	94	ff	
3e	3f	00	00	00	00	69	a1	02	00	
a9	00	cc	00	14	00	1d	00	17	00	
17	00	0f	00	12	00	0f	00	18	00	
14	00	00	00	00	00	00	00	00	00	
46	04	00	00	00	00	00	00	00	00	
cc	0c	00	00	00	00	00	2f	00	3c	
00	32	00	2e	00	0e	41	0d	41	ec	
41	ba	41	ba	37	94	38	04	5d	0c	
03	0a	d7	a3	3d	0a	d7	a3	bd	86	
eb	d1	3d	