48	59	56	52	49	44	00	00	00	00	
00	00	fe	ff	07	00	53	46	0f	00	
00	00	20	76	04	1a	20	76	04	1a	
ff	8c	00	00	b9	2d	52	01	01	00	
01	01	01	01	33	01	32	01	01	00	
00	00	0f	02	00	00	37	08	00	00	
01	00	03	00	00	00	00	00	00	00	
00	00	00	00	00	00	00	00	09	3f	
02	3f	19	01	1b	01	01	01	01	01	
01	01	01	01	02	00	00	00	8c	44	
2d	00	fe	ff	93	00	09	3f	00	00	
00	00	00	00	0e	00	00	00	01	00	
00	00	0e	00	00	00	88	13	88	13	
88	13	48	0d	48	0d	48	0d	09	00	
10	00	0e	00	0c	00	5c	01	75	01	
bb	01	fe	04	00	00	00	00	00	00	
00	00	00	00	00	00	00	00	00	00	
00	00	00	00	00	00	00	00	00	00	
00	00	00	00	00	00	00	c7	00	00	
00	