08	1a	e1	ea	00	c4	00	3c	ab	81	
2d	6c	00	00	0a	00	07	00	7b	ab	
3c	00	e2	ec	d6	5c	0e	00	00	00	
00	00	00	00	00	00	00	00	00	00	
00	00	00	00	00	00	00	00	00	01	
bc	00	01	00	00	00	c5	00	33	00	
3b	00	06	00	00	00	1f	00	19	02	
12	00	0c	00	12	00	00	00	00	00	
37	3f	47	3f	41	3f	00	00	00	00	
00	00	00	00	00	10	00	01	00	00	
a3	00	00	00	03	00	43	3f	95	ff	
42	3f	00	00	00	00	8c	a2	02	00	
ae	00	cb	00	17	00	1d	00	1a	00	
17	00	0f	00	15	00	0f	00	15	00	
17	00	00	00	00	00	00	00	00	00	
ea	03	00	00	00	00	00	00	00	00	
ca	0c	00	00	00	00	00	31	00	3b	
00	35	00	30	00	0e	41	0c	41	ec	
41	c8	41	ba	38	b0	3b	95	ac	0c	
03	b8	1e	05	3e	52	b8	9e	bd	3d	
0a	17	3e	