08	1a	d3	2d	00	c4	00	1f	ae	0b	
16	db	00	00	0a	00	06	00	05	ae	
1f	00	94	aa	48	46	fc	00	00	00	
00	00	00	00	00	00	00	00	00	00	
00	00	00	00	00	00	00	00	00	01	
b8	00	00	01	00	00	d2	00	33	00	
3b	00	06	00	00	00	19	00	fd	01	
12	00	0c	00	12	00	00	00	00	00	
84	3f	84	3f	7e	3f	00	00	00	00	
00	00	00	00	00	10	00	01	00	00	
a2	00	00	00	03	00	80	3f	95	ff	
84	3f	00	00	00	00	23	a2	02	00	
01	01	c2	00	17	00	1d	00	1a	00	
17	00	0f	00	15	00	0c	00	15	00	
14	00	00	00	00	00	00	00	00	00	
f9	03	00	00	00	00	00	00	00	00	
cc	0c	00	00	00	00	00	16	01	23	
01	3a	00	48	00	0f	16	d6	15	10	
16	df	15	09	15	d3	16	fc	14	04	
00	29	5c	0f	3e	cc	cc	ac	3e	eb	
51	38	3d	