08	1a	ca	27	00	c4	00	28	5e	c5	
16	e5	00	00	0a	00	06	00	bf	5e	
28	00	34	56	51	3c	38	00	00	00	
00	00	00	00	00	00	00	00	00	00	
00	00	00	00	00	00	00	00	00	01	
bb	00	00	01	00	00	eb	00	36	00	
3b	00	06	00	00	00	1c	00	19	02	
12	00	0c	00	12	00	00	00	00	00	
eb	3e	fa	3e	f4	3e	00	00	00	00	
00	00	00	00	00	10	00	01	00	00	
a2	00	00	00	03	00	e7	3e	94	ff	
f5	3e	00	00	00	00	c3	a2	02	00	
fe	ff	cb	00	17	00	1d	00	17	00	
17	00	0f	00	15	00	0f	00	15	00	
14	00	00	00	00	00	00	00	00	00	
46	04	00	00	00	00	00	00	00	00	
cc	0c	00	00	00	00	00	09	00	12	
00	0f	00	14	00	10	00	13	01	f9	
01	06	01	06	01	21	01	3d	23	04	
00	14	ae	07	3e	cc	cc	cc	3c	86	
eb	d1	3e	