08	1a	f5	08	00	c4	00	21	00	99	
16	f0	00	00	0a	00	06	00	93	00	
21	00	1a	a1	44	3c	e9	00	00	00	
00	00	00	00	00	00	00	00	00	00	
00	00	00	00	00	00	00	00	00	01	
b9	00	00	01	00	00	ca	00	36	00	
3b	00	06	00	00	00	19	00	fd	01	
12	00	09	00	03	00	00	00	00	00	
84	3f	84	3f	7e	3f	00	00	00	00	
00	00	00	00	00	10	00	01	00	00	
a2	00	00	00	03	00	80	3f	94	ff	
83	3f	00	00	00	00	62	66	01	00	
07	01	cb	00	14	00	1a	00	17	00	
17	00	0f	00	12	00	0f	00	15	00	
14	00	00	00	00	00	00	00	00	00	
f9	03	00	00	00	00	00	00	00	00	
ca	0c	00	00	00	00	00	28	02	31	
02	08	00	08	00	7c	0f	32	0f	9c	
0f	8d	0f	c5	0f	ae	0f	ca	bb	04	
00	5c	8f	82	3e	a5	70	7d	3e	c2	
f5	a8	be	