08	1a	d5	61	00	c4	00	1f	c4	13	
16	d8	00	00	0a	00	06	00	0d	c4	
1f	00	0c	69	43	46	16	00	00	00	
00	00	00	00	00	00	00	00	00	00	
00	00	00	00	00	00	00	00	00	01	
b8	00	00	01	00	00	d0	00	33	00	
3b	00	06	00	00	00	1c	00	fa	01	
12	00	0c	00	12	00	00	00	00	00	
84	3f	84	3f	7e	3f	00	00	00	00	
00	00	00	00	00	10	00	01	00	00	
a2	00	00	00	03	00	80	3f	95	ff	
81	3f	00	00	00	00	ee	8c	02	00	
0b	01	c1	00	14	00	1a	00	1a	00	
17	00	0f	00	12	00	0f	00	15	00	
14	00	00	00	00	00	00	00	00	00	
f9	03	00	00	00	00	00	00	00	00	
cc	0c	00	00	00	00	00	32	01	3e	
01	3a	00	35	00	c8	15	11	15	4e	
15	47	15	70	15	72	15	8e	89	04	
00	e1	7a	94	3e	c2	f5	28	3e	71	
3d	8a	bd	