08	1a	c0	0a	00	c4	00	3b	58	c1	
2d	5a	00	00	0a	00	07	00	bb	58	
3b	00	fd	dc	d0	54	1e	00	00	00	
00	00	00	00	00	00	00	00	00	00	
00	00	00	00	00	00	00	00	00	01	
bc	00	01	00	00	00	e2	00	36	00	
3e	00	06	00	0f	00	28	00	05	02	
15	00	0c	00	12	00	00	00	00	00	
84	3f	84	3f	7e	3f	00	00	00	00	
00	00	00	00	00	10	00	01	00	00	
a3	00	00	00	03	00	80	3f	94	ff	
86	3f	00	00	00	00	90	0a	02	00	
11	01	d8	00	14	00	1d	00	1a	00	
17	00	0f	00	12	00	0f	00	18	00	
17	00	ab	13	00	00	00	00	00	00	
46	04	00	00	00	00	00	00	00	00	
ca	0c	00	00	01	01	01	d2	00	d6	
00	1f	00	22	00	90	10	50	10	ce	
11	e7	11	03	11	07	10	22	fa	04	
00	33	33	93	be	5c	8f	82	be	e1	
7a	b4	3e	