08	1a	db	84	00	c4	00	2c	ef	35	
18	c0	00	00	0a	00	06	00	2f	ef	
2c	00	26	f0	3d	40	a4	00	00	00	
00	00	00	00	00	00	00	00	00	00	
00	00	00	00	00	00	00	00	00	01	
bb	00	00	01	00	00	0a	01	36	00	
3b	00	06	00	a0	00	1c	00	08	02	
12	00	09	00	15	00	00	00	00	00	
56	3f	47	3f	41	3f	00	00	00	00	
00	00	00	00	00	10	00	01	00	00	
a2	00	00	00	03	00	43	3f	95	ff	
51	3f	00	00	00	00	8f	f5	01	00	
d2	02	66	01	14	00	e2	00	1a	00	
14	00	0c	00	12	00	0f	00	18	00	
17	00	00	00	04	2f	00	00	00	00	
46	04	00	00	00	00	00	00	00	00	
cc	0c	01	00	00	00	00	f7	00	f6	
00	54	00	4f	00	0e	42	0c	41	15	
41	f1	41	e3	3c	be	3c	07	37	04	
00	b8	1e	e5	3e	1f	85	6b	bd	33	
33	b3	be	