08	1a	e2	18	00	c4	00	1d	c3	39	
16	d9	00	00	04	00	06	00	33	c3	
1d	00	c2	d1	44	44	71	00	00	00	
00	00	00	00	00	00	00	00	00	00	
00	00	00	00	00	00	00	00	00	01	
b8	00	00	01	00	00	e9	00	36	00	
3b	00	06	00	03	00	1c	00	f7	01	
12	00	09	00	15	00	00	00	00	00	
28	3f	38	3f	32	3f	00	00	00	00	
00	00	00	00	00	10	00	01	00	00	
a2	00	00	00	03	00	34	3f	95	ff	
36	3f	00	00	00	00	68	a2	02	00	
fd	ff	c3	00	14	00	1d	00	17	00	
17	00	0f	00	15	00	0f	00	15	00	
17	00	00	00	00	00	00	00	00	00	
46	04	00	00	00	00	00	00	00	00	
cc	0c	00	00	00	00	00	09	00	12	
00	0f	00	13	00	0f	01	13	01	07	
01	06	01	06	01	21	01	3d	3f	04	
00	a4	70	bd	3d	47	e1	9a	3e	47	
e1	9a	3e	