08	1a	c3	de	00	c4	00	1f	14	f5	
16	d9	00	00	08	00	06	00	ef	14	
1f	00	fa	39	4f	46	54	00	00	00	
00	00	00	00	00	00	00	00	00	00	
00	00	00	00	00	00	00	00	00	01	
b8	00	00	01	00	00	e2	00	36	00	
3b	00	06	00	03	00	19	00	fa	01	
12	00	09	00	12	00	00	00	00	00	
37	3f	47	3f	41	3f	00	00	00	00	
00	00	00	00	00	10	00	01	00	00	
a2	00	00	00	03	00	43	3f	94	ff	
46	3f	00	00	00	00	6f	ff	01	00	
fd	ff	c3	00	14	00	1d	00	1a	00	
17	00	0c	00	15	00	0c	00	15	00	
14	00	00	00	00	00	00	00	00	00	
46	04	00	00	00	00	00	00	00	00	
cc	0c	00	00	00	00	00	09	00	12	
00	0f	00	13	00	10	01	13	01	07	
01	06	01	06	01	21	01	4b	23	04	
00	3d	0a	57	3d	8f	c2	75	3d	85	
eb	f1	3e	