08	1a	c2	58	00	c4	00	3b	6f	cd	
2d	70	00	00	0a	00	07	00	c7	6f	
3b	00	ab	e6	de	52	45	00	00	00	
00	00	00	00	00	00	00	00	00	00	
00	00	00	00	00	00	00	00	00	01	
bc	00	01	00	00	00	2e	01	36	00	
3e	00	06	00	00	00	15	01	08	02	
15	00	0c	00	12	00	00	00	00	00	
9a	3d	9a	3d	85	3d	00	00	00	00	
00	00	00	00	00	10	00	01	00	00	
a3	00	00	00	03	00	88	3d	94	ff	
ab	3d	00	00	00	00	81	f3	01	00	
a2	01	c7	01	17	00	1a	00	1a	00	
14	00	0c	00	12	00	0f	00	15	00	
14	00	00	00	00	00	00	00	00	00	
56	04	00	00	00	00	00	00	00	00	
cc	0c	00	00	00	00	00	43	00	47	
00	6d	00	5e	00	3c	40	4c	40	30	
40	29	40	37	40	12	40	20	57	7f	
00	eb	51	38	bd	eb	51	38	bd	b8	
1e	05	3d	