08	1a	e1	fb	00	c4	00	3c	ac	2b	
2d	58	00	00	0a	00	07	00	25	ac	
3c	00	76	b9	d2	56	16	00	00	00	
00	00	00	00	00	00	00	00	00	00	
00	00	00	00	00	00	00	00	00	01	
bc	00	01	00	00	00	cf	00	36	00	
3b	00	09	00	00	00	1f	00	1c	02	
15	00	0c	00	12	00	00	00	00	00	
47	3f	47	3f	41	3f	00	00	00	00	
00	00	00	00	00	10	00	01	00	00	
a3	00	00	00	03	00	43	3f	94	ff	
47	3f	00	00	00	00	e2	a1	02	00	
cb	00	cd	00	17	00	1d	00	1a	00	
17	00	0f	00	15	00	0f	00	18	00	
17	00	00	00	00	00	00	00	00	00	
f9	03	00	00	00	00	00	00	00	00	
cc	0c	00	00	00	00	00	37	00	44	
00	3c	00	37	00	0e	41	0c	41	ec	
41	c8	41	e3	37	b0	39	49	aa	0c	
03	cc	cc	cc	3d	c2	f5	a8	bd	b8	
1e	05	3e	