08	1a	f3	64	00	c4	00	1e	70	31	
16	dd	00	00	07	00	06	00	2b	70	
1e	00	38	3e	49	3e	17	00	00	00	
00	00	00	00	00	00	00	00	00	00	
00	00	00	00	00	00	00	00	00	01	
b8	00	00	01	00	00	d4	00	33	00	
3b	00	06	00	09	00	1c	00	fd	01	
12	00	09	00	12	00	00	00	00	00	
84	3f	75	3f	7e	3f	00	00	00	00	
00	00	00	00	00	10	00	01	00	00	
a2	00	00	00	03	00	80	3f	95	ff	
83	3f	00	00	00	00	a7	a2	02	00	
e9	00	c2	00	14	00	1d	00	1a	00	
17	00	0f	00	12	00	0f	00	15	00	
17	00	00	00	00	00	00	00	00	00	
f9	03	00	00	00	00	00	00	00	00	
cc	0c	00	00	00	00	00	0c	01	19	
01	18	00	23	00	a1	17	1c	17	26	
17	0f	17	2b	17	1e	17	39	53	04	
00	66	66	86	3e	cc	cc	4c	3e	1f	
85	eb	be	