08	1a	c3	ff	00	c4	00	1f	16	3f	
16	d9	00	00	08	00	06	00	39	16	
1f	00	8e	9c	3b	42	65	00	00	00	
00	00	00	00	00	00	00	00	00	00	
00	00	00	00	00	00	00	00	00	01	
b8	00	00	01	00	00	df	00	36	00	
38	00	09	00	03	00	19	00	fa	01	
12	00	0c	00	12	00	00	00	00	00	
28	3f	38	3f	32	3f	00	00	00	00	
00	00	00	00	00	10	00	01	00	00	
a2	00	00	00	03	00	34	3f	92	ff	
36	3f	00	00	00	00	25	fe	01	00	
fd	ff	c6	00	14	00	1d	00	1a	00	
17	00	0c	00	12	00	0f	00	15	00	
14	00	00	00	00	00	00	00	00	00	
46	04	00	00	00	00	00	00	00	00	
ce	0c	00	00	00	00	00	09	00	12	
00	0f	00	13	00	0f	00	13	00	f9	
01	f8	01	06	01	21	01	3d	23	04	
00	99	99	19	bd	3d	0a	17	3e	71	
3d	8a	3e	