08	1a	f3	6d	00	c4	00	1e	70	8b	
16	d8	00	00	07	00	06	00	85	70	
1e	00	03	02	42	42	1c	00	00	00	
00	00	00	00	00	00	00	00	00	00	
00	00	00	00	00	00	00	00	00	01	
b8	00	00	01	00	00	d7	00	33	00	
2f	00	06	00	00	00	1f	00	fa	01	
12	00	0c	00	12	00	00	00	00	00	
84	3f	84	3f	7e	3f	00	00	00	00	
00	00	00	00	00	10	00	01	00	00	
a2	00	00	00	03	00	80	3f	95	ff	
84	3f	00	00	00	00	4d	a2	02	00	
fd	00	c2	00	17	00	1d	00	1a	00	
17	00	0f	00	12	00	0f	00	15	00	
17	00	00	00	00	00	00	00	00	00	
f9	03	00	00	00	00	00	00	00	00	
cc	0c	00	00	00	00	00	10	00	1f	
00	96	01	9f	00	ce	17	20	16	33	
17	f4	16	0f	17	f4	17	10	2a	04	
00	29	5c	0f	3e	0a	d7	83	3e	a5	
70	fd	be	