08	1a	c3	da	00	c4	00	1f	14	cd	
16	f0	00	00	08	00	06	00	c7	14	
1f	00	5a	69	52	3c	52	00	00	00	
00	00	00	00	00	00	00	00	00	00	
00	00	00	00	00	00	00	00	00	01	
b8	00	00	01	00	00	e2	00	36	00	
3b	00	06	00	09	00	1c	00	fa	01	
12	00	0c	00	12	00	00	00	00	00	
37	3f	47	3f	41	3f	00	00	00	00	
00	00	00	00	00	10	00	01	00	00	
a2	00	00	00	03	00	43	3f	94	ff	
48	3f	00	00	00	00	97	ff	01	00	
fd	ff	c3	00	14	00	1a	00	17	00	
14	00	0c	00	15	00	0c	00	15	00	
14	00	00	00	00	00	00	00	00	00	
46	04	00	00	00	00	00	00	00	00	
ce	0c	00	00	00	00	00	09	00	12	
00	0f	00	13	00	10	01	13	01	15	
00	06	01	f8	01	13	01	4b	31	04	
00	3d	0a	57	3d	71	3d	8a	3d	eb	
51	f8	3e	