08	1a	f5	01	00	c4	00	21	00	53	
16	d0	00	00	0a	00	06	00	4d	00	
21	00	fb	b1	49	40	e6	00	00	00	
00	00	00	00	00	00	00	00	00	00	
00	00	00	00	00	00	00	00	00	01	
b9	00	00	01	00	00	c9	00	33	00	
3b	00	06	00	fd	ff	19	00	fd	01	
12	00	09	00	12	00	00	00	00	00	
84	3f	84	3f	7e	3f	00	00	00	00	
00	00	00	00	00	10	00	01	00	00	
a2	00	00	00	03	00	80	3f	94	ff	
81	3f	00	00	00	00	bb	66	01	00	
07	01	cb	00	14	00	1d	00	1a	00	
14	00	0c	00	15	00	0c	00	15	00	
17	00	00	00	00	00	00	00	00	00	
f9	03	00	00	00	00	00	00	00	00	
ce	0c	00	00	00	00	00	25	02	2f	
02	20	00	20	00	1b	10	3f	10	6d	
10	6b	10	94	10	7d	10	98	8b	04	
00	85	eb	b1	3e	ad	47	61	3e	5c	
8f	82	be	