08	1a	f3	78	00	c4	00	1e	70	f9	
16	e1	00	00	07	00	06	00	f3	70	
1e	00	49	e6	47	46	21	00	00	00	
00	00	00	00	00	00	00	00	00	00	
00	00	00	00	00	00	00	00	00	01	
b8	00	00	01	00	00	da	00	33	00	
3b	00	09	00	00	00	1c	00	fa	01	
15	00	0c	00	12	00	00	00	00	00	
84	3f	84	3f	7e	3f	00	00	00	00	
00	00	00	00	00	10	00	01	00	00	
a2	00	00	00	03	00	80	3f	94	ff	
85	3f	00	00	00	00	df	a1	02	00	
0c	01	ca	00	14	00	1d	00	17	00	
17	00	0f	00	12	00	0f	00	15	00	
14	00	00	00	00	00	00	00	00	00	
46	04	00	00	00	00	00	00	00	00	
cc	0c	00	00	01	00	01	1e	00	24	
00	23	01	25	00	e0	10	2d	10	a4	
10	be	10	b0	10	b4	10	d0	c3	04	
00	0a	d7	23	bb	a5	70	7d	3e	71	
3d	ea	be	