08	1a	e5	e7	00	c4	00	20	69	4f	
16	d9	00	00	0a	00	06	00	49	69	
20	00	f7	85	46	46	59	00	00	00	
00	00	00	00	00	00	00	00	00	00	
00	00	00	00	00	00	00	00	00	01	
b9	00	00	01	00	00	f2	00	36	00	
3b	00	06	00	03	00	19	00	fa	01	
12	00	09	00	12	00	00	00	00	00	
37	3f	38	3f	41	3f	00	00	00	00	
00	00	00	00	00	10	00	01	00	00	
a2	00	00	00	03	00	43	3f	95	ff	
41	3f	00	00	00	00	c8	fd	01	00	
fe	ff	c4	00	14	00	1a	00	1a	00	
17	00	0c	00	12	00	0f	00	15	00	
14	00	00	00	00	00	00	00	00	00	
46	04	00	00	00	00	00	00	00	00	
ce	0c	00	00	00	00	00	09	00	12	
00	0f	00	14	00	0f	01	13	01	07	
01	06	01	22	01	21	01	2f	31	04	
00	ae	47	a1	be	7b	14	8e	be	8f	
c2	75	3c	