08	1a	d9	59	00	c4	00	2c	d9	87	
16	e9	00	00	0a	00	06	00	81	d9	
2c	00	aa	33	52	3c	8f	00	00	00	
00	00	00	00	00	00	00	00	00	00	
00	00	00	00	00	00	00	00	00	01	
bb	00	00	01	00	00	ce	00	36	00	
3b	00	06	00	a0	00	19	00	0e	02	
12	00	0c	00	12	00	00	00	00	00	
84	3f	75	3f	6f	3f	00	00	00	00	
00	00	00	00	00	10	00	01	00	00	
a2	00	00	00	03	00	71	3f	95	ff	
7b	3f	00	00	00	00	36	0b	02	00	
ba	01	63	01	17	00	e5	00	1a	00	
17	00	0f	00	15	00	0f	00	18	00	
17	00	00	00	04	2f	00	00	00	00	
f9	03	00	00	00	00	00	00	00	00	
cc	0c	01	00	00	00	00	e4	00	e4	
00	0d	00	09	00	0e	42	0c	42	4d	
41	28	41	ba	3f	87	3e	43	47	04	
00	3d	0a	57	be	ad	47	c1	3e	c2	
f5	e8	be	