08	1a	e4	17	00	c4	00	3c	c1	43	
2d	77	00	00	0a	00	07	00	3d	c1	
3c	00	30	65	e0	52	24	00	00	00	
00	00	00	00	00	00	00	00	00	00	
00	00	00	00	00	00	00	00	00	01	
bc	00	01	00	00	00	cb	00	36	00	
38	00	06	00	00	00	1c	00	1c	02	
12	00	06	00	12	00	00	00	00	00	
19	3f	19	3f	22	3f	00	00	00	00	
00	00	00	00	00	10	00	01	00	00	
a3	00	00	00	03	00	24	3f	94	ff	
26	3f	00	00	00	00	c8	8c	02	00	
78	00	cc	00	17	00	1a	00	1a	00	
17	00	0f	00	15	00	0f	00	15	00	
14	00	00	00	00	00	00	00	00	00	
ea	03	00	00	00	00	00	00	00	00	
ca	0c	00	00	00	00	00	1f	00	2a	
00	2d	00	28	00	0e	41	0c	41	98	
41	90	41	9e	3a	79	3a	6a	f8	0c	
03	c2	f5	a8	bd	70	3d	4a	3e	71	
3d	8a	bd	