08	1a	e1	f5	00	c4	00	1d	c1	db	
16	da	00	00	02	00	06	00	d5	c1	
1d	00	db	1c	42	46	60	00	00	00	
00	00	00	00	00	00	00	00	00	00	
00	00	00	00	00	00	00	00	00	01	
b8	00	00	01	00	00	ed	00	36	00	
3b	00	06	00	00	00	1c	00	fa	01	
12	00	09	00	15	00	00	00	00	00	
37	3f	38	3f	41	3f	00	00	00	00	
00	00	00	00	00	10	00	01	00	00	
a2	00	00	00	03	00	43	3f	94	ff	
45	3f	00	00	00	00	e1	a2	02	00	
fe	ff	c3	00	14	00	1a	00	17	00	
14	00	0c	00	12	00	0f	00	15	00	
14	00	00	00	00	00	00	00	00	00	
46	04	00	00	00	00	00	00	00	00	
ce	0c	00	00	00	00	00	09	00	12	
00	0f	00	14	00	0f	01	13	01	23	
01	22	01	22	01	13	01	58	31	04	
00	7b	14	2e	be	14	ae	47	3e	e0	
7a	f4	3e	