08	1a	d2	ac	00	c4	00	3c	13	15	
2d	47	00	00	0a	00	07	00	0f	13	
3c	00	d8	33	df	58	6f	00	00	00	
00	00	00	00	00	00	00	00	00	00	
00	00	00	00	00	00	00	00	00	01	
bc	00	01	00	00	00	e9	00	36	00	
3b	00	09	00	f7	ff	1f	00	0e	02	
15	00	0c	00	12	00	00	00	00	00	
bd	3e	bd	3e	c7	3e	00	00	00	00	
00	00	00	00	00	10	00	01	00	00	
a3	00	00	00	03	00	c9	3e	94	ff	
c6	3e	00	00	00	00	cd	a2	02	00	
fd	ff	cc	00	17	00	1d	00	1a	00	
17	00	0f	00	15	00	0f	00	18	00	
17	00	00	00	00	00	00	00	00	00	
46	04	00	00	00	00	00	00	00	00	
cc	0c	00	00	00	00	00	09	00	12	
00	10	00	14	00	10	01	14	01	07	
01	14	01	06	01	21	01	3d	31	0c	
03	33	33	b3	bd	cc	cc	4c	bc	b8	
1e	05	bd	