08	1a	d5	6c	00	c4	00	1f	c4	81	
16	c9	00	00	0a	00	06	00	7b	c4	
1f	00	4d	a8	3b	40	1b	00	00	00	
00	00	00	00	00	00	00	00	00	00	
00	00	00	00	00	00	00	00	00	01	
b8	00	00	01	00	00	d3	00	33	00	
38	00	09	00	f1	ff	1c	00	fa	01	
12	00	09	00	12	00	00	00	00	00	
65	3f	66	3f	6f	3f	00	00	00	00	
00	00	00	00	00	10	00	01	00	00	
a2	00	00	00	03	00	71	3f	94	ff	
70	3f	00	00	00	00	a0	a2	02	00	
74	00	c2	00	14	00	1a	00	17	00	
17	00	0f	00	15	00	0c	00	15	00	
14	00	00	00	00	00	00	00	00	00	
ea	03	00	00	00	00	00	00	00	00	
cc	0c	00	00	00	00	00	26	00	31	
00	23	00	1c	00	0d	41	0d	41	fa	
41	e3	41	d5	3b	be	35	fa	a7	04	
00	09	d7	63	3e	c2	f5	28	3e	99	
99	19	be	