08	1a	d9	49	00	c4	00	28	f6	19	
16	e1	00	00	0a	00	06	00	13	f6	
28	00	85	a6	36	48	c9	00	00	00	
00	00	00	00	00	00	00	00	00	00	
00	00	00	00	00	00	00	00	00	01	
bb	00	00	01	00	00	cf	00	36	00	
3b	00	09	00	03	00	1c	00	19	02	
12	00	0c	00	12	00	00	00	00	00	
84	3f	84	3f	7e	3f	00	00	00	00	
00	00	00	00	00	10	00	01	00	00	
a2	00	00	00	03	00	80	3f	94	ff	
83	3f	00	00	00	00	5d	0b	02	00	
0e	01	d2	00	17	00	1d	00	1a	00	
17	00	0f	00	15	00	0f	00	15	00	
17	00	00	00	00	00	00	00	00	00	
f9	03	00	00	00	00	00	00	00	00	
ca	0c	00	00	00	00	00	21	01	2a	
01	a6	01	ac	00	53	0f	44	0f	73	
0f	64	0f	9b	0f	85	0f	85	83	04	
00	3d	0a	57	be	8f	c2	75	be	ad	
47	e1	be	