08	1a	d9	50	00	c4	00	2c	d9	2d	
16	da	00	00	0a	00	06	00	27	d9	
2c	00	7b	a3	56	46	8a	00	00	00	
00	00	00	00	00	00	00	00	00	00	
00	00	00	00	00	00	00	00	00	01	
bb	00	00	01	00	00	cc	00	33	00	
3b	00	06	00	00	00	1c	00	0b	02	
12	00	09	00	12	00	00	00	00	00	
65	3f	66	3f	6f	3f	00	00	00	00	
00	00	00	00	00	10	00	01	00	00	
a2	00	00	00	03	00	71	3f	94	ff	
6c	3f	00	00	00	00	90	0b	02	00	
71	00	c5	00	17	00	1d	00	1a	00	
17	00	0f	00	15	00	0f	00	18	00	
17	00	00	00	00	00	00	00	00	00	
f9	03	00	00	00	00	00	00	00	00	
cc	0c	00	00	00	00	00	3e	00	44	
00	0b	00	07	00	0e	42	0c	41	07	
3e	f1	3e	dd	3a	ab	3a	85	89	04	
00	29	5c	8f	3c	14	ae	c7	3e	8f	
c2	f5	be	