08	1a	e1	f9	00	c4	00	3c	ac	17	
2d	7e	00	00	0a	00	07	00	11	ac	
3c	00	58	a4	d3	52	15	00	00	00	
00	00	00	00	00	00	00	00	00	00	
00	00	00	00	00	00	00	00	00	01	
bc	00	01	00	00	00	ce	00	36	00	
3b	00	09	00	03	00	1c	00	08	02	
12	00	09	00	12	00	00	00	00	00	
47	3f	47	3f	41	3f	00	00	00	00	
00	00	00	00	00	10	00	01	00	00	
a3	00	00	00	03	00	43	3f	94	ff	
46	3f	00	00	00	00	f6	a1	02	00	
d7	00	c9	00	14	00	1d	00	1a	00	
17	00	0f	00	15	00	0f	00	18	00	
14	00	00	00	00	00	00	00	00	00	
f9	03	00	00	00	00	00	00	00	00	
cc	0c	00	00	00	00	00	3a	00	47	
00	40	00	3b	00	0e	41	0c	41	ec	
41	d5	41	e3	37	b0	3a	9c	0c	0c	
03	3d	0a	d7	3d	eb	51	b8	bd	5c	
8f	02	3e	