08	1a	d2	d4	00	c4	00	3c	14	a5	
2d	68	00	00	0a	00	07	00	9f	14	
3c	00	c0	14	d4	52	83	00	00	00	
00	00	00	00	00	00	00	00	00	00	
00	00	00	00	00	00	00	00	00	01	
bc	00	01	00	00	00	df	00	36	00	
3b	00	06	00	00	00	1c	00	05	02	
12	00	09	00	12	00	00	00	00	00	
9e	3e	ae	3e	a8	3e	00	00	00	00	
00	00	00	00	00	10	00	01	00	00	
a3	00	00	00	03	00	aa	3e	94	ff	
af	3e	00	00	00	00	3d	a1	02	00	
fd	ff	ca	00	17	00	1d	00	1a	00	
17	00	0f	00	12	00	0f	00	15	00	
17	00	00	00	00	00	00	00	00	00	
46	04	00	00	00	00	00	00	00	00	
cc	0c	00	00	00	00	00	09	00	12	
00	10	00	14	00	10	00	14	01	f9	
00	06	01	f8	01	13	01	2f	23	0c	
03	f5	28	dc	bd	eb	51	38	bd	29	
5c	0f	bd	