08	1a	c7	c7	00	c4	00	28	47	05	
16	e0	00	00	0a	00	06	00	ff	46	
28	00	be	da	51	3c	08	00	00	00	
00	00	00	00	00	00	00	00	00	00	
00	00	00	00	00	00	00	00	00	01	
bb	00	00	01	00	00	e1	00	36	00	
3b	00	06	00	a3	00	1c	00	08	02	
12	00	0c	00	12	00	00	00	00	00	
19	3f	eb	3e	13	3f	00	00	00	00	
00	00	00	00	00	10	00	01	00	00	
a2	00	00	00	03	00	24	3f	95	ff	
23	3f	00	00	00	00	8a	66	01	00	
fd	ff	67	01	17	00	d9	00	17	00	
17	00	0f	00	15	00	0f	00	15	00	
14	00	00	00	04	2f	00	00	00	00	
46	04	00	00	00	00	00	00	00	00	
cc	0c	01	00	00	00	00	09	00	12	
00	0f	00	14	00	10	01	13	00	15	
00	f8	01	eb	01	13	01	21	31	04	
00	52	b8	1e	be	7b	14	2e	3e	f6	
28	9c	3e	