08	1a	c3	e9	00	c4	00	1f	15	63	
16	c8	00	00	08	00	06	00	5d	15	
1f	00	c9	66	58	40	5a	00	00	00	
00	00	00	00	00	00	00	00	00	00	
00	00	00	00	00	00	00	00	00	01	
b8	00	00	01	00	00	e2	00	36	00	
3b	00	09	00	03	00	1c	00	fa	01	
12	00	09	00	12	00	00	00	00	00	
37	3f	38	3f	32	3f	00	00	00	00	
00	00	00	00	00	10	00	01	00	00	
a2	00	00	00	03	00	34	3f	94	ff	
40	3f	00	00	00	00	01	ff	01	00	
fd	ff	c3	00	14	00	1a	00	1a	00	
14	00	0f	00	12	00	0c	00	15	00	
17	00	00	00	00	00	00	00	00	00	
46	04	00	00	00	00	00	00	00	00	
cc	0c	00	00	00	00	00	09	00	12	
00	0f	00	14	00	10	01	13	01	07	
01	06	01	14	01	2f	01	3d	23	04	
00	8f	c2	f5	3b	eb	51	38	3d	86	
eb	d1	3e	