08	1a	d2	d5	00	c4	00	3c	14	af	
2f	5b	00	00	0a	00	07	00	a9	14	
3c	00	21	e9	d3	52	83	00	00	00	
00	00	00	00	00	00	00	00	00	00	
00	00	00	00	00	00	00	00	00	01	
bc	00	01	00	00	00	df	00	36	00	
3b	00	06	00	03	00	1c	00	19	02	
12	00	0c	00	15	00	00	00	00	00	
ae	3e	ae	3e	a8	3e	00	00	00	00	
00	00	00	00	00	10	00	01	00	00	
a3	00	00	00	03	00	aa	3e	94	ff	
ad	3e	00	00	00	00	33	a1	02	00	
fd	ff	ce	00	17	00	1d	00	1a	00	
17	00	0f	00	12	00	0f	00	15	00	
17	00	00	00	00	00	00	00	00	00	
46	04	00	00	00	00	00	00	00	00	
cc	0c	00	00	00	00	00	09	00	12	
00	10	00	14	00	10	00	13	00	f9	
00	f8	01	f8	01	13	01	2f	15	0c	
03	ad	47	e1	bd	eb	51	38	bd	eb	
51	38	bd	