08	1a	ca	2c	00	c4	00	28	5e	f7	
16	d9	00	00	0a	00	06	00	f1	5e	
28	00	e6	f3	40	46	3b	00	00	00	
00	00	00	00	00	00	00	00	00	00	
00	00	00	00	00	00	00	00	00	01	
bb	00	00	01	00	00	ea	00	36	00	
3b	00	06	00	00	00	1c	00	08	02	
12	00	0c	00	12	00	00	00	00	00	
eb	3e	fa	3e	e5	3e	00	00	00	00	
00	00	00	00	00	10	00	01	00	00	
a2	00	00	00	03	00	f7	3e	94	ff	
f3	3e	00	00	00	00	91	a2	02	00	
fe	ff	c7	00	14	00	1d	00	1a	00	
17	00	0f	00	15	00	0f	00	18	00	
14	00	00	00	00	00	00	00	00	00	
46	04	00	00	00	00	00	00	00	00	
cc	0c	00	00	00	00	00	09	00	12	
00	0f	00	14	00	10	00	13	01	f9	
01	06	01	06	01	21	01	3d	23	04	
00	71	3d	0a	3e	cc	cc	cc	bc	51	
b8	de	3e	