08	1a	d9	5f	00	c4	00	2c	d9	c3	
16	d9	00	00	0a	00	06	00	bd	d9	
2c	00	78	1c	50	42	92	00	00	00	
00	00	00	00	00	00	00	00	00	00	
00	00	00	00	00	00	00	00	00	01	
bb	00	00	01	00	00	d0	00	36	00	
3b	00	06	00	9d	00	19	00	17	02	
15	00	0c	00	12	00	00	00	00	00	
84	3f	75	3f	6f	3f	00	00	00	00	
00	00	00	00	00	10	00	01	00	00	
a2	00	00	00	03	00	80	3f	92	ff	
7c	3f	00	00	00	00	fa	0a	02	00	
95	01	65	01	14	00	d9	00	1d	00	
17	00	0f	00	15	00	0f	00	18	00	
17	00	00	00	04	2f	00	00	00	00	
46	04	00	00	00	00	00	00	00	00	
ce	0c	01	00	01	00	01	b5	00	b6	
00	16	00	16	00	cf	19	40	19	35	
19	54	19	38	19	45	19	6f	71	04	
00	ae	47	a1	be	66	66	a6	3e	09	
d7	c3	be	