08	1a	c7	f0	00	c4	00	28	48	9f	
16	db	00	00	0a	00	06	00	9d	48	
28	00	c7	c0	3a	46	1d	00	00	00	
00	00	00	00	00	00	00	00	00	00	
00	00	00	00	00	00	00	00	00	01	
bb	00	00	01	00	00	de	00	36	00	
3b	00	06	00	a0	00	1c	00	17	02	
12	00	0c	00	12	00	00	00	00	00	
fa	3e	fa	3e	f4	3e	00	00	00	00	
00	00	00	00	00	10	00	01	00	00	
a2	00	00	00	03	00	f7	3e	94	ff	
fe	3e	00	00	00	00	f0	64	01	00	
fd	ff	68	01	17	00	d9	00	1a	00	
17	00	0f	00	15	00	0c	00	15	00	
17	00	00	00	04	2f	00	00	00	00	
46	04	00	00	00	00	00	00	00	00	
ca	0c	01	00	00	00	00	09	00	12	
00	0f	00	14	00	10	00	13	01	f9	
00	06	01	f8	01	06	01	2f	15	04	
00	99	99	19	3e	3d	0a	57	3d	5c	
8f	e2	3e	