08	1a	d5	55	00	c4	00	1f	c3	9b	
16	da	00	00	0a	00	06	00	95	c3	
1f	00	07	dc	4e	3c	10	00	00	00	
00	00	00	00	00	00	00	00	00	00	
00	00	00	00	00	00	00	00	00	01	
b8	00	00	01	00	00	ce	00	33	00	
3b	00	06	00	03	00	22	00	fd	01	
12	00	09	00	18	00	00	00	00	00	
84	3f	84	3f	7e	3f	00	00	00	00	
00	00	00	00	00	10	00	01	00	00	
a2	00	00	00	03	00	80	3f	94	ff	
81	3f	00	00	00	00	66	8d	02	00	
23	01	cb	00	14	00	1d	00	17	00	
17	00	0f	00	15	00	0c	00	15	00	
14	00	00	00	00	00	00	00	00	00	
f9	03	00	00	00	00	00	00	00	00	
ce	0c	00	00	00	00	00	52	01	5b	
01	e1	01	e1	00	29	0e	1a	0e	cc	
0e	cc	0e	e7	0e	d1	0e	fb	f9	04	
00	99	99	b9	3e	a4	70	3d	3e	3d	
0a	57	3d	