08	1a	f1	2d	00	c4	00	1e	5a	0b	
18	cd	00	00	05	00	06	00	05	5a	
1e	00	d8	70	47	46	fc	00	00	00	
00	00	00	00	00	00	00	00	00	00	
00	00	00	00	00	00	00	00	00	01	
b8	00	00	01	00	00	d4	00	36	00	
3e	00	06	00	03	00	1c	00	17	02	
15	00	0c	00	15	00	00	00	00	00	
75	3f	84	3f	7e	3f	00	00	00	00	
00	00	00	00	00	10	00	01	00	00	
a2	00	00	00	03	00	80	3f	87	ff	
80	3f	00	00	00	00	b4	a2	02	00	
fb	00	c8	00	14	00	1a	00	17	00	
14	00	0f	00	12	00	0f	00	15	00	
17	00	00	00	00	00	00	00	00	00	
f9	03	00	00	00	00	00	00	00	00	
cc	0c	00	00	00	00	00	9f	00	a3	
00	0f	01	0f	00	a4	17	33	18	f6	
17	08	18	fa	18	08	18	24	32	04	
00	cc	cc	4c	be	00	00	40	3e	48	
e1	ba	3e	