08	1a	f1	28	00	c4	00	1e	59	d9	
16	da	00	00	05	00	06	00	d3	59	
1e	00	e2	de	46	46	f9	00	00	00	
00	00	00	00	00	00	00	00	00	00	
00	00	00	00	00	00	00	00	00	01	
b8	00	00	01	00	00	d3	00	36	00	
3b	00	06	00	00	00	19	00	fa	01	
12	00	0c	00	12	00	00	00	00	00	
84	3f	75	3f	7e	3f	00	00	00	00	
00	00	00	00	00	10	00	01	00	00	
a2	00	00	00	03	00	80	3f	94	ff	
81	3f	00	00	00	00	e6	a2	02	00	
ff	00	c2	00	14	00	1a	00	17	00	
14	00	0f	00	12	00	0c	00	15	00	
14	00	00	00	00	00	00	00	00	00	
f9	03	00	00	00	00	00	00	00	00	
cc	0c	00	00	00	00	00	cc	00	cf	
00	12	01	11	00	3b	18	36	18	8e	
18	a0	18	ae	18	bc	18	c9	ca	04	
00	a5	70	7d	be	c2	f5	28	3e	20	
85	ab	3e	