08	1a	f3	7b	00	c4	00	1e	71	17	
16	e0	00	00	07	00	06	00	11	71	
1e	00	16	a2	43	44	23	00	00	00	
00	00	00	00	00	00	00	00	00	00	
00	00	00	00	00	00	00	00	00	01	
b8	00	00	01	00	00	db	00	33	00	
3b	00	06	00	03	00	1c	00	f7	01	
12	00	09	00	12	00	00	00	00	00	
84	3f	84	3f	7e	3f	00	00	00	00	
00	00	00	00	00	10	00	01	00	00	
a2	00	00	00	03	00	80	3f	94	ff	
84	3f	00	00	00	00	c1	a1	02	00	
09	01	cb	00	14	00	1a	00	1a	00	
14	00	0c	00	15	00	0c	00	15	00	
14	00	00	00	00	00	00	00	00	00	
46	04	00	00	00	00	00	00	00	00	
cc	0c	00	00	01	00	01	85	00	8c	
00	27	01	29	00	93	0f	30	0f	73	
0f	80	0f	72	0f	69	0f	85	83	04	
00	b8	1e	05	bd	46	e1	7a	3e	51	
b8	de	be	