08	1a	d9	61	00	c4	00	2c	d9	d7	
16	d9	00	00	0a	00	06	00	d1	d9	
2c	00	c4	94	48	42	93	00	00	00	
00	00	00	00	00	00	00	00	00	00	
00	00	00	00	00	00	00	00	00	01	
bb	00	00	01	00	00	d0	00	33	00	
3b	00	09	00	9d	00	19	00	05	02	
12	00	09	00	12	00	00	00	00	00	
84	3f	75	3f	7e	3f	00	00	00	00	
00	00	00	00	00	10	00	01	00	00	
a2	00	00	00	03	00	71	3f	94	ff	
7c	3f	00	00	00	00	e6	0a	02	00	
8f	01	62	01	14	00	df	00	1a	00	
14	00	0c	00	15	00	0f	00	18	00	
14	00	00	00	f5	2e	00	00	00	00	
46	04	00	00	00	00	00	00	00	00	
cc	0c	01	00	01	00	01	eb	00	e6	
00	19	00	19	00	ac	17	48	17	5d	
17	8c	17	70	17	70	17	9a	b5	04	
00	20	85	ab	be	99	99	99	3e	3e	
0a	b7	be	