08	1a	f5	35	00	c4	00	21	02	5b	
16	df	00	00	0a	00	06	00	55	02	
21	00	63	92	36	48	00	00	00	00	
00	00	00	00	00	00	00	00	00	00	
00	00	00	00	00	00	00	00	00	01	
b9	00	00	01	00	00	d7	00	36	00	
3b	00	06	00	00	00	1c	00	fd	01	
12	00	09	00	12	00	00	00	00	00	
75	3f	66	3f	6f	3f	00	00	00	00	
00	00	00	00	00	10	00	01	00	00	
a2	00	00	00	03	00	71	3f	94	ff	
70	3f	00	00	00	00	41	a1	02	00	
a0	00	c2	00	14	00	1d	00	1a	00	
17	00	0c	00	15	00	0f	00	15	00	
14	00	00	00	00	00	00	00	00	00	
f9	03	00	00	00	00	00	00	00	00	
ce	0c	00	00	00	00	00	09	00	11	
00	5d	00	58	00	0d	01	0c	13	d7	
41	1e	41	f1	3d	e7	38	8a	be	04	
00	0a	d7	a3	bd	c2	f5	a8	3d	cc	
cc	4c	be	