08	1a	f1	4c	00	c4	00	1e	5b	41	
16	da	00	00	06	00	06	00	3b	5b	
1e	00	f7	fd	40	46	0b	00	00	00	
00	00	00	00	00	00	00	00	00	00	
00	00	00	00	00	00	00	00	00	01	
b8	00	00	01	00	00	da	00	36	00	
3b	00	09	00	00	00	1c	00	f7	01	
12	00	09	00	15	00	00	00	00	00	
84	3f	84	3f	7e	3f	00	00	00	00	
00	00	00	00	00	10	00	01	00	00	
a2	00	00	00	03	00	80	3f	94	ff	
84	3f	00	00	00	00	7e	a1	02	00	
0e	01	c8	00	14	00	1a	00	1a	00	
14	00	0c	00	12	00	0c	00	15	00	
17	00	00	00	00	00	00	00	00	00	
46	04	00	00	00	00	00	00	00	00	
ce	0c	00	00	00	00	00	17	02	21	
02	30	00	2f	00	4a	10	12	0f	0c	
10	ee	0f	0a	10	f3	10	0e	1c	04	
00	0a	d7	23	bc	1f	85	8b	3e	33	
33	93	3e	