08	1a	cf	4b	00	c4	00	1d	07	37	
16	e0	00	00	01	00	06	00	31	07	
1d	00	fc	29	44	44	0b	00	00	00	
00	00	00	00	00	00	00	00	00	00	
00	00	00	00	00	00	00	00	00	01	
b7	00	01	00	00	00	c4	00	33	00	
3b	00	06	00	00	00	1c	00	fa	01	
12	00	09	00	12	00	00	00	00	00	
84	3f	84	3f	7e	3f	00	00	00	00	
00	00	00	00	00	10	00	01	00	00	
a2	00	00	00	03	00	80	3f	95	ff	
80	3f	00	00	00	00	da	f3	01	00	
16	01	c7	00	14	00	1a	00	17	00	
17	00	0c	00	15	00	0c	00	15	00	
14	00	00	00	00	00	00	00	00	00	
f9	03	00	00	00	00	00	00	00	00	
cc	0c	00	00	00	00	00	12	01	1c	
01	1d	00	1e	01	2e	12	dd	12	6e	
12	5c	12	86	12	97	12	60	9b	04	
00	9a	99	f9	3e	8f	c2	f5	bd	33	
33	33	be	