08	1a	c4	0a	00	c4	00	1f	16	ad	
16	da	00	00	08	00	06	00	a7	16	
1f	00	d3	53	3f	3e	6a	00	00	00	
00	00	00	00	00	00	00	00	00	00	
00	00	00	00	00	00	00	00	00	01	
b8	00	00	01	00	00	de	00	36	00	
38	00	06	00	03	00	1c	00	14	02	
12	00	0c	00	12	00	00	00	00	00	
28	3f	28	3f	32	3f	00	00	00	00	
00	00	00	00	00	10	00	01	00	00	
a2	00	00	00	03	00	34	3f	8d	ff	
30	3f	00	00	00	00	b7	fd	01	00	
fd	ff	c9	00	14	00	1a	00	17	00	
17	00	0c	00	15	00	0c	00	15	00	
14	00	00	00	00	00	00	00	00	00	
46	04	00	00	00	00	00	00	00	00	
cc	0c	00	00	00	00	00	09	00	12	
00	0f	00	13	00	10	00	13	00	f9	
01	f8	01	06	01	13	01	2f	23	04	
00	0a	d7	a3	bb	e1	7a	54	3e	3d	
0a	57	3e	