08	1a	f5	22	00	c4	00	21	01	9d	
16	e0	00	00	0a	00	06	00	97	01	
21	00	f8	a3	4d	44	f6	00	00	00	
00	00	00	00	00	00	00	00	00	00	
00	00	00	00	00	00	00	00	00	01	
b9	00	00	01	00	00	d1	00	33	00	
3b	00	06	00	03	00	1c	00	fd	01	
12	00	09	00	12	00	00	00	00	00	
75	3f	75	3f	6f	3f	00	00	00	00	
00	00	00	00	00	10	00	01	00	00	
a2	00	00	00	03	00	71	3f	95	ff	
74	3f	00	00	00	00	ff	a1	02	00	
6c	00	c2	00	17	00	1a	00	1a	00	
17	00	0f	00	12	00	0c	00	15	00	
17	00	00	00	00	00	00	00	00	00	
f9	03	00	00	00	00	00	00	00	00	
cc	0c	00	00	00	00	00	04	00	0f	
00	42	00	3e	00	0d	27	0c	27	d8	
41	cd	41	f1	40	d9	3a	9c	b2	04	
00	0a	d7	a3	bd	c2	f5	28	3e	c2	
f5	a8	be	