08	1a	c2	2e	00	c4	00	3b	6e	29	
2d	56	00	00	0a	00	07	00	23	6e	
3b	00	50	53	cb	5a	30	00	00	00	
00	00	00	00	00	00	00	00	00	00	
00	00	00	00	00	00	00	00	00	01	
bc	00	01	00	00	00	13	01	36	00	
3b	00	06	00	09	00	85	01	08	02	
12	00	09	00	12	00	00	00	00	00	
8a	3d	7c	3d	76	3d	00	00	00	00	
00	00	00	00	00	10	00	01	00	00	
a3	00	00	00	03	00	79	3d	94	ff	
91	3d	00	00	00	00	2f	f5	01	00	
4e	01	42	02	14	00	1d	00	17	00	
14	00	0c	00	15	00	0f	00	15	00	
14	00	ab	13	00	00	00	00	00	00	
56	04	00	00	00	00	00	00	00	00	
cc	0c	00	00	00	00	00	38	00	3d	
00	64	00	56	00	2a	40	34	40	22	
40	0d	40	1b	40	04	40	04	2d	7f	
03	eb	51	b8	bc	cc	cc	4c	bd	0a	
d7	a3	3c	