08	1a	c2	52	00	c4	00	3b	6f	91	
2d	77	00	00	0a	00	07	00	8b	6f	
3b	00	47	99	c3	5e	42	00	00	00	
00	00	00	00	00	00	00	00	00	00	
00	00	00	00	00	00	00	00	00	01	
bc	00	01	00	00	00	2b	01	36	00	
3e	00	06	00	00	00	15	01	2b	02	
15	00	0f	00	12	00	00	00	00	00	
9a	3d	9a	3d	85	3d	00	00	00	00	
00	00	00	00	00	10	00	01	00	00	
a3	00	00	00	03	00	97	3d	94	ff	
aa	3d	00	00	00	00	bd	f3	01	00	
b0	01	c9	01	14	00	1d	00	17	00	
17	00	0f	00	12	00	0f	00	15	00	
14	00	00	00	00	00	00	00	00	00	
46	04	00	00	00	00	00	00	00	00	
ca	0c	00	00	00	00	00	46	00	49	
00	71	00	61	00	3d	40	4d	40	3d	
40	29	40	37	40	20	40	20	57	7f	
03	99	99	19	bd	29	5c	8f	bd	8f	
c2	75	3c	