08	1a	cf	53	00	c4	00	1d	07	87	
16	d9	00	00	01	00	06	00	81	07	
1d	00	2a	24	4f	44	0f	00	00	00	
00	00	00	00	00	00	00	00	00	00	
00	00	00	00	00	00	00	00	00	01	
b7	00	01	00	00	00	c6	00	33	00	
3b	00	06	00	00	00	1c	00	ff	01	
12	00	09	00	12	00	00	00	00	00	
75	3f	84	3f	7e	3f	00	00	00	00	
00	00	00	00	00	10	00	01	00	00	
a2	00	00	00	03	00	80	3f	94	ff	
81	3f	00	00	00	00	8a	f3	01	00	
15	01	cc	00	14	00	1a	00	1a	00	
17	00	0c	00	15	00	0c	00	18	00	
14	00	00	00	00	00	00	00	00	00	
f9	03	00	00	00	00	00	00	00	00	
cc	0c	00	00	00	00	00	25	01	2f	
01	4d	00	48	01	2e	11	96	11	3d	
11	7f	11	8d	11	9f	11	9f	93	04	
00	eb	51	f8	3e	29	5c	0f	bd	33	
33	33	be	