08	1a	ca	29	00	c4	00	28	5e	d9	
16	ca	00	00	0a	00	06	00	d3	5e	
28	00	3d	f9	4f	40	39	00	00	00	
00	00	00	00	00	00	00	00	00	00	
00	00	00	00	00	00	00	00	00	01	
bb	00	00	01	00	00	ea	00	36	00	
3b	00	06	00	00	00	19	00	05	02	
12	00	0c	00	12	00	00	00	00	00	
eb	3e	fa	3e	e5	3e	00	00	00	00	
00	00	00	00	00	10	00	01	00	00	
a2	00	00	00	03	00	e7	3e	95	ff	
f7	3e	00	00	00	00	af	a2	02	00	
fd	ff	c6	00	17	00	1d	00	1a	00	
17	00	0f	00	15	00	0f	00	18	00	
17	00	00	00	00	00	00	00	00	00	
46	04	00	00	00	00	00	00	00	00	
cc	0c	00	00	00	00	00	09	00	12	
00	0f	00	14	00	10	00	13	00	f9	
01	f8	01	06	01	13	01	21	23	04	
00	cd	cc	0c	3e	0a	d7	a3	3b	48	
e1	da	3e	