08	1a	e1	f6	00	c4	00	3c	ab	f9	
2d	70	00	00	0a	00	07	00	f3	ab	
3c	00	8e	3a	df	5a	14	00	00	00	
00	00	00	00	00	00	00	00	00	00	
00	00	00	00	00	00	00	00	00	01	
bc	00	01	00	00	00	cc	00	42	00	
46	00	06	00	00	00	1f	00	e7	04	
1e	00	14	00	1e	00	00	00	00	00	
37	3f	38	3f	32	3f	00	00	00	00	
00	00	00	00	00	10	00	01	00	00	
a3	00	00	00	03	00	34	3f	8d	ff	
3a	3f	00	00	00	00	14	a2	02	00	
e2	00	6b	01	2f	00	38	00	32	00	
32	00	2a	00	30	00	27	00	30	00	
2f	00	00	00	00	00	00	00	00	00	
18	04	00	00	00	00	00	00	00	00	
c2	0c	00	00	00	00	00	3d	00	49	
00	43	00	3e	00	0e	41	0c	41	de	
41	c8	41	d5	37	b0	3a	e1	97	0c	
03	67	66	e6	3d	c2	f5	a8	bd	71	
3d	0a	3e	