08	1a	cf	5f	00	c4	00	1d	07	ff	
16	d6	00	00	01	00	06	00	f9	07	
1d	00	b2	ce	42	44	15	00	00	00	
00	00	00	00	00	00	00	00	00	00	
00	00	00	00	00	00	00	00	00	01	
b7	00	01	00	00	00	ca	00	33	00	
3b	00	09	00	00	00	13	00	fa	01	
12	00	09	00	12	00	00	00	00	00	
84	3f	84	3f	7e	3f	00	00	00	00	
00	00	00	00	00	10	00	01	00	00	
a2	00	00	00	03	00	80	3f	94	ff	
88	3f	00	00	00	00	12	f3	01	00	
2c	01	c1	00	14	00	1a	00	1a	00	
17	00	0f	00	15	00	0f	00	15	00	
14	00	00	00	00	00	00	00	00	00	
f9	03	00	00	00	00	00	00	00	00	
cc	0c	00	00	00	00	00	2f	00	3b	
00	71	00	6b	01	18	24	2b	24	a5	
24	90	24	ab	24	a4	24	db	f1	04	
00	e1	7a	d4	3e	eb	51	b8	3d	5c	
8f	82	be	