08	1a	e2	03	00	c4	00	1d	c2	67	
16	d7	00	00	03	00	06	00	61	c2	
1d	00	f8	c9	51	44	67	00	00	00	
00	00	00	00	00	00	00	00	00	00	
00	00	00	00	00	00	00	00	00	01	
b8	00	00	01	00	00	ec	00	36	00	
3b	00	06	00	00	00	1c	00	fd	01	
12	00	0c	00	12	00	00	00	00	00	
37	3f	38	3f	32	3f	00	00	00	00	
00	00	00	00	00	10	00	01	00	00	
a2	00	00	00	03	00	34	3f	94	ff	
40	3f	00	00	00	00	55	a2	02	00	
fd	ff	c4	00	14	00	1d	00	1a	00	
17	00	0f	00	15	00	0f	00	15	00	
14	00	00	00	00	00	00	00	00	00	
46	04	00	00	00	00	00	00	00	00	
cc	0c	00	00	00	00	00	09	00	12	
00	0f	00	13	00	10	01	13	01	15	
01	30	01	30	01	3d	01	2f	23	04	
00	eb	51	b8	bd	67	66	66	3e	48	
e1	da	3e	