08	1a	db	9b	00	c4	00	2c	f0	1b	
16	eb	00	00	0a	00	06	00	15	f0	
2c	00	af	a9	3d	3c	b0	00	00	00	
00	00	00	00	00	00	00	00	00	00	
00	00	00	00	00	00	00	00	00	01	
bb	00	00	01	00	00	0e	01	36	00	
3b	00	06	00	a0	00	1c	00	08	02	
15	00	09	00	12	00	00	00	00	00	
84	3f	66	3f	5f	3f	00	00	00	00	
00	00	00	00	00	10	00	01	00	00	
a2	00	00	00	03	00	62	3f	92	ff	
71	3f	00	00	00	00	9f	f4	01	00	
a4	03	65	01	14	00	dc	00	1a	00	
17	00	0f	00	15	00	0f	00	15	00	
14	00	00	00	04	2f	00	00	00	00	
46	04	00	00	00	00	00	00	00	00	
cc	0c	01	00	00	00	00	45	01	4f	
01	99	00	96	00	0e	42	0c	41	23	
42	ff	42	52	3f	11	3b	35	21	04	
00	5c	8f	a2	3e	71	3d	8a	3e	34	
33	f3	be	