08	1a	d5	65	00	c4	00	1f	c4	3b	
16	df	00	00	0a	00	06	00	35	c4	
1f	00	7f	ed	4f	3e	18	00	00	00	
00	00	00	00	00	00	00	00	00	00	
00	00	00	00	00	00	00	00	00	01	
b8	00	00	01	00	00	d0	00	33	00	
38	00	06	00	00	00	1c	00	fa	01	
15	00	09	00	12	00	00	00	00	00	
84	3f	84	3f	7e	3f	00	00	00	00	
00	00	00	00	00	10	00	01	00	00	
a2	00	00	00	03	00	80	3f	95	ff	
83	3f	00	00	00	00	e6	a2	02	00	
16	01	c1	00	17	00	1a	00	1a	00	
14	00	0f	00	15	00	0c	00	15	00	
14	00	00	00	00	00	00	00	00	00	
f9	03	00	00	00	00	00	00	00	00	
cc	0c	00	00	00	00	00	2f	00	38	
00	ce	00	cc	00	a4	1f	0f	1f	e0	
1f	dd	1f	eb	20	f4	20	1d	39	04	
00	66	66	86	3e	ae	47	21	3e	a4	
70	bd	bd	