08	1a	c0	0d	00	c4	00	1c	6e	cb	
16	d9	00	00	00	00	06	00	c5	6e	
1c	00	33	29	4f	46	6c	00	00	00	
00	00	00	00	00	00	00	00	00	00	
00	00	00	00	00	00	00	00	00	01	
b7	00	01	00	00	00	e5	00	33	00	
3b	00	06	00	00	00	19	00	f7	01	
12	00	09	00	12	00	00	00	00	00	
37	3f	38	3f	41	3f	00	00	00	00	
00	00	00	00	00	10	00	01	00	00	
a2	00	00	00	03	00	34	3f	94	ff	
42	3f	00	00	00	00	59	8c	02	00	
fd	ff	c3	00	14	00	1a	00	1a	00	
17	00	0c	00	12	00	0f	00	15	00	
14	00	00	00	00	00	00	00	00	00	
46	04	00	00	00	00	00	00	00	00	
ce	0c	00	00	00	00	00	09	00	12	
00	0f	00	13	00	0f	01	13	01	4d	
01	4b	01	14	01	2f	01	3d	31	04	
00	8f	c2	75	3c	a4	70	bd	bd	29	
5c	8f	be	