08	1a	cf	32	00	c4	00	1d	06	3d	
16	d9	00	00	01	00	06	00	37	06	
1d	00	05	45	3d	3e	fe	00	00	00	
00	00	00	00	00	00	00	00	00	00	
00	00	00	00	00	00	00	00	00	01	
b7	00	01	00	00	00	bc	00	33	00	
3b	00	06	00	00	00	1c	00	fa	01	
12	00	f1	ff	12	00	00	00	00	00	
84	3f	84	3f	7e	3f	00	00	00	00	
00	00	00	00	00	10	00	01	00	00	
a2	00	00	00	03	00	80	3f	94	ff	
7c	3f	00	00	00	00	d4	f4	01	00	
1c	01	cb	00	14	00	1a	00	1a	00	
17	00	0c	00	15	00	0f	00	15	00	
14	00	00	00	00	00	00	00	00	00	
f9	03	00	00	00	00	00	00	00	00	
ce	0c	00	00	01	00	01	b3	00	b6	
00	50	00	52	00	d3	10	4f	10	19	
10	18	10	41	10	38	10	53	46	04	
00	33	33	b3	3d	3e	0a	b7	be	5c	
8f	e2	be	