08	1a	f4	fc	00	c4	00	21	00	21	
16	db	00	00	0a	00	06	00	1b	00	
21	00	74	d8	33	48	e3	00	00	00	
00	00	00	00	00	00	00	00	00	00	
00	00	00	00	00	00	00	00	00	01	
b9	00	00	01	00	00	c8	00	36	00	
38	00	06	00	00	00	19	00	fd	01	
12	00	09	00	12	00	00	00	00	00	
84	3f	84	3f	7e	3f	00	00	00	00	
00	00	00	00	00	10	00	01	00	00	
a2	00	00	00	03	00	80	3f	95	ff	
81	3f	00	00	00	00	e4	66	01	00	
09	01	cc	00	11	00	1d	00	1a	00	
17	00	0c	00	15	00	0f	00	15	00	
17	00	00	00	00	00	00	00	00	00	
f9	03	00	00	00	00	00	00	00	00	
cc	0c	00	00	00	00	00	20	01	2a	
01	dc	00	dc	00	22	10	b5	10	b2	
10	b0	10	cb	10	c2	10	c2	c3	04	
00	28	5c	cf	3e	5c	8f	42	3e	14	
ae	47	be	