08	1a	f3	77	00	c4	00	1e	70	ef	
16	d9	00	00	07	00	06	00	e9	70	
1e	00	87	97	3b	42	21	00	00	00	
00	00	00	00	00	00	00	00	00	00	
00	00	00	00	00	00	00	00	00	01	
b8	00	00	01	00	00	da	00	33	00	
3b	00	06	00	00	00	1c	00	fa	01	
12	00	0c	00	12	00	00	00	00	00	
84	3f	84	3f	7e	3f	00	00	00	00	
00	00	00	00	00	10	00	01	00	00	
a2	00	00	00	03	00	80	3f	94	ff	
84	3f	00	00	00	00	e9	a1	02	00	
07	01	cb	00	14	00	1d	00	17	00	
17	00	0c	00	12	00	0f	00	15	00	
14	00	00	00	00	00	00	00	00	00	
46	04	00	00	00	00	00	00	00	00	
cc	0c	00	00	00	00	00	f5	00	fa	
00	21	01	23	00	f2	12	2c	12	37	
12	41	12	33	12	36	12	52	56	04	
00	0a	d7	23	3b	5c	8f	82	3e	85	
eb	f1	be	