08	1a	f7	70	00	c4	00	21	18	a9	
16	d9	00	00	0a	00	06	00	a3	18	
21	00	82	3f	57	46	1d	00	00	00	
00	00	00	00	00	00	00	00	00	00	
00	00	00	00	00	00	00	00	00	01	
b9	00	00	01	00	00	dc	00	36	00	
3b	00	06	00	03	00	22	00	fa	01	
12	00	09	00	12	00	00	00	00	00	
84	3f	84	3f	7e	3f	00	00	00	00	
00	00	00	00	00	10	00	01	00	00	
a2	00	00	00	03	00	80	3f	95	ff	
84	3f	00	00	00	00	fa	8a	02	00	
0e	01	cc	00	17	00	1a	00	17	00	
17	00	0f	00	12	00	0f	00	15	00	
14	00	00	00	00	00	00	00	00	00	
46	04	00	00	00	00	00	00	00	00	
cc	0c	00	00	01	01	01	22	00	2a	
00	20	00	21	01	30	12	ad	12	45	
12	41	12	33	12	36	12	29	71	04	
00	46	e1	fa	3d	cc	cc	cc	bd	8f	
c2	f5	be	