08	1a	d5	5e	00	c4	00	1f	c3	f5	
1a	db	00	00	0a	00	06	00	ef	c3	
1f	00	0e	86	3a	48	14	00	00	00	
00	00	00	00	00	00	00	00	00	00	
00	00	00	00	00	00	00	00	00	01	
b8	00	00	01	00	00	cf	00	33	00	
3b	00	06	00	00	00	19	00	fa	01	
12	00	0c	00	12	00	00	00	00	00	
84	3f	84	3f	7e	3f	00	00	00	00	
00	00	00	00	00	10	00	01	00	00	
a2	00	00	00	03	00	80	3f	94	ff	
83	3f	00	00	00	00	15	8d	02	00	
1b	01	cb	00	14	00	1d	00	17	00	
14	00	0f	00	15	00	0f	00	15	00	
14	00	00	00	00	00	00	00	00	00	
f9	03	00	00	00	00	00	00	00	00	
cc	0c	00	00	00	00	00	3b	01	44	
01	83	00	7f	00	e3	11	16	11	e3	
12	e0	12	41	12	36	12	36	3a	04	
00	ae	47	a1	3e	c2	f5	28	3e	29	
5c	0f	bd	