08	1a	ca	0b	00	c4	00	28	5d	ad	
16	da	00	00	0a	00	06	00	a7	5d	
28	00	0d	34	44	44	2a	00	00	00	
00	00	00	00	00	00	00	00	00	00	
00	00	00	00	00	00	00	00	00	01	
bb	00	00	01	00	00	ec	00	42	00	
49	00	06	00	a3	00	1c	00	e1	04	
21	00	17	00	21	00	00	00	00	00	
dc	3e	cc	3e	d6	3e	00	00	00	00	
00	00	00	00	00	10	00	01	00	00	
a2	00	00	00	03	00	d8	3e	8d	ff	
e1	3e	00	00	00	00	df	4f	01	00	
fe	ff	0b	02	2f	00	f4	00	35	00	
2f	00	27	00	30	00	27	00	30	00	
32	00	00	00	f5	2e	00	00	00	00	
18	04	00	00	00	00	00	00	00	00	
c0	0c	01	00	00	00	00	09	00	12	
00	0f	00	13	00	10	01	13	01	07	
01	14	01	06	01	21	01	3d	31	04	
00	ad	47	e1	bc	33	33	b3	3d	f6	
28	9c	3e	