08	1a	c4	14	00	c4	00	1f	17	11	
16	da	00	00	08	00	06	00	0b	17	
1f	00	57	8f	45	48	6f	00	00	00	
00	00	00	00	00	00	00	00	00	00	
00	00	00	00	00	00	00	00	00	01	
b8	00	00	01	00	00	dc	00	36	00	
3b	00	06	00	00	00	19	00	17	02	
15	00	0c	00	15	00	00	00	00	00	
28	3f	28	3f	22	3f	00	00	00	00	
00	00	00	00	00	10	00	01	00	00	
a2	00	00	00	03	00	34	3f	86	ff	
2b	3f	00	00	00	00	53	fd	01	00	
fd	ff	cb	00	17	00	1d	00	1a	00	
17	00	0f	00	15	00	0f	00	15	00	
14	00	00	00	00	00	00	00	00	00	
46	04	00	00	00	00	00	00	00	00	
ce	0c	00	00	00	00	00	09	00	12	
00	0f	00	13	00	0f	01	13	00	07	
01	f8	00	06	01	f8	01	2f	31	04	
00	1f	85	6b	3d	a5	70	7d	3e	f6	
28	1c	3e	