08	1a	c7	c9	00	c4	00	28	47	19	
18	d7	00	00	0a	00	06	00	13	47	
28	00	25	17	52	3c	09	00	00	00	
00	00	00	00	00	00	00	00	00	00	
00	00	00	00	00	00	00	00	00	01	
bb	00	00	01	00	00	e1	00	36	00	
3b	00	06	00	a0	00	19	00	17	02	
12	00	09	00	12	00	00	00	00	00	
19	3f	19	3f	13	3f	00	00	00	00	
00	00	00	00	00	10	00	01	00	00	
a2	00	00	00	03	00	15	3f	94	ff	
21	3f	00	00	00	00	76	66	01	00	
fd	ff	68	01	17	00	d9	00	1a	00	
17	00	0f	00	15	00	0f	00	18	00	
17	00	00	00	04	2f	00	00	00	00	
46	04	00	00	00	00	00	00	00	00	
cc	0c	01	00	00	00	00	09	00	12	
00	0f	00	14	00	10	00	13	00	f9	
01	f8	01	06	01	13	01	21	15	04	
00	14	ae	07	be	33	33	33	3e	c2	
f5	a8	3e	