08	1a	d2	e3	00	c4	00	3c	15	3b	
2d	67	00	00	0a	00	07	00	35	15	
3c	00	f2	e0	dd	58	8a	00	00	00	
00	00	00	00	00	00	00	00	00	00	
00	00	00	00	00	00	00	00	00	01	
bc	00	01	00	00	00	db	00	36	00	
3b	00	06	00	00	00	1f	00	19	02	
12	00	0c	00	12	00	00	00	00	00	
9e	3e	9e	3e	a8	3e	00	00	00	00	
00	00	00	00	00	10	00	01	00	00	
a3	00	00	00	03	00	aa	3e	95	ff	
a5	3e	00	00	00	00	a7	a0	02	00	
fc	ff	cd	00	17	00	1d	00	1a	00	
17	00	0f	00	15	00	0c	00	18	00	
17	00	00	00	00	00	00	00	00	00	
46	04	00	00	00	00	00	00	00	00	
cc	0c	00	00	00	00	00	09	00	12	
00	10	00	14	00	10	00	14	00	f9	
00	f8	01	eb	01	06	01	2f	15	0c	
03	46	e1	fa	bd	71	3d	8a	bd	eb	
51	38	bd	