08	1a	f3	65	00	c4	00	1e	70	3b	
16	cf	00	00	07	00	06	00	35	70	
1e	00	4a	5e	42	40	18	00	00	00	
00	00	00	00	00	00	00	00	00	00	
00	00	00	00	00	00	00	00	00	01	
b8	00	00	01	00	00	d5	00	36	00	
3b	00	06	00	00	00	19	00	fa	01	
12	00	09	00	15	00	00	00	00	00	
84	3f	84	3f	7e	3f	00	00	00	00	
00	00	00	00	00	10	00	01	00	00	
a2	00	00	00	03	00	80	3f	94	ff	
83	3f	00	00	00	00	9d	a2	02	00	
fb	00	c3	00	14	00	1d	00	1a	00	
17	00	0f	00	12	00	0f	00	15	00	
17	00	00	00	00	00	00	00	00	00	
f9	03	00	00	00	00	00	00	00	00	
cc	0c	00	00	00	00	00	0d	01	1a	
01	1e	00	29	00	cb	16	1c	15	10	
16	fb	16	24	16	25	16	25	30	04	
00	ae	47	81	3e	3d	0a	57	3e	d7	
a3	f0	be	