08	1a	d2	c2	00	c4	00	3c	13	f1	
2d	57	00	00	0a	00	07	00	eb	13	
3c	00	f1	42	df	56	7a	00	00	00	
00	00	00	00	00	00	00	00	00	00	
00	00	00	00	00	00	00	00	00	01	
bc	00	01	00	00	00	e4	00	36	00	
3b	00	06	00	03	00	1c	00	14	02	
12	00	0c	00	12	00	00	00	00	00	
ae	3e	bd	3e	b7	3e	00	00	00	00	
00	00	00	00	00	10	00	01	00	00	
a3	00	00	00	03	00	aa	3e	94	ff	
b7	3e	00	00	00	00	f1	a1	02	00	
fd	ff	cb	00	17	00	1d	00	1a	00	
17	00	0c	00	12	00	0f	00	15	00	
17	00	00	00	00	00	00	00	00	00	
46	04	00	00	00	00	00	00	00	00	
cc	0c	00	00	00	00	00	09	00	13	
00	10	00	14	00	10	00	14	01	f9	
01	06	01	06	01	21	01	3d	23	0c	
03	cc	cc	cc	bd	ad	47	e1	bc	b8	
1e	05	bd	