08	1a	e5	fc	00	c4	00	20	6a	21	
18	e7	00	00	0a	00	06	00	1b	6a	
20	00	54	79	3b	3e	63	00	00	00	
00	00	00	00	00	00	00	00	00	00	
00	00	00	00	00	00	00	00	00	01	
b9	00	00	01	00	00	ee	00	33	00	
3b	00	06	00	03	00	1c	00	fa	01	
12	00	09	00	12	00	00	00	00	00	
37	3f	38	3f	32	3f	00	00	00	00	
00	00	00	00	00	10	00	01	00	00	
a2	00	00	00	03	00	34	3f	94	ff	
37	3f	00	00	00	00	ec	fc	01	00	
fd	ff	c3	00	14	00	1d	00	17	00	
17	00	0c	00	12	00	0c	00	15	00	
14	00	00	00	00	00	00	00	00	00	
46	04	00	00	00	00	00	00	00	00	
cc	0c	00	00	00	00	00	09	00	12	
00	0f	00	13	00	10	00	13	01	f9	
01	06	01	06	01	13	01	3d	31	04	
00	b8	1e	45	be	67	66	66	be	ad	
47	e1	bd	