08	04	d1	50	00	a5	00	3e	15	76	
73	18	00	00	00	00	4d	4f	5a	41	
52	54	00	00	00	00	00	00	00	00	
00	00	00	00	00	00	03	00	02	00	
27	00	00	00	02	00	00	00	4d	4f	
5a	41	52	54	20	4e	6f	6f	70	20	
43	6f	6d	6d	61	6e	64	20	52	65	
63	65	69	76	65	64	00	00	00	00	
00	00	00	00	00	00	00	00	00	00	
00	00	00	00	00	00	00	00	00	00	
00	00	00	00	00	00	00	00	00	00	
00	00	00	00	00	00	00	00	00	00	
00	00	00	00	00	00	00	00	00	00	
00	00	00	00	00	00	00	00	00	00	
00	00	00	00	00	00	00	00	00	00	
00	00	00	00	00	00	00	00	00	00	
00	00	00	00	00	00	00	00	00	00	
00	00	