08	04	d0	86	00	a5	00	2c	ef	94	
17	52	00	00	00	00	55	54	52	58	
00	00	00	00	00	00	00	00	00	00	
00	00	00	00	00	00	06	00	03	00	
27	00	00	00	02	00	00	00	55	54	
52	58	3a	20	43	61	6c	6c	20	53	
65	6e	64	62	63	6e	20	4d	69	64	
20	3d	20	30	78	31	38	35	32	00	
00	00	00	00	00	00	00	00	00	00	
00	00	00	00	00	00	00	00	00	00	
00	00	00	00	00	00	00	00	00	00	
00	00	00	00	00	00	00	00	00	00	
00	00	00	00	00	00	00	00	00	00	
00	00	00	00	00	00	00	00	00	00	
00	00	00	00	00	00	00	00	00	00	
00	00	00	00	00	00	00	00	00	00	
00	00	00	00	00	00	00	00	00	00	
00	00	