08	04	c8	28	00	a5	00	39	6c	91	
a1	0d	00	00	00	00	4d	4f	5a	41	
52	54	00	00	00	00	00	00	00	00	
00	00	00	00	00	00	0c	00	02	00	
27	00	00	00	02	00	00	00	4d	4f	
5a	41	52	54	5f	44	6f	6e	77	6c	
6f	61	64	20	53	74	61	72	74	2e	
00	00	00	00	00	00	00	00	00	00	
00	00	00	00	00	00	00	00	00	00	
00	00	00	00	00	00	00	00	00	00	
00	00	00	00	00	00	00	00	00	00	
00	00	00	00	00	00	00	00	00	00	
00	00	00	00	00	00	00	00	00	00	
00	00	00	00	00	00	00	00	00	00	
00	00	00	00	00	00	00	00	00	00	
00	00	00	00	00	00	00	00	00	00	
00	00	00	00	00	00	00	00	00	00	
00	00	