08	04	ce	76	00	a5	00	3d	ff	af	
d4	23	00	00	00	00	43	46	45	5f	
45	53	00	00	00	00	00	00	00	00	
00	00	00	00	00	00	0c	00	02	00	
27	00	00	00	02	00	00	00	52	65	
6c	6f	61	64	20	41	70	70	6c	69	
63	61	74	69	6f	6e	20	4d	4f	5a	
41	52	54	20	43	6f	6d	70	6c	65	
74	65	64	2c	20	41	70	70	49	44	
3d	31	31	31	34	31	34	30	00	00	
00	00	00	00	00	00	00	00	00	00	
00	00	00	00	00	00	00	00	00	00	
00	00	00	00	00	00	00	00	00	00	
00	00	00	00	00	00	00	00	00	00	
00	00	00	00	00	00	00	00	00	00	
00	00	00	00	00	00	00	00	00	00	
00	00	00	00	00	00	00	00	00	00	
00	00	