08	04	d1	43	00	a5	00	3e	15	0c	
2d	62	00	00	00	00	53	43	00	00	
00	00	00	00	00	00	00	00	00	00	
00	00	00	00	00	00	4c	00	03	00	
27	00	00	00	02	00	00	00	53	74	
61	72	74	20	52	54	53	20	30	30	
33	20	52	65	6a	65	63	74	65	64	
3a	20	52	54	53	20	44	69	73	61	
62	6c	65	64	00	00	00	00	00	00	
00	00	00	00	00	00	00	00	00	00	
00	00	00	00	00	00	00	00	00	00	
00	00	00	00	00	00	00	00	00	00	
00	00	00	00	00	00	00	00	00	00	
00	00	00	00	00	00	00	00	00	00	
00	00	00	00	00	00	00	00	00	00	
00	00	00	00	00	00	00	00	00	00	
00	00	00	00	00	00	00	00	00	00	
00	00	