08	04	d1	37	00	a5	00	3e	14	be	
3f	1e	00	00	00	00	46	4d	00	00	
00	00	00	00	00	00	00	00	00	00	
00	00	00	00	00	00	48	00	02	00	
27	00	00	00	02	00	00	00	44	69	
72	65	63	74	6f	72	79	20	4c	69	
73	74	20	74	6f	20	50	61	63	6b	
65	74	20	63	6f	6d	6d	61	6e	64	
3a	20	6f	66	66	73	65	74	20	3d	
20	30	2c	20	64	69	72	20	3d	20	
2f	63	66	2f	73	64	63	61	72	64	
2f	00	00	00	00	00	00	00	00	00	
00	00	00	00	00	00	00	00	00	00	
00	00	00	00	00	00	00	00	00	00	
00	00	00	00	00	00	00	00	00	00	
00	00	00	00	00	00	00	00	00	00	
00	00	00	00	00	00	00	00	00	00	
00	00	