08	04	f2	2e	00	a5	00	38	c7	c0	
f4	f3	00	00	00	00	54	4f	5f	4c	
41	42	5f	41	50	50	00	00	00	00	
00	00	00	00	00	00	0f	00	02	00	
27	00	00	00	02	00	00	00	4c	36	
36	20	54	4f	20	41	64	64	50	6b	
74	20	30	78	38	30	34	2c	20	51	
6f	53	20	30	2e	30	2c	20	6c	69	
6d	69	74	20	34	00	00	00	00	00	
00	00	00	00	00	00	00	00	00	00	
00	00	00	00	00	00	00	00	00	00	
00	00	00	00	00	00	00	00	00	00	
00	00	00	00	00	00	00	00	00	00	
00	00	00	00	00	00	00	00	00	00	
00	00	00	00	00	00	00	00	00	00	
00	00	00	00	00	00	00	00	00	00	
00	00	00	00	00	00	00	00	00	00	
00	00	