08	04	ce	77	00	a5	00	3d	ff	af	
e3	05	00	00	00	00	4d	4f	5a	41	
52	54	00	00	00	00	00	00	00	00	
00	00	00	00	00	00	01	00	02	00	
27	00	00	00	02	00	00	00	4d	4f	
5a	41	52	54	5f	49	6e	69	74	3a	
20	4d	4f	5a	41	52	54	20	49	6e	
69	74	69	61	6c	69	7a	65	64	00	
00	00	00	00	00	00	00	00	00	00	
00	00	00	00	00	00	00	00	00	00	
00	00	00	00	00	00	00	00	00	00	
00	00	00	00	00	00	00	00	00	00	
00	00	00	00	00	00	00	00	00	00	
00	00	00	00	00	00	00	00	00	00	
00	00	00	00	00	00	00	00	00	00	
00	00	00	00	00	00	00	00	00	00	
00	00	00	00	00	00	00	00	00	00	
00	00	