08 25 c0 00 02 15 00 29 9a 23 a8 4c 00 00 00 00 
75 18 14 05 00 00 00 00 bc 00 36 00 3b 00 10 00 
03 00 06 00 03 00 f8 ff fb ff 1c 00 08 02 12 00 
09 00 12 00 00 00 00 00 00 00 00 00 37 3f 47 3f 
04 01 13 01 41 3f 00 00 00 00 00 00 00 00 01 01 
00 00 01 01 00 00 01 01 01 00 00 00 00 00 eb 00 
e9 00 00 01 00 00 a2 00 00 00 a5 43 0d 00 01 00 
03 00 01 00 00 00 00 00 00 00 00 00 00 00 00 00 
00 00 00 00 00 00 00 00 00 00 00 00 00 00 43 3f 
94 ff 38 ff 46 3f 00 00 00 00 07 02 02 01 04 06 
00 00 01 01 01 01 01 01 00 00 00 00 00 00 05 00 
00 00 00 00 00 00 01 00 00 00 00 00 00 00 29 00 
00 00 31 ff 01 00 00 00 00 00 28 01 00 00 05 05 

