08 25 c0 00 02 15 00 28 df 34 86 3e 00 00 00 00 
75 18 14 05 00 00 00 00 bc 00 33 00 3e 00 10 00 
fa ff 09 00 00 00 f8 ff f8 ff 1c 00 1c 02 12 00 
0c 00 12 00 00 00 00 00 00 00 00 00 84 3f 84 3f 
04 01 13 01 7e 3f 00 00 00 00 00 00 00 00 01 01 
00 00 01 01 00 00 01 01 01 00 00 00 00 00 ca 00 
c8 00 00 01 00 00 a2 00 00 00 9f 88 0c 00 01 00 
03 00 01 00 00 00 00 00 00 00 00 00 00 00 00 00 
00 00 00 00 00 00 00 00 00 00 00 00 00 00 80 3f 
95 ff 4b 00 81 3f 00 00 00 00 07 02 02 01 04 06 
00 00 01 01 01 01 01 01 00 00 00 00 00 00 05 00 
00 00 00 00 00 00 01 00 00 00 00 00 00 00 29 00 
00 00 3f 22 02 00 00 00 00 00 28 01 00 00 05 05 

