08 25 c0 00 02 15 00 2b 85 37 3a 4a 00 00 00 00 
75 18 14 05 00 00 00 00 bc 00 33 00 3b 00 10 00 
03 00 09 00 03 00 f8 ff fb ff 19 00 08 02 12 00 
09 00 12 00 00 00 00 00 00 00 00 00 84 3f 84 3f 
04 01 13 01 7e 3f 00 00 00 00 00 00 00 00 01 01 
00 00 01 01 00 00 01 01 01 00 00 00 00 00 cf 00 
ce 00 00 01 00 00 a2 00 00 00 f6 2e 0f 00 01 00 
03 00 01 00 00 00 00 00 00 00 00 00 00 00 00 00 
00 00 00 00 00 00 00 00 00 00 00 00 00 00 71 3f 
94 ff 3c 00 7f 3f 00 00 00 00 07 02 02 01 04 06 
00 00 01 01 01 01 01 01 00 00 00 00 00 00 05 00 
00 00 00 00 00 00 01 00 00 00 00 00 00 00 29 00 
00 00 a9 0b 02 00 00 00 00 00 28 01 00 00 05 05 

