08 04 d0 47 00 a5 00 2c ef 64 00 65 00 00 00 00 
50 41 59 00 00 00 00 00 00 00 00 00 00 00 00 00 
00 00 00 00 03 00 02 00 27 00 00 00 02 00 00 00 
54 4d 20 52 45 41 44 20 20 61 64 64 72 3d 30 78 
31 36 30 43 20 74 78 3d 31 36 20 30 43 20 30 30 
20 30 30 20 30 30 20 30 30 20 72 78 3d 30 36 20 
30 43 20 30 30 20 30 30 20 30 30 20 30 30 00 00 
00 00 00 00 00 00 00 00 00 00 00 00 00 00 00 00 
00 00 00 00 00 00 00 00 00 00 00 00 00 00 00 00 
00 00 00 00 00 00 00 00 00 00 00 00 00 00 00 00 
00 00 00 00 00 00 00 00 00 00 00 00 
