08 25 c0 00 02 15 00 2b 9c 80 2a 3f 00 00 00 00 
75 18 14 05 00 00 00 00 bc 00 33 00 3b 00 13 00 
03 00 09 00 03 00 fb ff fb ff 1c 00 19 02 0f 00 
0c 00 12 00 00 00 00 00 00 00 00 00 84 3f 84 3f 
13 01 13 01 7e 3f 00 00 00 00 00 00 00 00 01 01 
00 00 01 01 00 00 01 01 01 00 00 00 00 00 e1 00 
de 00 00 01 00 00 a2 00 00 00 42 46 0f 00 01 00 
03 00 01 00 00 00 00 00 00 00 00 00 00 00 00 00 
00 00 00 00 00 00 00 00 00 00 00 00 00 00 80 3f 
94 ff 45 00 84 3f 00 00 00 00 07 02 02 01 04 06 
00 00 01 01 01 01 01 01 00 00 00 00 00 00 05 00 
00 00 00 00 00 00 01 00 00 00 00 00 00 00 29 00 
00 00 dd 8c 02 00 00 00 00 00 2c 01 00 00 05 05 

