08 25 c0 00 02 15 00 2b 86 48 bc 4a 00 00 00 00 
75 18 1a 05 00 00 00 00 7c 00 08 00 12 00 35 00 
30 00 0e 00 0c 00 c2 41 9e 41 e3 41 cc 41 28 36 
f4 3d 9d 3f cb 0c dc 00 dc 00 dd 00 01 00 75 46 
0a 46 75 46 d4 45 0a 46 3f 46 86 00 2e 01 7d 03 
28 03 c2 00 be 00 01 01 01 00 9f 02 9b 02 9f 02 
99 02 9b 02 9d 02 00 00 00 00 01 00 00 00 8b 00 
00 00 01 30 0f 00 01 00 16 00 31 00 00 00 07 01 
01 03 03 03 04 00 01 01 01 01 01 01 01 00 05 00 
00 00 97 0a 02 00 00 00 00 00 00 00 00 00 00 00 
00 00 00 00 00 00 00 00 00 00 00 00 00 00 00 00 
00 00 00 00 00 00 00 00 00 00 00 00 00 00 00 00 
00 00 00 00 00 00 00 00 00 00 00 00 00 00 00 00 

