08 25 c0 00 02 15 00 29 9a 36 08 49 00 00 00 00 
75 18 1a 05 00 00 00 00 7c 00 09 00 12 00 0f 00 
14 00 10 00 13 00 07 01 06 01 14 01 2f 01 4b 01 
31 01 5e 3f cb 0c e6 00 e6 00 e8 00 01 00 3f 46 
68 45 3f 46 ab 46 75 46 75 46 02 00 04 00 04 00 
06 00 05 00 05 00 01 01 01 00 9d 02 9b 02 9d 02 
9b 02 9f 02 9d 02 00 00 00 00 01 00 00 00 8b 00 
00 00 b1 43 0d 00 01 00 16 00 31 00 00 00 07 01 
01 03 03 03 04 00 01 01 01 01 01 01 01 00 05 00 
00 00 20 ff 01 00 00 00 00 00 00 00 00 00 00 00 
00 00 00 00 00 00 00 00 00 00 00 00 00 00 00 00 
00 00 00 00 00 00 00 00 00 00 00 00 00 00 00 00 
00 00 00 00 00 00 00 00 00 00 00 00 00 00 00 00 

