08 25 c0 00 02 15 00 2b 86 e7 c4 4c 00 00 00 00 
75 18 14 05 00 00 00 00 bc 00 36 00 3b 00 10 00 
00 00 09 00 00 00 fb ff fb ff 1c 00 0e 02 12 00 
09 00 12 00 00 00 00 00 00 00 00 00 93 3f 84 3f 
04 01 13 01 7e 3f 00 00 00 00 00 00 00 00 01 01 
00 00 01 01 00 00 01 01 01 00 00 00 00 00 d7 00 
d6 00 00 01 00 00 a2 00 00 00 a7 30 0f 00 01 00 
03 00 01 00 00 00 00 00 00 00 00 00 00 00 00 00 
00 00 00 00 00 00 00 00 00 00 00 00 00 00 80 3f 
92 ff dc 00 8b 3f 00 00 00 00 07 02 02 01 04 06 
00 00 01 01 01 01 01 01 00 00 00 00 00 00 05 00 
00 00 00 00 00 00 01 00 00 00 00 00 00 00 29 00 
00 00 78 a2 02 00 00 00 00 00 2a 01 00 00 05 05 

