08 25 c0 00 02 15 00 2c 41 df f6 44 00 00 00 00 
75 18 14 05 00 00 00 00 bc 00 36 00 38 00 10 00 
03 00 06 00 03 00 f8 ff fb ff 19 00 05 02 12 00 
0c 00 12 00 00 00 00 00 00 00 00 00 28 3f 38 3f 
13 01 13 01 32 3f 00 00 00 00 00 00 00 00 01 01 
00 00 01 01 00 00 01 01 01 00 00 00 00 00 c5 00 
c3 00 00 01 00 00 a2 00 00 00 b6 eb 0f 00 01 00 
03 00 01 00 00 00 00 00 00 00 00 00 00 00 00 00 
00 00 00 00 00 00 00 00 00 00 00 00 00 00 34 3f 
94 ff 37 ff 31 3f 00 00 00 00 07 02 02 01 04 06 
00 00 01 01 01 01 01 01 00 00 00 00 00 00 05 00 
00 00 00 00 00 00 01 00 00 00 00 00 00 00 29 00 
00 00 eb a2 02 00 00 00 00 00 2b 01 00 00 05 05 

