08 25 c0 00 02 15 00 29 9a eb f2 3d 00 00 00 00 
75 18 14 05 00 00 00 00 bc 00 36 00 3b 00 13 00 
03 00 06 00 00 00 f8 ff fb ff 19 00 11 02 12 00 
09 00 15 00 00 00 00 00 00 00 00 00 37 3f 38 3f 
04 01 13 01 32 3f 00 00 00 00 00 00 00 00 01 01 
00 00 01 01 00 00 01 01 01 00 00 00 00 00 e3 00 
e3 00 00 01 00 00 a2 00 00 00 6d 44 0d 00 01 00 
03 00 01 00 00 00 00 00 00 00 00 00 00 00 00 00 
00 00 00 00 00 00 00 00 00 00 00 00 00 00 34 3f 
94 ff 35 ff 3a 3f 00 00 00 00 07 02 02 01 04 06 
00 00 01 01 01 01 01 01 00 00 00 00 00 00 05 00 
00 00 00 00 00 00 01 00 00 00 00 00 00 00 29 00 
00 00 77 a2 02 00 00 00 00 00 28 01 00 00 05 05 

