08 25 c0 00 02 15 00 2b 9c fd 64 3d 00 00 00 00 
75 18 1a 05 00 00 00 00 7c 00 0d 00 19 00 6e 01 
71 01 8c 00 17 00 1e 16 16 16 4e 16 4f 16 41 16 
3e 16 9d 3f c7 0c f2 00 f0 00 f3 00 01 00 5d 16 
42 16 42 16 42 16 42 16 5d 16 49 00 8d 00 29 08 
3b 08 1d 03 82 00 01 01 01 00 d4 00 d4 00 d4 00 
d2 00 d4 00 d4 00 00 00 00 00 01 00 00 00 8b 00 
00 00 b8 46 0f 00 01 00 16 00 31 00 00 00 07 01 
01 03 03 03 04 00 01 01 01 01 01 01 01 00 05 00 
00 00 cd a2 02 00 00 00 00 00 00 00 00 00 00 00 
00 00 00 00 00 00 00 00 00 00 00 00 00 00 00 00 
00 00 00 00 00 00 00 00 00 00 00 00 00 00 00 00 
00 00 00 00 00 00 00 00 00 00 00 00 00 00 00 00 

