08 25 c0 00 02 15 00 2c 42 98 16 4c 00 00 00 00 
75 18 14 05 00 00 00 00 bc 00 36 00 3b 00 10 00 
00 00 06 00 00 00 f8 ff fb ff 1c 00 05 02 12 00 
0c 00 12 00 00 00 00 00 00 00 00 00 19 3f 28 3f 
13 01 13 01 22 3f 00 00 00 00 00 00 00 00 01 01 
00 00 01 01 00 00 01 01 01 00 00 00 00 00 be 00 
bd 00 00 01 00 00 a2 00 00 00 6e ec 0f 00 01 00 
03 00 01 00 00 00 00 00 00 00 00 00 00 00 00 00 
00 00 00 00 00 00 00 00 00 00 00 00 00 00 24 3f 
95 ff 38 ff 27 3f 00 00 00 00 07 02 02 01 04 06 
00 00 01 01 01 01 01 01 00 00 00 00 00 00 05 00 
00 00 00 00 00 00 01 00 00 00 00 00 00 00 29 00 
00 00 33 a2 02 00 00 00 00 00 2c 01 00 00 05 05 

