08 04 fc 52 00 a5 00 2c da d1 16 ad 00 00 00 00 
53 43 00 00 00 00 00 00 00 00 00 00 00 00 00 00 
00 00 00 00 56 00 02 00 27 00 00 00 02 00 00 00 
52 54 53 20 30 30 33 20 45 78 65 63 75 74 69 6f 
6e 20 43 6f 6d 70 6c 65 74 65 64 00 00 00 00 00 
00 00 00 00 00 00 00 00 00 00 00 00 00 00 00 00 
00 00 00 00 00 00 00 00 00 00 00 00 00 00 00 00 
00 00 00 00 00 00 00 00 00 00 00 00 00 00 00 00 
00 00 00 00 00 00 00 00 00 00 00 00 00 00 00 00 
00 00 00 00 00 00 00 00 00 00 00 00 00 00 00 00 
00 00 00 00 00 00 00 00 00 00 00 00 
