08 25 c0 00 02 15 00 2e 2c 75 d6 44 00 00 00 00 
75 18 14 05 00 00 00 00 bc 00 36 00 3b 00 13 00 
00 00 06 00 03 00 f8 ff fb ff 1c 00 0b 02 15 00 
0c 00 12 00 00 00 00 00 00 00 00 00 84 3f 84 3f 
13 01 13 01 7e 3f 00 00 00 00 00 00 00 00 01 01 
00 00 01 01 00 00 01 01 01 00 00 00 00 00 d7 00 
d6 00 00 01 00 00 a2 00 00 00 89 d6 11 00 01 00 
03 00 01 00 00 00 00 00 00 00 00 00 00 00 00 00 
00 00 00 00 00 00 00 00 00 00 00 00 00 00 80 3f 
94 ff 43 00 83 3f 00 00 00 00 07 02 02 01 04 06 
00 00 01 01 01 01 01 01 00 00 00 00 00 00 05 00 
00 00 00 00 00 00 01 00 00 00 00 00 00 00 29 00 
00 00 af 0a 02 00 00 00 00 00 2b 01 00 00 05 05 

