===== REPORT RAW CHUNK DUMP (208 bytes) =====
08 25 c0 00 02 15 00 3c aa f3 78 cb 00 00 00 00 
75 18 14 05 00 00 00 00 bc 00 36 00 3b 00 10 00 
00 00 06 00 00 00 f8 ff f8 ff 1c 00 19 02 12 00 
09 00 12 00 00 00 00 00 00 00 00 00 47 3f 47 3f 
13 01 13 01 41 3f 00 00 00 00 00 00 00 00 01 01 
00 00 01 01 00 00 01 01 01 00 00 00 00 00 b6 00 
b5 00 00 01 00 00 a3 00 00 00 fb 24 09 00 01 03 
03 00 01 00 00 00 00 00 00 00 00 00 00 00 00 00 
00 00 00 00 00 00 00 00 00 00 00 00 00 00 43 3f 
94 ff f8 ff 47 3f 00 00 00 00 07 02 02 01 04 06 
00 00 01 01 01 01 01 01 00 00 00 00 00 00 05 00 
00 00 00 00 00 00 02 00 00 00 00 00 00 00 29 00 
00 00 d7 0a 02 00 00 00 00 00 2b 01 00 00 05 05 
===========================================
