08 25 c0 00 02 15 00 2f 80 c0 3c 4d 00 00 00 00 
75 18 14 05 00 00 00 00 bc 00 33 00 3b 00 13 00 
fd ff 06 00 03 00 f8 ff f8 ff 1c 00 17 02 15 00 
09 00 15 00 00 00 00 00 00 00 00 00 84 3f 84 3f 
04 01 13 01 7e 3f 00 00 00 00 00 00 00 00 01 01 
00 00 01 01 00 00 01 01 01 00 00 00 00 00 d4 00 
d2 00 00 01 00 00 a2 00 00 00 fe 2a 13 00 01 00 
03 00 01 00 00 00 00 00 00 00 00 00 00 00 00 00 
00 00 00 00 00 00 00 00 00 00 00 00 00 00 80 3f 
94 ff 31 00 80 3f 00 00 00 00 07 02 02 01 04 06 
00 00 01 01 01 01 01 01 00 00 00 00 00 00 05 00 
00 00 00 00 00 00 01 00 00 00 00 00 00 00 29 00 
00 00 f3 a1 02 00 00 00 00 00 2b 01 00 00 05 05 

