===== REPORT RAW CHUNK DUMP (208 bytes) =====
08 25 c0 00 02 15 00 3c c1 e1 56 d7 00 00 00 00 
75 18 1a 05 00 00 00 00 7c 00 47 00 52 00 55 00 
52 00 0e 00 0c 00 de 41 d5 41 c8 41 b0 41 6a 3a 
b2 3a 5e 3f cb 0c d4 00 d5 00 d5 00 01 00 fc 46 
78 42 90 46 8f 48 75 46 0a 46 ad 04 65 05 97 05 
62 05 d1 00 b4 00 01 01 01 00 a4 02 79 02 a4 02 
b3 02 9f 02 9b 02 78 2f 7b b5 01 00 00 00 8d 00 
00 00 d4 00 02 00 01 00 16 00 31 00 00 00 07 01 
01 03 03 03 04 00 01 01 01 01 01 01 01 00 05 00 
00 00 25 8c 02 00 00 00 00 00 00 00 00 00 00 00 
00 00 00 00 00 00 00 00 00 00 00 00 00 00 00 00 
00 00 00 00 00 00 00 00 00 00 00 00 00 00 00 00 
00 00 00 00 00 00 00 00 00 00 00 00 00 00 00 00 
===========================================
