08 25 c0 00 02 15 00 37 73 ac cc ca 00 00 00 00 
75 18 14 05 00 00 00 00 bc 00 30 00 3b 00 10 00 
03 00 06 00 00 00 f8 ff f8 ff 1c 00 fa 01 12 00 
09 00 12 00 00 00 00 00 00 00 00 00 84 3f 84 3f 
13 01 13 01 7e 3f 00 00 00 00 00 00 00 00 01 01 
00 00 01 01 00 00 01 01 01 00 00 00 00 00 d9 00 
d9 00 00 01 00 00 a3 00 00 00 0d ed 03 00 01 03 
03 00 01 00 00 00 00 00 00 00 00 00 00 00 00 00 
00 00 00 00 00 00 00 00 00 00 00 00 00 00 80 3f 
94 ff 3f 00 85 3f 00 00 00 00 07 02 02 01 04 06 
00 00 01 01 01 01 01 01 00 00 00 00 00 00 05 00 
00 00 00 00 00 00 02 00 00 00 00 00 00 00 29 00 
00 00 6e 4f 01 00 00 00 00 00 2a 01 00 00 05 05 

