08 25 c0 00 02 15 00 39 6c 31 64 dc 00 00 00 00 
75 18 14 05 00 00 00 00 bc 00 36 00 3b 00 10 00 
03 00 09 00 00 00 f8 ff f8 ff 19 00 1c 02 12 00 
0c 00 12 00 00 00 00 00 00 00 00 00 37 3f 38 3f 
13 01 13 01 41 3f 00 00 00 00 00 00 00 00 01 01 
00 00 01 01 00 00 01 01 01 00 00 00 00 00 d4 00 
d4 00 00 01 00 00 a3 00 00 00 d1 e5 05 00 01 03 
03 00 01 00 00 00 00 00 00 00 00 00 00 00 00 00 
00 00 00 00 00 00 00 00 00 00 00 00 00 00 43 3f 
94 ff 33 ff 41 3f 00 00 00 00 07 02 02 01 04 06 
00 00 01 01 01 01 01 01 00 00 00 00 00 00 05 00 
00 00 00 00 00 00 02 00 00 00 00 00 00 00 29 00 
00 00 35 fe 01 00 00 00 00 00 29 01 00 00 05 05 

