08	25	c0	00	02	15	00	2c	41	5e	
1e	3c	00	00	00	00	75	18	14	05	
00	00	00	00	bc	00	36	00	3b	00	
10	00	03	00	06	00	03	00	f8	ff	
fb	ff	1c	00	05	02	12	00	0c	00	
12	00	00	00	00	00	00	00	00	00	
37	3f	38	3f	13	01	13	01	32	3f	
00	00	00	00	00	00	00	00	01	01	
00	00	01	01	00	00	01	01	01	00	
00	00	00	00	c8	00	c7	00	00	01	
00	00	a2	00	00	00	34	eb	0f	00	
01	00	03	00	01	00	00	00	00	00	
00	00	00	00	00	00	00	00	00	00	
00	00	00	00	00	00	00	00	00	00	
00	00	34	3f	94	ff	37	ff	37	3f	
00	00	00	00	07	02	02	01	04	06	
00	00	01	01	01	01	01	01	00	00	
00	00	00	00	05	00	00	00	00	00	
00	00	01	00	00	00	00	00	00	00	
29	00	00	00	58	fe	01	00	00	00	
00	00	2b	01	00	00	05	05	