===== REPORT RAW CHUNK DUMP (208 bytes) =====
08 25 c0 00 02 15 00 3c 15 18 72 d2 00 00 00 00 
65 18 4a 00 00 00 00 00 40 00 b8 b3 c8 99 f2 c4 
d8 40 a5 4e 40 13 61 6f 58 40 e9 26 31 08 ac 2a 
72 40 24 81 61 54 ad e0 52 3f 68 91 ed 7c 3f b7 
67 40 19 73 d7 12 f2 4b 65 40 ef 94 27 73 a0 d5 
2d 40 00 00 00 00 00 00 00 00 00 00 00 00 00 00 
00 00 00 00 00 00 00 00 00 00 00 00 00 00 00 00 
00 00 00 00 00 00 00 00 00 00 00 00 00 00 00 00 
00 00 00 00 00 00 00 00 00 00 00 00 00 00 00 00 
00 00 00 00 00 00 00 00 00 00 00 00 00 00 00 00 
00 00 00 00 00 00 00 00 00 00 00 00 00 00 00 00 
00 00 00 00 00 00 00 00 00 00 00 00 00 00 00 00 
00 00 00 00 00 00 00 00 00 00 00 00 00 00 00 00 
===========================================
