08 25 c0 00 02 15 00 36 22 53 58 c5 00 00 00 00 
75 18 14 05 00 00 00 00 bc 00 30 00 3b 00 10 00 
03 00 06 00 00 00 f8 ff fb ff 1c 00 fa 01 fb ff 
09 00 12 00 00 00 00 00 00 00 00 00 84 3f 84 3f 
04 01 13 01 7e 3f 00 00 00 00 00 00 00 00 01 01 
00 00 01 01 00 00 01 01 01 00 00 00 00 00 d7 00 
d5 00 00 01 00 00 a3 00 00 00 8a 9b 02 00 01 03 
03 00 01 00 00 00 00 00 00 00 00 00 00 00 00 00 
00 00 00 00 00 00 00 00 00 00 00 00 00 00 80 3f 
94 ff 3d 00 83 3f 00 00 00 00 07 02 02 01 04 06 
00 00 01 01 01 01 01 01 00 00 00 00 00 00 05 00 
00 00 00 00 00 00 02 00 00 00 00 00 00 00 29 00 
00 00 f1 a0 02 00 00 00 00 00 2b 01 00 00 05 05 

