===== REPORT RAW CHUNK DUMP (208 bytes) =====
08 25 c0 00 02 15 00 3e a4 14 48 da 00 00 00 00 
75 18 14 05 00 00 00 00 bc 00 33 00 3b 00 10 00 
03 00 06 00 03 00 f8 ff f8 ff 1c 00 17 02 12 00 
09 00 12 00 00 00 00 00 00 00 00 00 bd 3e cc 3e 
04 01 13 01 c7 3e 00 00 00 00 00 00 00 00 01 01 
00 00 01 01 00 00 01 01 01 00 00 00 00 00 b9 00 
b8 00 00 01 00 00 a3 00 00 00 5a 1e 0b 00 01 03 
03 00 01 00 00 00 00 00 00 00 00 00 00 00 00 00 
00 00 00 00 00 00 00 00 00 00 00 00 00 00 c9 3e 
95 ff 2f ff c7 3e 00 00 00 00 07 02 02 01 04 06 
00 00 01 01 01 01 01 01 00 00 00 00 00 00 05 00 
00 00 00 00 00 00 02 00 00 00 00 00 00 00 29 00 
00 00 1a 65 01 00 00 00 00 00 2c 01 00 00 05 05 
===========================================
