===== REPORT RAW CHUNK DUMP (208 bytes) =====
08 25 c0 00 02 15 00 3c ab 77 f8 b5 00 00 00 00 
75 18 1a 05 00 00 00 00 7c 00 32 00 3b 00 35 00 
30 00 0e 00 0c 00 de 41 d5 41 c8 41 b0 41 b0 38 
9e 3b 7d 3f cb 0c bb 00 ba 00 bb 00 01 00 33 45 
d4 45 ec 49 78 42 0a 46 3f 46 4b 03 e2 03 7c 03 
27 03 cb 00 b7 00 01 01 01 00 97 02 95 02 bc 02 
79 02 9b 02 a1 02 78 2f 7b b5 01 00 00 00 8d 00 
00 00 68 ea 01 00 01 00 16 00 31 00 00 00 07 01 
01 03 03 03 04 00 01 01 01 01 01 01 01 00 05 00 
00 00 91 a2 02 00 00 00 00 00 00 00 00 00 00 00 
00 00 00 00 00 00 00 00 00 00 00 00 00 00 00 00 
00 00 00 00 00 00 00 00 00 00 00 00 00 00 00 00 
00 00 00 00 00 00 00 00 00 00 00 00 00 00 00 00 
===========================================
