===== REPORT RAW CHUNK DUMP (208 bytes) =====
08 25 c0 00 02 15 00 3c ab 70 ce bf 00 00 00 00 
75 18 1a 05 00 00 00 00 7c 00 32 00 3c 00 35 00 
30 00 0e 00 0c 00 de 41 d5 41 c8 41 b0 41 da 38 
9e 3b 7d 3f cb 0c bb 00 b9 00 bb 00 01 00 26 44 
78 42 22 4a 84 43 0a 46 9e 45 4b 03 f3 03 7c 03 
27 03 cb 00 b7 00 01 01 01 00 87 02 79 02 c0 02 
85 02 99 02 97 02 78 2f 7b b5 01 00 00 00 8d 00 
00 00 61 ea 01 00 01 00 16 00 31 00 00 00 07 01 
01 03 03 03 04 00 01 01 01 01 01 01 01 00 05 00 
00 00 98 a2 02 00 00 00 00 00 00 00 00 00 00 00 
00 00 00 00 00 00 00 00 00 00 00 00 00 00 00 00 
00 00 00 00 00 00 00 00 00 00 00 00 00 00 00 00 
00 00 00 00 00 00 00 00 00 00 00 00 00 00 00 00 
===========================================
