===== REPORT RAW CHUNK DUMP (208 bytes) =====
08 25 c0 00 02 15 00 3a c1 59 78 cf 00 00 00 00 
75 18 14 05 00 00 00 00 bc 00 33 00 3b 00 10 00 
03 00 06 00 0c 00 f8 ff f8 ff 1c 00 19 02 12 00 
0c 00 12 00 00 00 00 00 00 00 00 00 28 3f 28 3f 
04 01 13 01 22 3f 00 00 00 00 00 00 00 00 01 01 
00 00 01 01 00 00 01 01 01 00 00 00 00 00 c5 00 
c5 00 00 01 00 00 a3 00 00 00 25 3b 07 00 01 03 
03 00 01 00 00 00 00 00 00 00 00 00 00 00 00 00 
00 00 00 00 00 00 00 00 00 00 00 00 00 00 24 3f 
95 ff 2b ff 28 3f 00 00 00 00 07 02 02 01 04 06 
00 00 01 01 01 01 01 01 00 00 00 00 00 00 05 00 
00 00 00 00 00 00 02 00 00 00 00 00 00 00 29 00 
00 00 05 a2 02 00 00 00 00 00 28 01 00 00 05 05 
===========================================
