08	25	c0	00	02	15	00	28	5e	6f	
56	2c	00	00	00	00	75	18	17	05	
00	00	00	00	90	00	17	00	1d	00	
1a	00	17	00	0f	00	15	00	0f	00	
18	00	17	00	00	00	00	00	00	00	
00	00	46	04	00	00	00	00	00	00	
00	00	cc	0c	f2	3e	ed	00	00	00	
00	2f	00	00	00	00	00	00	00	00	
00	b6	01	00	00	00	78	00	00	00	
c7	07	0c	00	01	00	03	00	00	00	
00	00	00	00	00	00	00	00	00	00	
00	00	00	00	00	00	07	02	02	04	
00	00	00	00	01	01	01	01	00	00	
00	00	1b	b6	05	00	00	00	00	00	
00	00	00	00	00	00	00	00	00	00	
00	00	00	00	19	4f	01	00	00	00	
00	00	00	00	00	00	05	05	1b	b6	
00	00	00	00	00	00	00	00	00	00	
00	00	00	00	00	00	00	00	00	00	
00	00	00	00	00	00	00	00	00	00	
00	00	00	00	00	00	00	00	