===== REPORT RAW CHUNK DUMP (208 bytes) =====
08 25 c0 00 02 15 00 3e ba ff da cd 00 00 00 00 
75 18 14 05 00 00 00 00 bc 00 36 00 3b 00 10 00 
03 00 09 00 03 00 f8 ff f8 ff 1f 00 11 02 12 00 
09 00 15 00 00 00 00 00 00 00 00 00 bd 3e bd 3e 
13 01 13 01 b7 3e 00 00 00 00 00 00 00 00 01 01 
00 00 01 01 00 00 01 01 01 00 00 00 00 00 cf 00 
ce 00 00 01 00 00 a3 00 00 00 49 35 0b 00 01 03 
03 00 01 00 00 00 00 00 00 00 00 00 00 00 00 00 
00 00 00 00 00 00 00 00 00 00 00 00 00 00 b9 3e 
94 ff 32 ff c1 3e 00 00 00 00 07 02 02 01 04 06 
00 00 01 01 01 01 01 01 00 00 00 00 00 00 05 00 
00 00 00 00 00 00 02 00 00 00 00 00 00 00 29 00 
00 00 58 8c 02 00 00 00 00 00 29 01 00 00 05 05 
===========================================
