===== REPORT RAW CHUNK DUMP (208 bytes) =====
08 25 c0 00 02 15 00 3c c2 e5 d8 ce 00 00 00 00 
75 18 1a 05 00 00 00 00 7c 00 34 00 40 00 3d 00 
3c 00 0e 00 0c 00 d0 41 ba 41 ba 41 a2 41 73 37 
6d 3a 5e 3f cb 0c dc 00 dc 00 dc 00 01 00 aa 48 
9e 45 d5 43 16 47 d4 45 3f 46 6c 03 34 04 02 04 
f0 03 c6 00 b3 00 01 01 01 00 b4 02 97 02 86 02 
a5 02 99 02 9d 02 78 2f 7b b5 01 00 00 00 8d 00 
00 00 d9 01 02 00 01 00 16 00 31 00 00 00 07 01 
01 03 03 03 04 00 01 01 01 01 01 01 01 00 05 00 
00 00 20 8b 02 00 00 00 00 00 00 00 00 00 00 00 
00 00 00 00 00 00 00 00 00 00 00 00 00 00 00 00 
00 00 00 00 00 00 00 00 00 00 00 00 00 00 00 00 
00 00 00 00 00 00 00 00 00 00 00 00 00 00 00 00 
===========================================
