===== REPORT RAW CHUNK DUMP (208 bytes) =====
08 25 c0 00 02 15 00 3c ac 02 aa cc 00 00 00 00 
75 18 1a 05 92 ff ff ff 7c 00 3c 00 48 00 42 00 
3d 00 0e 00 0c 00 ec 41 e3 41 d5 41 be 41 d3 37 
51 3a 7d 3f cb 0c c3 00 c2 00 c3 00 01 00 fd 44 
aa 48 76 44 08 48 0a 46 16 47 f4 03 be 04 58 04 
02 04 c8 00 b3 00 01 01 01 00 91 02 b4 02 8c 02 
ae 02 9b 02 a5 02 78 2f 7b b5 01 00 00 00 8d 00 
00 00 f2 ea 01 00 01 00 16 00 31 00 00 00 07 01 
01 03 03 03 04 00 01 01 01 01 01 01 01 00 05 00 
00 00 16 a2 02 00 00 00 00 00 00 00 00 00 00 00 
00 00 00 00 00 00 00 00 00 00 00 00 00 00 00 00 
00 00 00 00 00 00 00 00 00 00 00 00 00 00 00 00 
00 00 00 00 00 00 00 00 00 00 00 00 00 00 00 00 
===========================================
