===== REPORT RAW CHUNK DUMP (208 bytes) =====
08 25 c0 00 02 15 00 3a 04 4e 66 d2 00 00 00 00 
75 18 14 05 00 00 00 00 bc 00 33 00 3e 00 10 00 
03 00 09 00 00 00 f8 ff fb ff 19 00 08 02 12 00 
09 00 12 00 00 00 00 00 00 00 00 00 84 3f 84 3f 
04 01 13 01 7e 3f 00 00 00 00 00 00 00 00 01 01 
00 00 01 01 00 00 01 01 01 00 00 00 00 00 d2 00 
cf 00 00 01 00 00 a3 00 00 00 01 7e 06 00 01 03 
03 00 01 00 00 00 00 00 00 00 00 00 00 00 00 00 
00 00 00 00 00 00 00 00 00 00 00 00 00 00 80 3f 
94 ff 2b 00 7f 3f 00 00 00 00 07 02 02 01 04 06 
00 00 01 01 01 01 01 01 00 00 00 00 00 00 05 00 
00 00 00 00 00 00 02 00 00 00 00 00 00 00 29 00 
00 00 fa 21 02 00 00 00 00 00 28 01 00 00 05 05 
===========================================
