08 25 c0 00 02 15 00 32 e2 b4 0c 39 00 00 00 00 
75 18 1a 05 92 ff ff ff 7c 00 09 00 12 00 0f 00 
14 00 10 00 13 00 f9 00 f8 00 f8 00 13 01 2f 01 
23 01 5e 3f cb 0c d2 00 d2 00 d3 00 01 00 75 46 
d4 45 d4 45 ab 46 e1 46 3f 46 02 00 04 00 03 00 
05 00 04 00 05 00 01 01 01 00 9f 02 99 02 9b 02 
9f 02 a1 02 9b 02 00 00 00 00 01 00 00 00 8b 00 
00 00 53 8d 16 00 01 00 16 00 31 00 00 00 07 01 
01 03 03 03 04 00 01 01 01 01 01 01 01 00 05 00 
00 00 39 a2 02 00 00 00 00 00 00 00 00 00 00 00 
00 00 00 00 00 00 00 00 00 00 00 00 00 00 00 00 
00 00 00 00 00 00 00 00 00 00 00 00 00 00 00 00 
00 00 00 00 00 00 00 00 00 00 00 00 00 00 00 00 

