08 25 c0 00 02 15 00 2e 42 e3 80 3f 00 00 00 00 
75 18 1a 05 00 00 00 00 7c 00 46 00 52 00 dc 00 
e6 00 12 00 ae 00 4f 17 39 17 62 17 63 17 63 17 
7d 17 bc 3f cb 0c cf 00 ce 00 d1 00 01 00 4f 17 
4f 17 4f 17 4f 17 4f 17 4f 17 a1 01 e7 01 24 05 
61 05 6b 00 16 04 01 01 01 00 de 00 de 00 de 00 
de 00 de 00 de 00 00 00 00 00 01 00 00 00 8b 00 
00 00 f2 ec 11 00 01 00 16 00 31 00 00 00 07 01 
01 03 03 03 04 00 01 01 01 01 01 01 01 00 05 00 
00 00 a6 a2 02 00 00 00 00 00 00 00 00 00 00 00 
00 00 00 00 00 00 00 00 00 00 00 00 00 00 00 00 
00 00 00 00 00 00 00 00 00 00 00 00 00 00 00 00 
00 00 00 00 00 00 00 00 00 00 00 00 00 00 00 00 

