08	25	c0	00	02	15	00	2d	95	52	
a6	4b	00	00	00	00	75	18	14	05	
2c	f8	ff	ff	bc	00	36	00	3b	00	
10	00	03	00	09	00	03	00	f8	ff	
fb	ff	1c	00	19	02	12	00	09	00	
12	00	00	00	00	00	00	00	00	00	
28	3f	28	3f	13	01	13	01	32	3f	
00	00	00	00	00	00	00	00	01	01	
00	00	01	01	00	00	01	01	01	00	
00	00	00	00	c5	00	c3	00	00	01	
00	00	a2	00	00	00	53	3f	11	00	
01	00	03	00	01	00	00	00	00	00	
00	00	00	00	00	00	00	00	00	00	
00	00	00	00	00	00	00	00	00	00	
00	00	34	3f	94	ff	34	ff	3a	3f	
00	00	00	00	07	02	02	01	04	06	
00	00	01	01	01	01	01	01	00	00	
00	00	00	00	05	00	00	00	00	00	
00	00	01	00	00	00	00	00	00	00	
29	00	00	00	b2	a2	02	00	00	00	
00	00	2c	01	00	00	05	05	