08 1a f8 db 00 bb 00 1a 72 92 0d b2 00 00 07 07 
07 07 07 00 00 65 00 00 00 00 00 3d 0b 00 00 01 
28 5e 54 84 72 1a 00 51 77 54 b3 00 00 00 00 21 
00 00 01 01 02 00 00 00 00 00 00 00 0f 00 00 00 
00 01 86 ff b1 56 02 00 00 00 05 ef 00 ca 16 00 
00 a2 00 00 00 01 d2 56 00 01 00 00 76 00 03 40 
00 00 01 00 00 00 00 00 01 00 00 00 20 00 02 00 
03 00 01 00 00 02 12 00 00 00 d8 00 e3 54 00 00 
00 00 07 03 01 09 00 09 00 00 00 00 00 00 00 00 
00 00 00 00 00 00 00 00 00 00 00 00 00 00 00 00 
00 00 00 00 00 02 00 01 00 00 00 00 00 00 00 00 
00 00 00 00 00 00 00 00 00 00 00 00 00 00 00 00 
00 00 
