08 25 c0 00 02 15 00 2e 2c 22 fe 3c 00 00 00 00 
75 18 14 05 00 00 00 00 bc 00 36 00 3b 00 13 00 
03 00 12 00 00 00 f8 ff fb ff 1c 00 08 02 12 00 
0c 00 12 00 00 00 00 00 00 00 00 00 75 3f 84 3f 
13 01 13 01 7e 3f 00 00 00 00 00 00 00 00 01 01 
00 00 01 01 00 00 01 01 01 00 00 00 00 00 d4 00 
d3 00 00 01 00 00 a2 00 00 00 36 d6 11 00 01 00 
03 00 01 00 00 00 00 00 00 00 00 00 00 00 00 00 
00 00 00 00 00 00 00 00 00 00 00 00 00 00 80 3f 
95 ff 40 00 81 3f 00 00 00 00 07 02 02 01 04 06 
00 00 01 01 01 01 01 01 00 00 00 00 00 00 05 00 
00 00 00 00 00 00 01 00 00 00 00 00 00 00 29 00 
00 00 02 0b 02 00 00 00 00 00 29 01 00 00 05 05 

