===== REPORT RAW CHUNK DUMP (208 bytes) =====
08 25 c0 00 02 15 00 3c ab 88 44 f6 00 00 00 00 
75 18 1a 05 00 00 00 00 7c 00 31 00 3b 00 36 00 
31 00 0e 00 0c 00 de 41 c8 41 d5 41 a2 41 79 38 
90 3b 7d 3f cb 0c bb 00 bb 00 bc 00 01 00 e1 46 
ed 47 aa 48 5c 44 d4 45 d4 45 3a 03 e1 03 8e 03 
37 03 ca 00 b6 00 01 01 01 00 a3 02 ab 02 b2 02 
8b 02 9b 02 99 02 78 2f 7b b5 01 00 00 00 8d 00 
00 00 78 ea 01 00 01 00 16 00 31 00 00 00 07 01 
01 03 03 03 04 00 01 01 01 01 01 01 01 00 05 00 
00 00 81 a2 02 00 00 00 00 00 00 00 00 00 00 00 
00 00 00 00 00 00 00 00 00 00 00 00 00 00 00 00 
00 00 00 00 00 00 00 00 00 00 00 00 00 00 00 00 
00 00 00 00 00 00 00 00 00 00 00 00 00 00 00 00 
===========================================
