===== REPORT RAW CHUNK DUMP (208 bytes) =====
08 25 c0 00 02 15 00 3c ab f2 f8 bf 00 00 00 00 
75 18 1a 05 00 00 00 00 7c 00 3c 00 49 00 43 00 
3e 00 0e 00 0c 00 ec 41 e3 41 d5 41 be 41 ef 37 
97 3a 7d 3f cb 0c c3 00 c2 00 c2 00 01 00 ad 42 
74 48 b9 45 15 49 d4 45 3f 46 f4 03 cf 04 69 04 
13 04 c8 00 b3 00 01 01 01 00 7b 02 b2 02 9c 02 
b4 02 9d 02 a1 02 78 2f 7b b5 01 00 00 00 8d 00 
00 00 e3 ea 01 00 01 00 16 00 31 00 00 00 07 01 
01 03 03 03 04 00 01 01 01 01 01 01 01 00 05 00 
00 00 16 a2 02 00 00 00 00 00 00 00 00 00 00 00 
00 00 00 00 00 00 00 00 00 00 00 00 00 00 00 00 
00 00 00 00 00 00 00 00 00 00 00 00 00 00 00 00 
00 00 00 00 00 00 00 00 00 00 00 00 00 00 00 00 
===========================================
