08 1a f8 d7 00 bb 00 1a 72 76 ad c7 00 00 07 07 
07 07 07 00 00 65 00 00 00 00 00 3c 0b 00 00 01 
28 5e 54 57 72 1a 00 ad 6a 49 b5 00 00 00 00 21 
00 00 01 01 02 00 00 00 00 00 00 00 29 00 00 00 
00 01 86 ff b1 56 02 00 00 00 05 ef 00 f7 16 00 
00 a4 00 00 00 01 d2 56 00 01 00 00 79 00 03 40 
00 00 01 00 00 00 00 00 01 00 00 00 20 00 02 00 
03 00 01 00 00 02 12 00 00 00 d8 00 e3 54 00 00 
00 00 07 03 01 09 00 09 00 00 00 00 00 00 00 00 
00 00 00 00 00 00 00 00 00 00 00 00 00 00 00 00 
00 00 00 00 00 02 00 01 00 00 00 00 00 00 00 00 
00 00 00 00 00 00 00 00 00 00 00 00 00 00 00 00 
00 00 
