08 25 c0 00 02 15 00 2f 80 ce 4a 4e 00 00 00 00 
75 18 1a 05 00 00 00 00 7c 00 09 00 15 00 1d 01 
1d 01 28 01 1c 00 99 14 78 14 bd 14 b1 14 87 14 
81 14 9d 3f cb 0c e1 00 de 00 e1 00 01 00 94 14 
94 14 94 14 94 14 94 14 94 14 2f 00 6e 00 e9 05 
e5 05 13 06 92 00 01 01 01 00 c3 00 c3 00 c1 00 
c3 00 c3 00 c3 00 00 00 00 00 01 00 00 00 8b 00 
00 00 03 2b 13 00 01 00 16 00 31 00 00 00 07 01 
01 03 03 03 04 00 01 01 01 01 01 01 01 00 05 00 
00 00 e6 a1 02 00 00 00 00 00 00 00 00 00 00 00 
00 00 00 00 00 00 00 00 00 00 00 00 00 00 00 00 
00 00 00 00 00 00 00 00 00 00 00 00 00 00 00 00 
00 00 00 00 00 00 00 00 00 00 00 00 00 00 00 00 

