08	25	c0	00	02	15	00	2d	94	52	
ee	35	00	00	00	00	75	18	14	05	
00	00	00	00	bc	00	36	00	3b	00	
10	00	03	00	06	00	00	00	f8	ff	
fb	ff	19	00	0b	02	12	00	09	00	
12	00	00	00	00	00	00	00	00	00	
37	3f	38	3f	13	01	13	01	32	3f	
00	00	00	00	00	00	00	00	01	01	
00	00	01	01	00	00	01	01	01	00	
00	00	00	00	ca	00	ca	00	00	01	
00	00	a2	00	00	00	54	3e	11	00	
01	00	03	00	01	00	00	00	00	00	
00	00	00	00	00	00	00	00	00	00	
00	00	00	00	00	00	00	00	00	00	
00	00	43	3f	95	ff	37	ff	3c	3f	
00	00	00	00	07	02	02	01	04	06	
00	00	01	01	01	01	01	01	00	00	
00	00	00	00	05	00	00	00	00	00	
00	00	01	00	00	00	00	00	00	00	
29	00	00	00	e4	a2	02	00	00	00	
00	00	28	01	00	00	05	05	