08	25	c0	00	02	15	00	2d	94	85	
b2	67	00	00	00	00	75	18	14	05	
00	00	00	00	bc	00	33	00	3b	00	
13	00	03	00	06	00	00	00	f8	ff	
fb	ff	1c	00	19	02	12	00	0c	00	
12	00	00	00	00	00	00	00	00	00	
37	3f	38	3f	04	01	13	01	32	3f	
00	00	00	00	00	00	00	00	01	01	
00	00	01	01	00	00	01	01	01	00	
00	00	00	00	ca	00	c8	00	00	01	
00	00	a2	00	00	00	86	3e	11	00	
01	00	03	00	01	00	00	00	00	00	
00	00	00	00	00	00	00	00	00	00	
00	00	00	00	00	00	00	00	00	00	
00	00	34	3f	94	ff	34	ff	3a	3f	
00	00	00	00	07	02	02	01	04	06	
00	00	01	01	01	01	01	01	00	00	
00	00	00	00	05	00	00	00	00	00	
00	00	01	00	00	00	00	00	00	00	
29	00	00	00	b2	a2	02	00	00	00	
00	00	2c	01	00	00	05	05	