===== REPORT RAW CHUNK DUMP (208 bytes) =====
08 25 c0 00 02 15 00 3a 04 7d d0 c6 00 00 00 00 
75 18 1a 05 00 00 00 00 7c 00 34 00 3d 00 25 02 
27 02 73 00 14 00 ee 0d 26 0e 4f 0e 47 0e 02 0e 
ff 0d bc 3f cb 0c de 00 dd 00 df 00 01 00 7d 0e 
7d 0e 7d 0e 7d 0e 7d 0e 7d 0e b9 00 dc 00 da 07 
dd 07 9c 01 47 00 01 01 01 00 89 00 89 00 89 00 
89 00 89 00 89 00 78 2f 7b b5 01 00 00 00 8c 00 
00 00 2d 7e 06 00 01 00 16 00 31 00 00 00 07 01 
01 03 03 03 04 00 01 01 01 01 01 01 01 00 05 00 
00 00 cb 21 02 00 00 00 00 00 00 00 00 00 00 00 
00 00 00 00 00 00 00 00 00 00 00 00 00 00 00 00 
00 00 00 00 00 00 00 00 00 00 00 00 00 00 00 00 
00 00 00 00 00 00 00 00 00 00 00 00 00 00 00 00 
===========================================
