===== REPORT RAW CHUNK DUMP (208 bytes) =====
08 25 c0 00 02 15 00 3a c1 d1 46 ce 00 00 00 00 
75 18 1a 05 00 00 00 00 7c 00 09 00 13 00 0f 00 
14 00 10 00 13 00 f9 00 f8 00 f8 00 13 01 2f 01 
3f 01 3f 3f cb 0c c0 00 c0 00 c2 00 01 00 3f 46 
0a 46 75 46 3f 46 75 46 75 46 02 00 04 00 03 00 
05 00 04 00 06 00 01 01 01 00 9d 02 9d 02 9f 02 
9d 02 9f 02 95 02 78 2f 7b b5 01 00 00 00 8d 00 
00 00 86 00 00 00 01 00 16 00 31 00 00 00 07 01 
01 03 03 03 04 00 01 01 01 01 01 01 01 00 05 00 
00 00 b6 a1 02 00 00 00 00 00 00 00 00 00 00 00 
00 00 00 00 00 00 00 00 00 00 00 00 00 00 00 00 
00 00 00 00 00 00 00 00 00 00 00 00 00 00 00 00 
00 00 00 00 00 00 00 00 00 00 00 00 00 00 00 00 
===========================================
