08 1a f8 98 00 bb 00 1a 70 f7 0f a6 00 00 07 07 
07 07 07 00 00 65 00 00 00 00 00 34 0b 00 00 01 
28 5e 54 ef 70 1a 00 5b de 66 b1 00 00 00 00 21 
00 00 01 01 02 00 00 00 00 00 00 00 03 00 00 00 
02 01 86 ff b1 56 02 00 00 00 05 ef 00 5f 18 00 
00 b1 00 00 00 01 d2 56 00 01 00 00 8b 00 2a 40 
00 00 01 00 00 00 00 00 01 00 00 00 20 00 02 00 
03 00 01 00 00 02 0f 00 00 00 d8 00 e3 54 00 00 
00 00 07 03 01 09 00 0a 00 00 00 00 00 00 00 00 
00 00 00 00 00 00 00 00 00 00 00 00 00 00 00 00 
00 00 00 00 00 02 00 01 00 00 00 00 00 00 00 00 
00 00 00 00 00 00 00 00 00 00 00 00 00 00 00 00 
00 00 
