===== REPORT RAW CHUNK DUMP (208 bytes) =====
08 25 c0 00 02 15 00 3a bf d0 fa e0 00 00 00 00 
75 18 14 05 00 00 00 00 bc 00 36 00 3b 00 10 00 
03 00 06 00 00 00 f5 ff f8 ff 1c 00 0b 02 12 00 
09 00 12 00 00 00 00 00 00 00 00 00 37 3f 38 3f 
04 01 13 01 32 3f 00 00 00 00 00 00 00 00 01 01 
00 00 01 01 00 00 01 01 01 00 00 00 00 00 cf 00 
cf 00 00 01 00 00 a3 00 00 00 9c 39 07 00 01 03 
03 00 01 00 00 00 00 00 00 00 00 00 00 00 00 00 
00 00 00 00 00 00 00 00 00 00 00 00 00 00 34 3f 
94 ff 38 ff 40 3f 00 00 00 00 07 02 02 01 04 06 
00 00 01 01 01 01 01 01 00 00 00 00 00 00 05 00 
00 00 00 00 00 00 02 00 00 00 00 00 00 00 29 00 
00 00 3e fe 01 00 00 00 00 00 2a 01 00 00 05 05 
===========================================
