08 1a c0 19 00 bb 00 1c a5 1a 35 1f 00 00 07 07 
07 07 07 00 00 10 00 00 00 00 00 03 00 00 00 00 
28 5f 54 f7 a4 1c 00 c9 cb 9a ba 00 00 00 00 21 
00 00 01 01 02 00 00 00 00 00 00 00 0a 00 00 00 
00 01 85 ff b5 56 04 00 00 00 05 f2 00 66 0c 02 
00 9e 00 00 00 01 d5 56 01 00 00 00 91 00 96 39 
00 00 01 00 00 00 00 00 01 00 00 00 23 00 02 00 
03 00 01 00 59 00 e3 00 00 00 f1 00 e4 54 00 00 
00 00 07 03 01 07 00 07 00 00 00 00 00 00 00 00 
00 00 00 00 00 00 00 00 00 00 00 00 00 00 00 00 
00 00 00 00 00 02 00 01 00 00 00 00 00 00 00 00 
00 00 00 00 00 00 00 00 00 00 00 00 00 00 00 00 
00 00 
