===== REPORT RAW CHUNK DUMP (208 bytes) =====
08 25 c0 00 02 15 00 3c c1 8f 54 d8 00 00 00 00 
75 18 1a 05 00 00 00 00 7c 00 32 00 3d 00 41 00 
3e 00 0e 00 0c 00 d0 41 ba 41 ba 41 a2 41 ca 3a 
21 3b 5e 3f cb 0c d2 00 d3 00 d3 00 01 00 0a 46 
81 49 41 44 ad 42 9e 45 d4 45 4a 03 02 04 45 04 
11 04 d2 00 b5 00 01 01 01 00 95 02 b6 02 8c 02 
7b 02 91 02 9d 02 78 2f 7b b5 01 00 00 00 8d 00 
00 00 82 00 02 00 01 00 16 00 31 00 00 00 07 01 
01 03 03 03 04 00 01 01 01 01 01 01 01 00 05 00 
00 00 77 8c 02 00 00 00 00 00 00 00 00 00 00 00 
00 00 00 00 00 00 00 00 00 00 00 00 00 00 00 00 
00 00 00 00 00 00 00 00 00 00 00 00 00 00 00 00 
00 00 00 00 00 00 00 00 00 00 00 00 00 00 00 00 
===========================================
