08 25 c0 00 02 15 00 2f 81 04 60 4c 00 00 00 00 
75 18 1a 05 00 00 00 00 7c 00 07 00 11 00 e0 00 
df 00 6f 00 1b 00 23 13 1e 13 66 24 5f 24 7b 24 
90 24 bc 3f cb 0c e1 00 de 00 e2 00 01 00 e9 23 
e9 23 ce 23 ce 23 ce 23 ce 23 22 00 53 00 27 08 
1c 08 0c 04 fc 00 01 01 01 00 55 01 55 01 55 01 
55 01 55 01 55 01 00 00 00 00 01 00 00 00 8b 00 
00 00 3a 2b 13 00 01 00 16 00 31 00 00 00 07 01 
01 03 03 03 04 00 01 01 01 01 01 01 01 00 05 00 
00 00 af a1 02 00 00 00 00 00 00 00 00 00 00 00 
00 00 00 00 00 00 00 00 00 00 00 00 00 00 00 00 
00 00 00 00 00 00 00 00 00 00 00 00 00 00 00 00 
00 00 00 00 00 00 00 00 00 00 00 00 00 00 00 00 

