===== REPORT RAW CHUNK DUMP (208 bytes) =====
08 25 c0 00 02 15 00 3e 14 a6 40 c9 00 00 00 00 
75 18 14 05 00 00 00 00 bc 00 33 00 38 00 10 00 
03 00 06 00 00 00 f8 ff fb ff 5c 00 19 02 12 00 
09 00 12 00 00 00 00 00 00 00 00 00 47 3f 47 3f 
13 01 13 01 41 3f 00 00 00 00 00 00 00 00 01 01 
00 00 01 01 00 00 01 01 01 00 00 00 00 00 a7 00 
a6 00 00 01 00 00 a3 00 00 00 da 8e 0a 00 01 03 
03 00 01 00 00 00 00 00 00 00 00 00 00 00 00 00 
00 00 00 00 00 00 00 00 00 00 00 00 00 00 43 3f 
95 ff b7 ff 41 3f 00 00 00 00 07 02 02 01 04 06 
00 00 01 01 01 01 01 01 00 00 00 00 00 00 05 00 
00 00 00 00 00 00 02 00 00 00 00 00 00 00 29 00 
00 00 9a f4 01 00 00 00 00 00 2a 01 00 00 05 05 
===========================================
