===== REPORT RAW CHUNK DUMP (208 bytes) =====
08 25 c0 00 02 15 00 3c 14 ad 18 e9 00 00 00 00 
75 18 14 05 00 00 00 00 bc 00 33 00 3b 00 10 00 
03 00 06 00 00 00 f8 ff fb ff 1c 00 0e 02 12 00 
09 00 12 00 00 00 00 00 00 00 00 00 ae 3e ae 3e 
04 01 13 01 a8 3e 00 00 00 00 00 00 00 00 01 01 
00 00 01 01 00 00 01 01 01 00 00 00 00 00 c0 00 
c0 00 00 01 00 00 a3 00 00 00 a2 8e 08 00 01 03 
03 00 01 00 00 00 00 00 00 00 00 00 00 00 00 00 
00 00 00 00 00 00 00 00 00 00 00 00 00 00 aa 3e 
94 ff 32 ff ad 3e 00 00 00 00 07 02 02 01 04 06 
00 00 01 01 01 01 01 01 00 00 00 00 00 00 05 00 
00 00 00 00 00 00 02 00 00 00 00 00 00 00 29 00 
00 00 30 a1 02 00 00 00 00 00 2a 01 00 00 05 05 
===========================================
