===== REPORT RAW CHUNK DUMP (208 bytes) =====
08 25 c0 00 02 15 00 3c ac 66 78 cf 00 00 00 00 
75 18 14 05 00 00 00 00 bc 00 39 00 3b 00 10 00 
03 00 06 00 00 00 f8 ff fb ff 1c 00 05 02 12 00 
09 00 12 00 00 00 00 00 00 00 00 00 47 3f 38 3f 
04 01 13 01 41 3f 00 00 00 00 00 00 00 00 01 01 
00 00 01 01 00 00 01 01 01 00 00 00 00 00 ca 00 
c8 00 00 01 00 00 a3 00 00 00 6e 26 09 00 01 03 
03 00 01 00 00 00 00 00 00 00 00 00 00 00 00 00 
00 00 00 00 00 00 00 00 00 00 00 00 00 00 43 3f 
95 ff ec ff 43 3f 00 00 00 00 07 02 02 01 04 06 
00 00 01 01 01 01 01 01 00 00 00 00 00 00 05 00 
00 00 00 00 00 00 02 00 00 00 00 00 00 00 29 00 
00 00 a2 a1 02 00 00 00 00 00 29 01 00 00 05 05 
===========================================
