===== REPORT RAW CHUNK DUMP (208 bytes) =====
08 25 c0 00 02 15 00 3c 14 a2 7c ce 00 00 00 00 
75 18 17 05 00 00 00 00 90 00 17 00 1d 00 17 00 
17 00 0f 00 15 00 0f 00 15 00 17 00 00 00 00 00 
00 00 00 00 46 04 00 00 00 00 00 00 00 00 cc 0c 
a6 3e d2 00 00 00 00 00 00 00 00 00 00 00 00 00 
00 00 01 00 00 00 79 00 00 00 95 8e 08 00 01 00 
03 00 00 00 00 00 00 00 00 00 00 00 00 00 00 00 
00 00 00 00 07 02 02 04 00 00 00 00 01 01 01 01 
00 00 00 00 00 00 05 00 00 00 00 00 00 00 00 00 
00 00 00 00 00 00 00 00 00 00 3b a1 02 00 00 00 
00 00 00 00 00 00 05 05 00 00 00 00 00 00 00 00 
00 00 00 00 00 00 00 00 00 00 00 00 00 00 00 00 
00 00 00 00 00 00 00 00 00 00 00 00 00 00 00 00 
===========================================
