===== REPORT RAW CHUNK DUMP (208 bytes) =====
08 25 c0 00 02 15 00 3c ac 2e 94 c9 00 00 00 00 
75 18 1a 05 00 00 00 00 7c 00 36 00 43 00 3b 00 
36 00 0e 00 0c 00 de 41 d5 41 c8 41 b0 41 57 37 
8f 39 7d 3f cb 0c c5 00 c5 00 c5 00 01 00 3f 46 
4f 43 83 45 67 47 d4 45 3f 46 8e 03 69 04 e1 03 
8c 03 c6 00 b0 00 01 01 01 00 9b 02 81 02 96 02 
aa 02 97 02 9f 02 78 2f 7b b5 01 00 00 00 8d 00 
00 00 1e eb 01 00 01 00 16 00 31 00 00 00 07 01 
01 03 03 03 04 00 01 01 01 01 01 01 01 00 05 00 
00 00 db a1 02 00 00 00 00 00 00 00 00 00 00 00 
00 00 00 00 00 00 00 00 00 00 00 00 00 00 00 00 
00 00 00 00 00 00 00 00 00 00 00 00 00 00 00 00 
00 00 00 00 00 00 00 00 00 00 00 00 00 00 00 00 
===========================================
