08 25 c0 00 02 15 00 30 d4 41 ba 3e 00 00 00 00 
75 18 14 05 00 00 00 00 bc 00 33 00 3b 00 10 00 
03 00 06 00 00 00 f8 ff f8 ff 19 00 0b 02 12 00 
09 00 12 00 00 00 00 00 00 00 00 00 84 3f 84 3f 
04 01 13 01 7e 3f 00 00 00 00 00 00 00 00 01 01 
00 00 01 01 00 00 01 01 01 00 00 00 00 00 c8 00 
c6 00 00 01 00 00 a2 00 00 00 aa 7e 14 00 01 00 
03 00 01 00 00 00 00 00 00 00 00 00 00 00 00 00 
00 00 00 00 00 00 00 00 00 00 00 00 00 00 80 3f 
94 ff 41 00 7f 3f 00 00 00 00 07 02 02 01 04 06 
00 00 01 01 01 01 01 01 00 00 00 00 00 00 05 00 
00 00 00 00 00 00 01 00 00 00 00 00 00 00 29 00 
00 00 78 a1 02 00 00 00 00 00 28 01 00 00 05 05 

