08 1a c0 25 00 bb 00 1c a5 7a bd 09 00 00 07 07 
07 07 07 00 00 10 00 00 00 00 00 05 00 00 00 00 
28 5f 54 51 a5 1c 00 9a c3 a4 b6 00 00 00 00 21 
00 00 01 01 02 00 00 00 00 00 00 00 24 00 00 00 
00 01 85 ff b5 56 04 00 00 00 05 f2 00 0c 0c 02 
00 a4 00 00 00 01 d5 56 01 00 00 00 95 00 e5 39 
00 00 01 00 00 00 00 00 01 00 00 00 23 00 02 00 
03 00 01 00 6d 00 dc 01 00 00 f1 00 e4 54 00 00 
00 00 07 03 01 07 00 07 00 00 00 00 00 00 00 00 
00 00 00 00 00 00 00 00 00 00 00 00 00 00 00 00 
00 00 00 00 00 02 00 01 00 00 00 00 00 00 00 00 
00 00 00 00 00 00 00 00 00 00 00 00 00 00 00 00 
00 00 
