08 25 c0 00 02 15 00 39 83 25 74 d0 00 00 00 00 
75 18 14 05 00 00 00 00 bc 00 36 00 3b 00 10 00 
03 00 06 00 03 00 f8 ff f8 ff 1c 00 14 02 12 00 
0c 00 12 00 00 00 00 00 00 00 00 00 37 3f 38 3f 
04 01 13 01 32 3f 00 00 00 00 00 00 00 00 01 01 
00 00 01 01 00 00 01 01 01 00 00 00 00 00 d9 00 
d9 00 00 01 00 00 a3 00 00 00 c8 fc 05 00 01 03 
03 00 01 00 00 00 00 00 00 00 00 00 00 00 00 00 
00 00 00 00 00 00 00 00 00 00 00 00 00 00 34 3f 
95 ff 35 ff 3e 3f 00 00 00 00 07 02 02 01 04 06 
00 00 01 01 01 01 01 01 00 00 00 00 00 00 05 00 
00 00 00 00 00 00 02 00 00 00 00 00 00 00 29 00 
00 00 14 8c 02 00 00 00 00 00 2c 01 00 00 05 05 

