===== REPORT RAW CHUNK DUMP (208 bytes) =====
08 25 c0 00 02 15 00 3c c2 9e 54 c5 00 00 00 00 
75 18 1a 05 00 00 00 00 7c 00 3a 00 45 00 44 00 
43 00 0e 00 0d 00 d0 41 c8 41 c8 41 a2 41 fd 37 
81 39 5e 3f cb 0c dc 00 da 00 db 00 01 00 b6 49 
26 44 24 46 c6 46 3f 46 75 46 d1 03 89 04 79 04 
65 04 c8 00 bf 00 01 01 01 00 c0 02 91 02 98 02 
a4 02 9d 02 9b 02 78 2f 7b b5 01 00 00 00 8d 00 
00 00 91 01 02 00 01 00 16 00 31 00 00 00 07 01 
01 03 03 03 04 00 01 01 01 01 01 01 01 00 05 00 
00 00 68 8b 02 00 00 00 00 00 00 00 00 00 00 00 
00 00 00 00 00 00 00 00 00 00 00 00 00 00 00 00 
00 00 00 00 00 00 00 00 00 00 00 00 00 00 00 00 
00 00 00 00 00 00 00 00 00 00 00 00 00 00 00 00 
===========================================
