08 1a f8 cf 00 bb 00 1a 72 38 0f b0 00 00 07 07 
07 07 07 00 00 65 00 00 00 00 00 3b 0b 00 00 01 
28 5e 54 2a 72 1a 00 16 82 66 b1 00 00 00 00 21 
00 00 01 01 02 00 00 00 00 00 00 00 3f 00 00 00 
02 01 84 ff b1 56 02 00 00 00 05 ef 00 24 17 00 
00 a7 00 00 00 01 d2 56 00 01 00 00 7b 00 03 40 
00 00 01 00 00 00 00 00 01 00 00 00 20 00 02 00 
03 00 01 00 00 02 12 00 00 00 e4 00 e3 54 00 00 
00 00 07 03 01 09 00 09 00 00 00 00 00 00 00 00 
00 00 00 00 00 00 00 00 00 00 00 00 00 00 00 00 
00 00 00 00 00 02 00 01 00 00 00 00 00 00 00 00 
00 00 00 00 00 00 00 00 00 00 00 00 00 00 00 00 
00 00 
