08 25 c0 00 02 15 00 2f 7f 96 70 3d 00 00 00 00 
75 18 14 05 00 00 00 00 bc 00 33 00 3b 00 10 00 
03 00 06 00 00 00 f8 ff f8 ff 19 00 0b 02 15 00 
09 00 12 00 00 00 00 00 00 00 00 00 84 3f 75 3f 
04 01 13 01 7e 3f 00 00 00 00 00 00 00 00 01 01 
00 00 01 01 00 00 01 01 01 00 00 00 00 00 ca 00 
c8 00 00 01 00 00 a2 00 00 00 d4 29 13 00 01 00 
03 00 01 00 00 00 00 00 00 00 00 00 00 00 00 00 
00 00 00 00 00 00 00 00 00 00 00 00 00 00 80 3f 
95 ff 46 00 7f 3f 00 00 00 00 07 02 02 01 04 06 
00 00 01 01 01 01 01 01 00 00 00 00 00 00 05 00 
00 00 00 00 00 00 01 00 00 00 00 00 00 00 29 00 
00 00 cc 65 01 00 00 00 00 00 2a 01 00 00 05 05 

