===== REPORT RAW CHUNK DUMP (208 bytes) =====
08 25 c0 00 02 15 00 3c ab 4b 96 bf 00 00 00 00 
75 18 1a 05 00 00 00 00 7c 00 37 00 40 00 37 00 
33 00 0e 00 0c 00 ec 41 d5 41 d5 41 b0 41 8d 39 
ba 3b 7d 3f cb 0c b9 00 b8 00 b9 00 01 00 9e 45 
33 45 68 45 76 44 0a 46 ab 46 a0 03 36 04 9e 03 
59 03 ce 00 b7 00 01 01 01 00 93 02 97 02 95 02 
8a 02 a1 02 9d 02 78 2f 7b b5 01 00 00 00 8d 00 
00 00 3b ea 01 00 01 00 16 00 31 00 00 00 07 01 
01 03 03 03 04 00 01 01 01 01 01 01 01 00 05 00 
00 00 be a2 02 00 00 00 00 00 00 00 00 00 00 00 
00 00 00 00 00 00 00 00 00 00 00 00 00 00 00 00 
00 00 00 00 00 00 00 00 00 00 00 00 00 00 00 00 
00 00 00 00 00 00 00 00 00 00 00 00 00 00 00 00 
===========================================
