08	25	c0	00	02	15	00	2a	ee	c7	
74	39	00	00	00	00	75	18	14	05	
00	00	00	00	bc	00	36	00	3b	00	
10	00	03	00	06	00	00	00	f8	ff	
f8	ff	1c	00	17	02	12	00	09	00	
12	00	00	00	00	00	00	00	00	00	
28	3f	28	3f	04	01	13	01	32	3f	
00	00	00	00	00	00	00	00	01	01	
00	00	01	01	00	00	01	01	01	00	
00	00	00	00	cf	00	cd	00	00	01	
00	00	a2	00	00	00	74	98	0e	00	
01	00	03	00	01	00	00	00	00	00	
00	00	00	00	00	00	00	00	00	00	
00	00	00	00	00	00	00	00	00	00	
00	00	34	3f	94	ff	34	ff	31	3f	
00	00	00	00	07	02	02	01	04	06	
00	00	01	01	01	01	01	01	00	00	
00	00	00	00	05	00	00	00	00	00	
00	00	01	00	00	00	00	00	00	00	
29	00	00	00	2b	a2	02	00	00	00	
00	00	29	01	00	00	05	05	