08 25 c0 00 02 15 00 34 37 27 94 be 00 00 00 00 
75 18 14 05 00 00 00 00 bc 00 33 00 3b 00 10 00 
03 00 09 00 00 00 f8 ff fb ff 1c 00 fa 01 12 00 
09 00 15 00 00 00 00 00 00 00 00 00 28 3f 28 3f 
13 01 13 01 32 3f 00 00 00 00 00 00 00 00 01 01 
00 00 01 01 00 00 01 01 01 00 00 00 00 00 de 00 
dd 00 00 01 00 00 a3 00 00 00 21 b0 00 00 01 03 
03 00 01 00 00 00 00 00 00 00 00 00 00 00 00 00 
00 00 00 00 00 00 00 00 00 00 00 00 00 00 34 3f 
94 ff 3b ff 32 3f 00 00 00 00 07 02 02 01 04 06 
00 00 01 01 01 01 01 01 00 00 00 00 00 00 05 00 
00 00 00 00 00 00 02 00 00 00 00 00 00 00 29 00 
00 00 e7 a2 02 00 00 00 00 00 2c 01 00 00 05 05 

