===== REPORT RAW CHUNK DUMP (208 bytes) =====
08 25 c0 00 02 15 00 3c ac a2 04 d2 00 00 00 00 
75 18 1a 05 00 00 00 00 7c 00 2f 00 3c 00 33 00 
2f 00 0e 00 0d 00 de 41 c8 41 c8 41 a2 41 04 37 
5d 38 5e 3f cb 0c ca 00 ca 00 ca 00 01 00 df 48 
e3 42 22 4a 15 49 75 46 e1 46 18 03 f2 03 5a 03 
15 03 c5 00 bb 00 01 01 01 00 ba 02 7f 02 c2 02 
b6 02 9f 02 9f 02 78 2f 7b b5 01 00 00 00 8d 00 
00 00 92 eb 01 00 01 00 16 00 31 00 00 00 07 01 
01 03 03 03 04 00 01 01 01 01 01 01 01 00 05 00 
00 00 67 a1 02 00 00 00 00 00 00 00 00 00 00 00 
00 00 00 00 00 00 00 00 00 00 00 00 00 00 00 00 
00 00 00 00 00 00 00 00 00 00 00 00 00 00 00 00 
00 00 00 00 00 00 00 00 00 00 00 00 00 00 00 00 
===========================================
