===== REPORT RAW CHUNK DUMP (208 bytes) =====
08 25 c0 00 02 15 00 3c c2 25 5c ab 00 00 00 00 
75 18 1a 05 00 00 00 00 7c 00 4f 00 5a 00 5d 00 
5b 00 0e 00 0c 00 ec 41 d5 41 d5 41 be 41 c4 39 
1a 3a 5e 3f cb 0c d7 00 d7 00 d7 00 01 00 ac 44 
67 47 c8 42 90 46 75 46 0a 46 35 05 ec 05 1f 06 
fb 05 cf 00 b2 00 01 01 01 00 8e 02 a8 02 7c 02 
a4 02 9b 02 a1 02 78 2f 7b b5 01 00 00 00 8d 00 
00 00 18 01 02 00 01 00 16 00 31 00 00 00 07 01 
01 03 03 03 04 00 01 01 01 01 01 01 01 00 05 00 
00 00 e1 8b 02 00 00 00 00 00 00 00 00 00 00 00 
00 00 00 00 00 00 00 00 00 00 00 00 00 00 00 00 
00 00 00 00 00 00 00 00 00 00 00 00 00 00 00 00 
00 00 00 00 00 00 00 00 00 00 00 00 00 00 00 00 
===========================================
