===== REPORT RAW CHUNK DUMP (208 bytes) =====
08 25 c0 00 02 15 00 3a 1a d9 0c cb 00 00 00 00 
75 18 14 05 00 00 00 00 bc 00 36 00 3b 00 13 00 
00 00 09 00 fa ff f8 ff fb ff 1c 00 17 02 15 00 
09 00 15 00 00 00 00 00 00 00 00 00 84 3f 75 3f 
13 01 13 01 7e 3f 00 00 00 00 00 00 00 00 01 01 
00 00 01 01 00 00 01 01 01 00 00 00 00 00 d7 00 
d4 00 00 01 00 00 a3 00 00 00 8f 94 06 00 01 03 
03 00 01 00 00 00 00 00 00 00 00 00 00 00 00 00 
00 00 00 00 00 00 00 00 00 00 00 00 00 00 80 3f 
94 ff 5a 00 7e 3f 00 00 00 00 07 02 02 01 04 06 
00 00 01 01 01 01 01 01 00 00 00 00 00 00 05 00 
00 00 00 00 00 00 02 00 00 00 00 00 00 00 29 00 
00 00 6c 0b 02 00 00 00 00 00 2c 01 00 00 05 05 
===========================================
