08 1a c0 1a 00 bb 00 1c a5 2c 18 ef 00 00 07 07 
07 07 07 00 00 10 00 00 00 00 00 04 00 00 00 00 
28 5f 54 24 a5 1c 00 83 6f 9a ba 00 00 00 00 21 
00 00 01 01 02 00 00 00 00 00 00 00 0b 00 00 00 
02 01 89 ff b5 56 04 00 00 00 05 f2 00 39 0c 02 
00 a1 00 00 00 01 d5 56 01 00 00 00 93 00 be 39 
00 00 01 00 00 00 00 00 01 00 00 00 23 00 02 00 
03 00 01 00 68 00 81 01 00 00 f1 00 e4 54 00 00 
00 00 07 03 01 07 00 07 00 00 00 00 00 00 00 00 
00 00 00 00 00 00 00 00 00 00 00 00 00 00 00 00 
00 00 00 00 00 02 00 01 00 00 00 00 00 00 00 00 
00 00 00 00 00 00 00 00 00 00 00 00 00 00 00 00 
00 00 
