08	25	c0	00	02	15	00	2b	9d	56	
32	3f	00	00	00	00	75	18	1a	05	
00	00	00	00	7c	00	0e	00	1b	00	
50	01	51	01	61	00	10	00	27	19	
0f	19	2a	19	0e	19	1c	19	ca	18	
9d	3f	cb	0c	f5	00	f3	00	f5	00	
01	00	4e	19	33	19	33	19	33	19	
33	19	4e	19	5a	00	ad	00	74	08	
71	08	6f	02	65	00	01	01	01	00	
f2	00	f2	00	f2	00	f2	00	f2	00	
f2	00	00	00	00	00	01	00	00	00	
8b	00	00	00	11	47	0f	00	01	00	
16	00	31	00	00	00	07	01	01	03	
03	03	04	00	01	01	01	01	01	01	
01	00	05	00	00	00	74	a2	02	00	
00	00	00	00	00	00	00	00	00	00	
00	00	00	00	00	00	00	00	00	00	
00	00	00	00	00	00	00	00	00	00	
00	00	00	00	00	00	00	00	00	00	
00	00	00	00	00	00	00	00	00	00	
00	00	00	00	00	00	00	00	