08 1a c9 b7 00 bb 00 1b 09 eb 0d a0 00 00 07 07 
07 07 07 00 00 7f 00 00 00 00 00 9a 0e 00 00 01 
28 5e 54 dd 09 1b 00 77 a8 5c b3 00 00 00 00 21 
00 00 01 01 02 00 00 00 00 00 00 00 06 00 00 00 
02 01 84 ff b2 56 04 00 00 00 05 f0 00 57 1b 02 
00 bd 00 00 00 01 d2 56 00 01 00 00 b1 00 d6 40 
00 00 01 00 00 00 00 00 01 00 00 00 23 00 02 00 
03 00 01 00 3a 03 2b 01 00 00 d8 00 e3 54 00 00 
00 00 07 04 01 0a 00 0a 00 00 00 00 00 00 00 00 
00 00 00 00 00 00 00 00 00 00 00 00 00 00 00 00 
00 00 00 00 00 02 00 01 00 00 00 00 00 00 00 00 
00 00 00 00 00 00 00 00 00 00 00 00 00 00 00 00 
00 00 
