08 1a e6 2d 00 bb 00 19 cb f2 0d ab 00 00 07 07 
07 07 07 00 00 4a 00 00 00 00 00 89 07 00 00 01 
28 5e 54 e0 cb 19 00 54 8d 5e b3 00 00 00 00 21 
00 00 01 01 02 00 00 00 00 00 00 00 00 00 00 00 
02 01 86 ff b1 56 02 00 00 00 05 ef 00 82 bd 00 
00 a6 00 01 00 01 d2 56 00 01 00 00 92 00 ea 40 
00 00 01 00 00 00 00 00 01 00 00 00 23 00 02 00 
03 00 01 00 a6 00 c5 01 00 00 d8 00 e3 54 00 00 
00 00 07 03 01 08 00 08 00 00 00 00 00 00 00 00 
00 00 00 00 00 00 00 00 00 00 00 00 00 00 00 00 
00 00 00 00 00 02 00 01 00 00 00 00 00 00 00 00 
00 00 00 00 00 00 00 00 00 00 00 00 00 00 00 00 
00 00 
