08 25 c0 00 02 15 00 2f 80 e9 6a 4b 00 00 00 00 
75 18 1a 05 00 00 00 00 7c 00 07 00 12 00 0f 01 
0e 01 c6 00 1b 00 aa 18 92 18 a0 18 a0 18 bc 18 
af 18 bc 3f cb 0c e1 00 de 00 e2 00 01 00 ad 18 
ad 18 ad 18 ad 18 ad 18 ad 18 2c 00 71 00 ac 06 
a6 06 e5 04 aa 00 01 01 01 00 eb 00 eb 00 eb 00 
eb 00 eb 00 eb 00 00 00 00 00 01 00 00 00 8b 00 
00 00 1f 2b 13 00 01 00 16 00 31 00 00 00 07 01 
01 03 03 03 04 00 01 01 01 01 01 01 01 00 05 00 
00 00 ca a1 02 00 00 00 00 00 00 00 00 00 00 00 
00 00 00 00 00 00 00 00 00 00 00 00 00 00 00 00 
00 00 00 00 00 00 00 00 00 00 00 00 00 00 00 00 
00 00 00 00 00 00 00 00 00 00 00 00 00 00 00 00 

