08	25	c0	00	02	15	00	2c	42	73	
fe	3c	00	00	00	00	75	18	14	05	
00	00	00	00	bc	00	36	00	3b	00	
10	00	03	00	06	00	03	00	f8	ff	
f8	ff	1c	00	17	02	12	00	0c	00	
12	00	00	00	00	00	00	00	00	00	
28	3f	28	3f	04	01	13	01	22	3f	
00	00	00	00	00	00	00	00	01	01	
00	00	01	01	00	00	01	01	01	00	
00	00	00	00	c0	00	be	00	00	01	
00	00	a2	00	00	00	4a	ec	0f	00	
01	00	03	00	01	00	00	00	00	00	
00	00	00	00	00	00	00	00	00	00	
00	00	00	00	00	00	00	00	00	00	
00	00	24	3f	94	ff	35	ff	29	3f	
00	00	00	00	07	02	02	01	04	06	
00	00	01	01	01	01	01	01	00	00	
00	00	00	00	05	00	00	00	00	00	
00	00	01	00	00	00	00	00	00	00	
29	00	00	00	57	a2	02	00	00	00	
00	00	28	01	00	00	05	05	