===== REPORT RAW CHUNK DUMP (208 bytes) =====
08 25 c0 00 02 15 00 3c ab 54 b8 c5 00 00 00 00 
75 18 1a 05 00 00 00 00 7c 00 36 00 3f 00 37 00 
32 00 0e 00 0c 00 de 41 c8 41 c8 41 b0 41 63 39 
ac 3b 7d 3f cb 0c b9 00 b8 00 b9 00 01 00 19 43 
f0 43 23 48 4f 43 d4 45 9e 45 8e 03 24 04 9e 03 
48 03 cd 00 b7 00 01 01 01 00 7f 02 87 02 af 02 
81 02 99 02 97 02 78 2f 7b b5 01 00 00 00 8d 00 
00 00 45 ea 01 00 01 00 16 00 31 00 00 00 07 01 
01 03 03 03 04 00 01 01 01 01 01 01 01 00 05 00 
00 00 b4 a2 02 00 00 00 00 00 00 00 00 00 00 00 
00 00 00 00 00 00 00 00 00 00 00 00 00 00 00 00 
00 00 00 00 00 00 00 00 00 00 00 00 00 00 00 00 
00 00 00 00 00 00 00 00 00 00 00 00 00 00 00 00 
===========================================
