08 25 c0 00 02 15 00 36 22 35 14 ca 00 00 00 00 
75 18 14 05 2c f8 ff ff bc 00 36 00 3b 00 13 00 
d9 ff 06 00 00 00 f8 ff fb ff 19 00 fa 01 12 00 
0c 00 12 00 00 00 00 00 00 00 00 00 84 3f 84 3f 
04 01 13 01 7e 3f 00 00 00 00 00 00 00 00 01 01 
00 00 01 01 00 00 01 01 01 00 00 00 00 00 d7 00 
d4 00 00 01 00 00 a3 00 00 00 6c 9b 02 00 01 03 
03 00 01 00 00 00 00 00 00 00 00 00 00 00 00 00 
00 00 00 00 00 00 00 00 00 00 00 00 00 00 80 3f 
95 ff 5d 00 86 3f 00 00 00 00 07 02 02 01 04 06 
00 00 01 01 01 01 01 01 00 00 00 00 00 00 05 00 
00 00 00 00 00 00 02 00 00 00 00 00 00 00 29 00 
00 00 15 a1 02 00 00 00 00 00 28 01 00 00 05 05 

