===== REPORT RAW CHUNK DUMP (208 bytes) =====
08 25 c0 00 02 15 00 3b 6f 3f 28 d8 00 00 00 00 
75 18 14 05 00 00 00 00 bc 00 36 00 3e 00 13 00 
03 00 06 00 03 00 f8 ff f8 ff 0f 01 08 02 12 00 
0c 00 15 00 00 00 00 00 00 00 00 00 9a 3d 8b 3d 
04 01 13 01 95 3d 00 00 00 00 00 00 00 00 01 01 
00 00 01 01 00 00 01 01 01 00 00 00 00 00 33 01 
31 01 00 01 00 00 a3 00 00 00 20 e9 07 00 01 03 
03 00 01 00 00 00 00 00 00 00 00 00 00 00 00 00 
00 00 00 00 00 00 00 00 00 00 00 00 00 00 97 3d 
94 ff eb ff ab 3d 00 00 00 00 07 02 02 01 04 06 
00 00 01 01 01 01 01 01 00 00 00 00 00 00 05 00 
00 00 00 00 00 00 02 00 00 00 00 00 00 00 29 00 
00 00 0a f4 01 00 00 00 00 00 2b 01 00 00 05 05 
===========================================
