===== REPORT RAW CHUNK DUMP (208 bytes) =====
08 25 c0 00 02 15 00 3c c2 ae 46 ce 00 00 00 00 
75 18 1a 05 00 00 00 00 7c 00 38 00 43 00 41 00 
40 00 0e 00 0d 00 c2 41 ba 41 ba 41 a2 41 d3 37 
9d 39 5e 3f cb 0c dc 00 db 00 db 00 01 00 4b 49 
ba 43 18 45 ef 45 d4 45 d4 45 ae 03 67 04 45 04 
33 04 c8 00 bf 00 01 01 01 00 ba 02 85 02 94 02 
96 02 9b 02 99 02 78 2f 7b b5 01 00 00 00 8d 00 
00 00 a1 01 02 00 01 00 16 00 31 00 00 00 07 01 
01 03 03 03 04 00 01 01 01 01 01 01 01 00 05 00 
00 00 58 8b 02 00 00 00 00 00 00 00 00 00 00 00 
00 00 00 00 00 00 00 00 00 00 00 00 00 00 00 00 
00 00 00 00 00 00 00 00 00 00 00 00 00 00 00 00 
00 00 00 00 00 00 00 00 00 00 00 00 00 00 00 00 
===========================================
