08 1a e6 5e 00 bb 00 19 cd 1a 91 d5 00 00 07 07 
07 07 07 00 00 4a 00 00 00 00 00 8f 07 00 00 01 
28 5e 54 ee cc 19 00 cf 25 66 b1 00 00 00 00 21 
00 00 01 01 02 00 00 00 00 00 00 00 01 00 00 00 
00 01 8b ff b1 56 02 00 00 00 05 ef 00 74 bc 00 
00 b7 00 00 00 01 d2 56 00 01 00 00 a4 00 d6 40 
00 00 01 00 00 00 00 00 01 00 00 00 23 00 02 00 
03 00 01 00 ce 01 b8 01 00 00 24 01 e3 54 00 00 
00 00 07 04 01 09 00 09 00 00 00 00 00 00 00 00 
00 00 00 00 00 00 00 00 00 00 00 00 00 00 00 00 
00 00 00 00 00 02 00 01 00 00 00 00 00 00 00 00 
00 00 00 00 00 00 00 00 00 00 00 00 00 00 00 00 
00 00 
