08 25 c0 00 02 15 00 2f 81 41 2c 3f 00 00 00 00 
75 18 1a 05 00 00 00 00 7c 00 09 00 11 00 43 00 
3c 00 0e 00 0c 00 46 02 10 13 f1 41 d9 41 50 38 
61 3c 9d 3f cb 0c dc 00 dd 00 de 00 01 00 3f 46 
0a 46 78 42 07 4a 3f 46 ab 46 05 00 52 00 6b 04 
f3 03 c9 00 b9 00 01 01 01 00 9b 02 9b 02 79 02 
bf 02 9f 02 a3 02 00 00 00 00 01 00 00 00 8b 00 
00 00 76 2b 13 00 01 00 16 00 31 00 00 00 07 01 
01 03 03 03 04 00 01 01 01 01 01 01 01 00 05 00 
00 00 73 a1 02 00 00 00 00 00 00 00 00 00 00 00 
00 00 00 00 00 00 00 00 00 00 00 00 00 00 00 00 
00 00 00 00 00 00 00 00 00 00 00 00 00 00 00 00 
00 00 00 00 00 00 00 00 00 00 00 00 00 00 00 00 

