===== REPORT RAW CHUNK DUMP (208 bytes) =====
08 25 c0 00 02 15 00 3b 6e cf 56 d1 00 00 00 00 
75 18 14 05 2c f8 ff ff bc 00 36 00 41 00 13 00 
06 00 06 00 0c 00 f8 ff fb ff 8b 01 22 02 15 00 
0c 00 15 00 00 00 00 00 00 00 00 00 9a 3d 8b 3d 
13 01 13 01 85 3d 00 00 00 00 00 00 00 00 01 01 
00 00 01 01 00 00 01 01 01 00 00 00 00 00 2c 01 
29 01 00 01 00 00 a3 00 00 00 b0 e8 07 00 01 03 
03 00 01 00 00 00 00 00 00 00 00 00 00 00 00 00 
00 00 00 00 00 00 00 00 00 00 00 00 00 00 97 3d 
94 ff 07 00 ab 3d 00 00 00 00 07 02 02 01 04 06 
00 00 01 01 01 01 01 01 00 00 00 00 00 00 05 00 
00 00 00 00 00 00 02 00 00 00 00 00 00 00 29 00 
00 00 93 f4 01 00 00 00 00 00 2c 01 00 00 05 05 
===========================================
