08 25 c0 00 02 15 00 30 d3 fb ca 4e 00 00 00 00 
75 18 14 05 00 00 00 00 bc 00 36 00 35 00 10 00 
00 00 06 00 03 00 f8 ff fe ff 19 00 08 02 12 00 
09 00 12 00 00 00 00 00 00 00 00 00 84 3f 75 3f 
04 01 13 01 7e 3f 00 00 00 00 00 00 00 00 01 01 
00 00 01 01 00 00 01 01 01 00 00 00 00 00 c5 00 
c4 00 00 01 00 00 a2 00 00 00 64 7e 14 00 01 00 
03 00 01 00 00 00 00 00 00 00 00 00 00 00 00 00 
00 00 00 00 00 00 00 00 00 00 00 00 00 00 80 3f 
94 ff 42 00 7e 3f 00 00 00 00 07 02 02 01 04 06 
00 00 01 01 01 01 01 01 00 00 00 00 00 00 05 00 
00 00 00 00 00 00 01 00 00 00 00 00 00 00 29 00 
00 00 be a1 02 00 00 00 00 00 28 01 00 00 05 05 

