08 25 c0 00 02 15 00 2f 7f c9 78 3f 00 00 00 00 
75 18 14 05 00 00 00 00 bc 00 33 00 3b 00 10 00 
03 00 06 00 00 00 f8 ff fb ff 1c 00 0b 02 15 00 
09 00 15 00 00 00 00 00 00 00 00 00 84 3f 75 3f 
13 01 13 01 7e 3f 00 00 00 00 00 00 00 00 01 01 
00 00 01 01 00 00 01 01 01 00 00 00 00 00 ca 00 
c9 00 00 01 00 00 a2 00 00 00 07 2a 13 00 01 00 
03 00 01 00 00 00 00 00 00 00 00 00 00 00 00 00 
00 00 00 00 00 00 00 00 00 00 00 00 00 00 80 3f 
94 ff 4c 00 81 3f 00 00 00 00 07 02 02 01 04 06 
00 00 01 01 01 01 01 01 00 00 00 00 00 00 05 00 
00 00 00 00 00 00 01 00 00 00 00 00 00 00 29 00 
00 00 ea a2 02 00 00 00 00 00 28 01 00 00 05 05 

