===== REPORT RAW CHUNK DUMP (208 bytes) =====
08 25 c0 00 02 15 00 3e a4 ad 7a e0 00 00 00 00 
75 18 14 05 00 00 00 00 bc 00 36 00 3b 00 10 00 
03 00 06 00 00 00 f8 ff fb ff 1f 00 17 02 12 00 
09 00 12 00 00 00 00 00 00 00 00 00 ae 3e bd 3e 
13 01 13 01 b7 3e 00 00 00 00 00 00 00 00 01 01 
00 00 01 01 00 00 01 01 01 00 00 00 00 00 b1 00 
af 00 00 01 00 00 a3 00 00 00 f4 1e 0b 00 01 03 
03 00 01 00 00 00 00 00 00 00 00 00 00 00 00 00 
00 00 00 00 00 00 00 00 00 00 00 00 00 00 b9 3e 
95 ff 30 ff bd 3e 00 00 00 00 07 02 02 01 04 06 
00 00 01 01 01 01 01 01 00 00 00 00 00 00 05 00 
00 00 00 00 00 00 02 00 00 00 00 00 00 00 29 00 
00 00 ad a2 02 00 00 00 00 00 28 01 00 00 05 05 
===========================================
