08	25	c0	00	02	15	00	2c	f1	27	
86	4b	00	00	00	00	75	18	14	05	
00	00	00	00	bc	00	36	00	3b	00	
10	00	03	00	06	00	00	00	f8	ff	
fb	ff	1c	00	0b	02	12	00	0c	00	
15	00	00	00	00	00	00	00	00	00	
47	3f	47	3f	04	01	13	01	41	3f	
00	00	00	00	00	00	00	00	01	01	
00	00	01	01	00	00	01	01	01	00	
00	00	00	00	e8	00	e6	00	00	01	
00	00	a2	00	00	00	13	9b	10	00	
01	00	03	00	01	00	00	00	00	00	
00	00	00	00	00	00	00	00	00	00	
00	00	00	00	00	00	00	00	00	00	
00	00	34	3f	94	ff	77	00	48	3f	
00	00	00	00	07	02	02	01	04	06	
00	00	01	01	01	01	01	01	00	00	
00	00	00	00	05	00	00	00	00	00	
00	00	01	00	00	00	00	00	00	00	
29	00	00	00	d1	a2	02	00	00	00	
00	00	29	01	00	00	05	05	