===== REPORT RAW CHUNK DUMP (208 bytes) =====
08 25 c0 00 02 15 00 3c c1 ad 9a da 00 00 00 00 
75 18 1a 05 00 00 00 00 7c 00 39 00 44 00 49 00 
45 00 0e 00 0c 00 d0 41 ba 41 c8 41 a2 41 af 3a 
f8 3a 5e 3f cb 0c d2 00 d3 00 d4 00 01 00 91 44 
b9 45 4d 45 84 43 3f 46 ab 46 c0 03 78 04 cd 04 
87 04 d2 00 b5 00 01 01 01 00 8d 02 98 02 96 02 
81 02 9d 02 9f 02 78 2f 7b b5 01 00 00 00 8d 00 
00 00 a0 00 02 00 01 00 16 00 31 00 00 00 07 01 
01 03 03 03 04 00 01 01 01 01 01 01 01 00 05 00 
00 00 59 8c 02 00 00 00 00 00 00 00 00 00 00 00 
00 00 00 00 00 00 00 00 00 00 00 00 00 00 00 00 
00 00 00 00 00 00 00 00 00 00 00 00 00 00 00 00 
00 00 00 00 00 00 00 00 00 00 00 00 00 00 00 00 
===========================================
