===== REPORT RAW CHUNK DUMP (208 bytes) =====
08 25 c0 00 02 15 00 3e 16 94 92 ec 00 00 00 00 
75 18 1a 05 00 00 00 00 7c 00 3d 00 48 00 41 00 
3c 00 0e 00 0d 00 fa 41 e3 41 e3 41 cc 41 81 37 
fc 37 7d 3f cb 0c bb 00 bb 00 bb 00 01 00 b6 49 
c6 46 d4 45 d4 45 75 46 0a 46 06 04 be 04 48 04 
f2 03 c6 00 ba 00 01 01 01 00 be 02 a2 02 99 02 
97 02 9f 02 9b 02 78 2f 7b b5 01 00 00 00 8d 00 
00 00 b0 55 03 00 01 00 16 00 31 00 00 00 07 01 
01 03 03 03 04 00 01 01 01 01 01 01 01 00 05 00 
00 00 ad f2 01 00 00 00 00 00 00 00 00 00 00 00 
00 00 00 00 00 00 00 00 00 00 00 00 00 00 00 00 
00 00 00 00 00 00 00 00 00 00 00 00 00 00 00 00 
00 00 00 00 00 00 00 00 00 00 00 00 00 00 00 00 
===========================================
