08	25	c0	00	02	15	00	2b	9d	81	
12	38	00	00	00	00	75	18	1a	05	
00	00	00	00	7c	00	11	00	1d	00	
5b	01	5c	01	5a	00	11	00	51	19	
2a	19	62	19	61	19	01	19	6a	11	
9d	3f	cb	0c	f5	00	f5	00	f7	00	
01	00	4e	19	4e	19	4e	19	4e	19	
fd	18	4e	19	6e	00	ba	00	ce	08	
d4	08	40	02	4b	00	01	01	01	00	
f0	00	f0	00	f0	00	f0	00	ee	00	
f0	00	00	00	00	00	01	00	00	00	
8b	00	00	00	3c	47	0f	00	01	00	
16	00	31	00	00	00	07	01	01	03	
03	03	04	00	01	01	01	01	01	01	
01	00	05	00	00	00	49	a2	02	00	
00	00	00	00	00	00	00	00	00	00	
00	00	00	00	00	00	00	00	00	00	
00	00	00	00	00	00	00	00	00	00	
00	00	00	00	00	00	00	00	00	00	
00	00	00	00	00	00	00	00	00	00	
00	00	00	00	00	00	00	00	