===== REPORT RAW CHUNK DUMP (208 bytes) =====
08 25 c0 00 02 15 00 3c ab 7f 22 c9 00 00 00 00 
75 18 1a 05 00 00 00 00 7c 00 31 00 3b 00 36 00 
31 00 0e 00 0c 00 de 41 d5 41 c8 41 b0 41 a2 38 
90 3b 7d 3f cb 0c bb 00 bb 00 bc 00 01 00 9e 45 
33 45 22 4a e3 42 ab 46 3f 46 3a 03 e2 03 8d 03 
37 03 ca 00 b6 00 01 01 01 00 97 02 93 02 c2 02 
7d 02 a1 02 9d 02 78 2f 7b b5 01 00 00 00 8d 00 
00 00 6f ea 01 00 01 00 16 00 31 00 00 00 07 01 
01 03 03 03 04 00 01 01 01 01 01 01 01 00 05 00 
00 00 8a a2 02 00 00 00 00 00 00 00 00 00 00 00 
00 00 00 00 00 00 00 00 00 00 00 00 00 00 00 00 
00 00 00 00 00 00 00 00 00 00 00 00 00 00 00 00 
00 00 00 00 00 00 00 00 00 00 00 00 00 00 00 00 
===========================================
