===== REPORT RAW CHUNK DUMP (208 bytes) =====
08 25 c0 00 02 15 00 3b 6e b6 1e cc 00 00 00 00 
75 18 14 05 00 00 00 00 bc 00 36 00 3b 00 13 00 
03 00 06 00 09 00 f8 ff f8 ff 0f 01 31 02 15 00 
0c 00 15 00 00 00 00 00 00 00 00 00 9a 3d 8b 3d 
13 01 22 01 95 3d 00 00 00 00 00 00 00 00 01 01 
00 00 01 01 00 00 01 01 01 00 00 00 00 00 29 01 
27 01 00 01 00 00 a3 00 00 00 97 e8 07 00 01 03 
03 00 01 00 00 00 00 00 00 00 00 00 00 00 00 00 
00 00 00 00 00 00 00 00 00 00 00 00 00 00 97 3d 
94 ff 07 00 ab 3d 00 00 00 00 07 02 02 01 04 06 
00 00 01 01 01 01 01 01 00 00 00 00 00 00 05 00 
00 00 00 00 00 00 02 00 00 00 00 00 00 00 29 00 
00 00 93 f4 01 00 00 00 00 00 2c 01 00 00 05 05 
===========================================
