===== REPORT RAW CHUNK DUMP (208 bytes) =====
08 25 c0 00 02 15 00 3c ac 95 ac dd 00 00 00 00 
75 18 1a 05 00 00 00 00 7c 00 30 00 3d 00 33 00 
30 00 0e 00 0c 00 de 41 c8 41 c8 41 a2 41 04 37 
79 38 5e 3f cb 0c ca 00 c9 00 ca 00 01 00 d3 47 
33 45 74 48 81 49 3f 46 0a 46 29 03 03 04 5a 03 
26 03 c5 00 ad 00 01 01 01 00 ae 02 95 02 b4 02 
be 02 9d 02 9d 02 78 2f 7b b5 01 00 00 00 8d 00 
00 00 86 eb 01 00 01 00 16 00 31 00 00 00 07 01 
01 03 03 03 04 00 01 01 01 01 01 01 01 00 05 00 
00 00 73 a1 02 00 00 00 00 00 00 00 00 00 00 00 
00 00 00 00 00 00 00 00 00 00 00 00 00 00 00 00 
00 00 00 00 00 00 00 00 00 00 00 00 00 00 00 00 
00 00 00 00 00 00 00 00 00 00 00 00 00 00 00 00 
===========================================
