===== REPORT RAW CHUNK DUMP (208 bytes) =====
08 25 c0 00 02 15 00 3c ac 39 ca d8 00 00 00 00 
75 18 14 05 00 00 00 00 bc 00 36 00 3b 00 10 00 
00 00 06 00 00 00 f8 ff fb ff 46 00 05 02 12 00 
09 00 12 00 00 00 00 00 00 00 00 00 37 3f 38 3f 
13 01 13 01 32 3f 00 00 00 00 00 00 00 00 01 01 
00 00 01 01 00 00 01 01 01 00 00 00 00 00 c8 00 
c6 00 00 01 00 00 a3 00 00 00 41 26 09 00 01 03 
03 00 01 00 00 00 00 00 00 00 00 00 00 00 00 00 
00 00 00 00 00 00 00 00 00 00 00 00 00 00 34 3f 
94 ff bb ff 41 3f 00 00 00 00 07 02 02 01 04 06 
00 00 01 01 01 01 01 01 00 00 00 00 00 00 05 00 
00 00 00 00 00 00 02 00 00 00 00 00 00 00 29 00 
00 00 cf a1 02 00 00 00 00 00 28 01 00 00 05 05 
===========================================
