08	25	c0	00	02	15	00	2c	42	5c	
dc	46	00	00	00	00	75	18	14	05	
00	00	00	00	bc	00	36	00	3b	00	
10	00	03	00	06	00	03	00	f8	ff	
f8	ff	1c	00	17	02	12	00	09	00	
12	00	00	00	00	00	00	00	00	00	
28	3f	28	3f	04	01	13	01	22	3f	
00	00	00	00	00	00	00	00	01	01	
00	00	01	01	00	00	01	01	01	00	
00	00	00	00	c0	00	bf	00	00	01	
00	00	a2	00	00	00	33	ec	0f	00	
01	00	03	00	01	00	00	00	00	00	
00	00	00	00	00	00	00	00	00	00	
00	00	00	00	00	00	00	00	00	00	
00	00	24	3f	94	ff	34	ff	29	3f	
00	00	00	00	07	02	02	01	04	06	
00	00	01	01	01	01	01	01	00	00	
00	00	00	00	05	00	00	00	00	00	
00	00	01	00	00	00	00	00	00	00	
29	00	00	00	6e	a2	02	00	00	00	
00	00	2b	01	00	00	05	05	