08 25 c0 00 02 15 00 2e 42 da 8a 43 00 00 00 00 
75 18 1a 05 00 00 00 00 7c 00 47 00 53 00 c2 00 
cb 00 16 00 d2 00 57 18 4d 18 77 18 69 18 69 18 
85 18 bc 3f cb 0c cf 00 ce 00 d1 00 01 00 5c 18 
5c 18 5c 18 5c 18 5c 18 5c 18 ba 01 04 02 bf 04 
f4 04 89 00 26 05 01 01 01 00 e8 00 e8 00 e8 00 
e8 00 e8 00 e8 00 00 00 00 00 01 00 00 00 8b 00 
00 00 e9 ec 11 00 01 00 16 00 31 00 00 00 07 01 
01 03 03 03 04 00 01 01 01 01 01 01 01 00 05 00 
00 00 af a2 02 00 00 00 00 00 00 00 00 00 00 00 
00 00 00 00 00 00 00 00 00 00 00 00 00 00 00 00 
00 00 00 00 00 00 00 00 00 00 00 00 00 00 00 00 
00 00 00 00 00 00 00 00 00 00 00 00 00 00 00 00 

