08 25 c0 00 02 15 00 32 26 5e e0 44 00 00 00 00 
75 18 14 05 00 00 00 00 bc 00 33 00 3b 00 13 00 
00 00 06 00 03 00 f8 ff fb ff 1c 00 0b 02 12 00 
09 00 12 00 00 00 00 00 00 00 00 00 84 3f 84 3f 
04 01 13 01 8d 3f 00 00 00 00 00 00 00 00 01 01 
00 00 01 01 00 00 01 01 01 00 00 00 00 00 cd 00 
ca 00 00 01 00 00 a2 00 00 00 f1 d0 15 00 01 00 
03 00 01 00 00 00 00 00 00 00 00 00 00 00 00 00 
00 00 00 00 00 00 00 00 00 00 00 00 00 00 8f 3f 
94 ff 9a 00 8b 3f 00 00 00 00 07 02 02 01 04 06 
00 00 01 01 01 01 01 01 00 00 00 00 00 00 05 00 
00 00 00 00 00 00 01 00 00 00 00 00 00 00 29 00 
00 00 34 0b 02 00 00 00 00 00 2b 01 00 00 05 05 

