===== REPORT RAW CHUNK DUMP (208 bytes) =====
08 25 c0 00 02 15 00 3c 14 6f 58 c3 00 00 00 00 
75 18 14 05 2c f8 ff ff bc 00 36 00 3b 00 10 00 
03 00 09 00 00 00 f8 ff f8 ff 1f 00 05 02 12 00 
0c 00 12 00 00 00 00 00 00 00 00 00 ae 3e ae 3e 
04 01 13 01 a8 3e 00 00 00 00 00 00 00 00 01 01 
00 00 01 01 00 00 01 01 01 00 00 00 00 00 c5 00 
c4 00 00 01 00 00 a3 00 00 00 64 8e 08 00 01 03 
03 00 01 00 00 00 00 00 00 00 00 00 00 00 00 00 
00 00 00 00 00 00 00 00 00 00 00 00 00 00 d4 3d 
94 ff 89 02 ee 3d 00 00 00 00 07 02 02 01 04 06 
00 00 01 01 01 01 01 01 00 00 00 00 00 00 05 00 
00 00 00 00 00 00 02 00 00 00 00 00 00 00 29 00 
00 00 28 f3 01 00 00 00 00 00 29 01 00 00 05 05 
===========================================
