===== REPORT RAW CHUNK DUMP (208 bytes) =====
08 25 c0 00 02 15 00 3c ab 67 ba d2 00 00 00 00 
75 18 1a 05 00 00 00 00 7c 00 33 00 3d 00 35 00 
31 00 0e 00 0c 00 de 41 c8 41 c8 41 b0 41 f5 38 
9e 3b 7d 3f cb 0c b9 00 b9 00 ba 00 01 00 d4 45 
f0 43 23 48 78 42 e1 46 0a 46 5b 03 03 04 7c 03 
37 03 cc 00 b7 00 01 01 01 00 99 02 87 02 ad 02 
79 02 a5 02 9d 02 78 2f 7b b5 01 00 00 00 8d 00 
00 00 58 ea 01 00 01 00 16 00 31 00 00 00 07 01 
01 03 03 03 04 00 01 01 01 01 01 01 01 00 05 00 
00 00 a1 a2 02 00 00 00 00 00 00 00 00 00 00 00 
00 00 00 00 00 00 00 00 00 00 00 00 00 00 00 00 
00 00 00 00 00 00 00 00 00 00 00 00 00 00 00 00 
00 00 00 00 00 00 00 00 00 00 00 00 00 00 00 00 
===========================================
