===== REPORT RAW CHUNK DUMP (208 bytes) =====
08 25 c0 00 02 15 00 3a c1 72 30 fc 00 00 00 00 
75 18 17 05 00 00 00 00 90 00 14 00 1a 00 1a 00 
17 00 0c 00 15 00 0c 00 15 00 14 00 ba 13 00 00 
00 00 00 00 46 04 00 00 00 00 00 00 00 00 cc 0c 
20 3f d4 00 00 00 01 00 01 00 00 00 00 00 00 00 
00 00 01 00 00 00 79 00 00 00 3b 3b 07 00 01 00 
03 00 00 00 00 00 00 00 00 00 00 00 00 00 00 00 
00 00 00 00 07 02 02 04 00 00 00 00 01 01 01 01 
00 00 00 00 00 00 05 00 00 00 00 00 00 00 00 00 
00 00 00 00 00 00 00 00 00 00 ed a1 02 00 00 00 
00 00 00 00 00 00 05 05 00 00 00 00 00 00 00 00 
00 00 00 00 00 00 00 00 00 00 00 00 00 00 00 00 
00 00 00 00 00 00 00 00 00 00 00 00 00 00 00 00 
===========================================
