08 1a e3 b8 00 bb 00 19 b6 3b a5 c8 00 00 07 07 
07 07 07 00 00 44 00 00 00 00 00 0d 07 00 00 01 
28 5e 54 14 b6 19 00 e2 16 3d b5 00 00 00 00 21 
00 00 01 01 02 00 00 00 00 00 00 00 01 00 00 00 
00 01 88 ff b1 56 02 00 00 00 05 ef 00 51 d3 00 
00 ca 00 00 00 01 d2 56 00 01 00 00 c3 00 7a 40 
00 00 01 00 00 00 00 00 01 00 00 00 23 00 02 00 
03 00 01 00 d7 02 8b 00 00 00 d8 00 e3 54 00 00 
00 00 07 03 01 09 00 09 00 00 00 00 00 00 00 00 
00 00 00 00 00 00 00 00 00 00 00 00 00 00 00 00 
00 00 00 00 00 02 00 01 00 00 00 00 00 00 00 00 
00 00 00 00 00 00 00 00 00 00 00 00 00 00 00 00 
00 00 
