===== REPORT RAW CHUNK DUMP (208 bytes) =====
08 25 c0 00 02 15 00 3a bf a0 f6 ca 00 00 00 00 
75 18 14 05 00 00 00 00 bc 00 39 00 38 00 10 00 
03 00 06 00 00 00 f8 ff f8 ff 19 00 05 02 12 00 
0c 00 12 00 00 00 00 00 00 00 00 00 37 3f 38 3f 
04 01 13 01 41 3f 00 00 00 00 00 00 00 00 01 01 
00 00 01 01 00 00 01 01 01 00 00 00 00 00 d2 00 
d0 00 00 01 00 00 a3 00 00 00 6c 39 07 00 01 03 
03 00 01 00 00 00 00 00 00 00 00 00 00 00 00 00 
00 00 00 00 00 00 00 00 00 00 00 00 00 00 43 3f 
94 ff 38 ff 40 3f 00 00 00 00 07 02 02 01 04 06 
00 00 01 01 01 01 01 01 00 00 00 00 00 00 05 00 
00 00 00 00 00 00 02 00 00 00 00 00 00 00 29 00 
00 00 6e fe 01 00 00 00 00 00 28 01 00 00 05 05 
===========================================
