08 25 c0 00 02 15 00 39 6e 72 d2 d3 00 00 00 00 
75 18 14 05 00 00 00 00 bc 00 36 00 3b 00 10 00 
03 00 06 00 00 00 f8 ff fb ff 1c 00 05 02 12 00 
09 00 12 00 00 00 00 00 00 00 00 00 19 3f 28 3f 
04 01 13 01 22 3f 00 00 00 00 00 00 00 00 01 01 
00 00 01 01 00 00 01 01 01 00 00 00 00 00 c5 00 
c4 00 00 01 00 00 a3 00 00 00 13 e8 05 00 01 03 
03 00 01 00 00 00 00 00 00 00 00 00 00 00 00 00 
00 00 00 00 00 00 00 00 00 00 00 00 00 00 24 3f 
94 ff 37 ff 24 3f 00 00 00 00 07 02 02 01 04 06 
00 00 01 01 01 01 01 01 00 00 00 00 00 00 05 00 
00 00 00 00 00 00 02 00 00 00 00 00 00 00 29 00 
00 00 c9 a0 02 00 00 00 00 00 2b 01 00 00 05 05 

