08 25 c0 00 02 15 00 38 19 62 88 b5 00 00 00 00 
75 18 14 05 2c f8 ff ff bc 00 36 00 3b 00 10 00 
00 00 06 00 03 00 f8 ff f8 ff 1c 00 fa 01 15 00 
09 00 12 00 00 00 00 00 00 00 00 00 37 3f 38 3f 
13 01 13 01 32 3f 00 00 00 00 00 00 00 00 01 01 
00 00 01 01 00 00 01 01 01 00 00 00 00 00 de 00 
dc 00 00 01 00 00 a3 00 00 00 d8 92 04 00 01 03 
03 00 01 00 00 00 00 00 00 00 00 00 00 00 00 00 
00 00 00 00 00 00 00 00 00 00 00 00 00 00 43 3f 
95 ff 39 ff 41 3f 00 00 00 00 07 02 02 01 04 06 
00 00 01 01 01 01 01 01 00 00 00 00 00 00 05 00 
00 00 00 00 00 00 02 00 00 00 00 00 00 00 29 00 
00 00 c8 a2 02 00 00 00 00 00 28 01 00 00 05 05 

