08 1a e3 a3 00 bb 00 19 b5 aa 79 d5 00 00 07 07 
07 07 07 00 00 44 00 00 00 00 00 0a 07 00 00 01 
28 5e 54 8d b5 19 00 d3 6e 4f b5 00 00 00 00 21 
00 00 01 01 02 00 00 00 00 00 00 00 2a 00 00 00 
00 01 84 ff b1 56 02 00 00 00 05 ef 00 d8 d3 00 
00 c0 00 00 00 01 d2 56 00 01 00 00 bd 00 16 40 
00 00 01 00 00 00 00 00 01 00 00 00 23 00 02 00 
03 00 01 00 03 02 27 00 00 00 d8 00 e3 54 00 00 
00 00 07 03 01 09 00 09 00 00 00 00 00 00 00 00 
00 00 00 00 00 00 00 00 00 00 00 00 00 00 00 00 
00 00 00 00 00 02 00 01 00 00 00 00 00 00 00 00 
00 00 00 00 00 00 00 00 00 00 00 00 00 00 00 00 
00 00 
