===== REPORT RAW CHUNK DUMP (208 bytes) =====
08 25 c0 00 02 15 00 3b 6e 9a f2 ca 00 00 00 00 
75 18 1a 05 00 00 00 00 7c 00 4c 00 51 00 78 00 
69 00 3a 00 47 00 3d 40 29 40 37 40 20 40 2e 40 
57 40 c9 3d c7 0c 24 01 22 01 24 01 01 00 5a 46 
24 46 81 49 5c 44 d3 47 b6 49 e1 04 32 05 b4 07 
bb 06 b8 03 91 04 01 01 01 00 9e 02 9c 02 bc 02 
8b 02 ae 02 be 02 78 2f 7b b5 01 00 00 00 8d 00 
00 00 65 ad 00 00 01 00 16 00 31 00 00 00 07 01 
01 03 03 03 04 00 01 01 01 01 01 01 01 00 05 00 
00 00 d7 f4 01 00 00 00 00 00 00 00 00 00 00 00 
00 00 00 00 00 00 00 00 00 00 00 00 00 00 00 00 
00 00 00 00 00 00 00 00 00 00 00 00 00 00 00 00 
00 00 00 00 00 00 00 00 00 00 00 00 00 00 00 00 
===========================================
