08 25 c0 00 02 15 00 2e 2b e6 14 5f 00 00 00 00 
75 18 17 05 00 00 00 00 90 00 17 00 1d 00 1a 00 
14 00 0f 00 12 00 0f 00 15 00 14 00 00 00 00 00 
00 00 00 00 46 04 00 00 00 00 00 00 00 00 ce 0c 
7c 3f d4 00 00 00 00 2f 00 00 00 00 00 00 00 00 
00 b6 01 00 00 00 78 00 00 00 f6 d5 11 00 01 00 
03 00 00 00 00 00 00 00 00 00 00 00 00 00 00 00 
00 00 00 00 07 02 02 04 00 00 00 00 01 01 01 01 
00 00 00 00 1b b6 05 00 00 00 00 00 00 00 00 00 
00 00 00 00 00 00 00 00 00 00 3f 0b 02 00 00 00 
00 00 00 00 00 00 05 05 1b b6 00 00 00 00 00 00 
00 00 00 00 00 00 00 00 00 00 00 00 00 00 00 00 
00 00 00 00 00 00 00 00 00 00 00 00 00 00 00 00 

