08 1a e6 37 00 bb 00 19 cc 38 ab c8 00 00 07 07 
07 07 07 00 00 4a 00 00 00 00 00 8a 07 00 00 01 
28 5e 54 0d cc 19 00 84 4a 5c b3 00 00 00 00 21 
00 00 01 01 02 00 00 00 00 00 00 00 0b 00 00 00 
02 01 87 ff b1 56 02 00 00 00 05 ef 00 55 bd 00 
00 a9 00 00 00 01 d2 56 00 01 00 00 95 00 d6 40 
00 00 01 00 00 00 00 00 01 00 00 00 23 00 02 00 
03 00 01 00 b2 00 05 02 00 00 d8 00 e3 54 00 00 
00 00 07 03 01 08 00 08 00 00 00 00 00 00 00 00 
00 00 00 00 00 00 00 00 00 00 00 00 00 00 00 00 
00 00 00 00 00 02 00 01 00 00 00 00 00 00 00 00 
00 00 00 00 00 00 00 00 00 00 00 00 00 00 00 00 
00 00 
