===== REPORT RAW CHUNK DUMP (208 bytes) =====
08 25 c0 00 02 15 00 3e a4 93 56 d5 00 00 00 00 
75 18 14 05 00 00 00 00 bc 00 33 00 3b 00 10 00 
00 00 06 00 00 00 f8 ff f8 ff 1f 00 05 02 12 00 
09 00 15 00 00 00 00 00 00 00 00 00 bd 3e cc 3e 
13 01 13 01 b7 3e 00 00 00 00 00 00 00 00 01 01 
00 00 01 01 00 00 01 01 01 00 00 00 00 00 b1 00 
b1 00 00 01 00 00 a3 00 00 00 d9 1e 0b 00 01 03 
03 00 01 00 00 00 00 00 00 00 00 00 00 00 00 00 
00 00 00 00 00 00 00 00 00 00 00 00 00 00 c9 3e 
95 ff 34 ff bf 3e 00 00 00 00 07 02 02 01 04 06 
00 00 01 01 01 01 01 01 00 00 00 00 00 00 05 00 
00 00 00 00 00 00 02 00 00 00 00 00 00 00 29 00 
00 00 c8 a2 02 00 00 00 00 00 2a 01 00 00 05 05 
===========================================
