===== REPORT RAW CHUNK DUMP (208 bytes) =====
08 25 c0 00 02 15 00 3c ac 8b 58 af 00 00 00 00 
75 18 1a 05 00 00 00 00 7c 00 30 00 3e 00 34 00 
30 00 0e 00 0d 00 ec 41 c8 41 ba 41 94 41 04 37 
a3 38 7d 3f cb 0c c8 00 c9 00 c9 00 01 00 4b 49 
c7 44 c6 46 df 48 0a 46 9e 45 2a 03 14 04 6a 03 
25 03 c5 00 bc 00 01 01 01 00 b6 02 91 02 a0 02 
b6 02 9b 02 9b 02 78 2f 7b b5 01 00 00 00 8d 00 
00 00 7b eb 01 00 01 00 16 00 31 00 00 00 07 01 
01 03 03 03 04 00 01 01 01 01 01 01 01 00 05 00 
00 00 7e a1 02 00 00 00 00 00 00 00 00 00 00 00 
00 00 00 00 00 00 00 00 00 00 00 00 00 00 00 00 
00 00 00 00 00 00 00 00 00 00 00 00 00 00 00 00 
00 00 00 00 00 00 00 00 00 00 00 00 00 00 00 00 
===========================================
