08	25	c0	00	02	15	00	27	a1	8f	
b4	37	00	00	00	00	75	18	14	05	
00	00	00	00	bc	00	36	00	3b	00	
10	00	03	00	06	00	03	00	f8	ff	
f8	ff	1c	00	0b	02	12	00	09	00	
12	00	00	00	00	00	00	00	00	00	
84	3f	84	3f	04	01	13	01	7e	3f	
00	00	00	00	00	00	00	00	01	01	
00	00	01	01	00	00	01	01	01	00	
00	00	00	00	d7	00	d5	00	00	01	
00	00	a2	00	00	00	d3	4a	0b	00	
01	00	03	00	01	00	00	00	00	00	
00	00	00	00	00	00	00	00	00	00	
00	00	00	00	00	00	00	00	00	00	
00	00	80	3f	95	ff	36	00	83	3f	
00	00	00	00	07	02	02	01	04	06	
00	00	01	01	01	01	01	01	00	00	
00	00	00	00	05	00	00	00	00	00	
00	00	01	00	00	00	00	00	00	00	
29	00	00	00	0f	0c	02	00	00	00	
00	00	2a	01	00	00	05	05	