08	25	c0	00	02	15	00	2c	42	f7	
d8	44	00	00	00	00	75	18	14	05	
00	00	00	00	bc	00	36	00	3b	00	
10	00	03	00	06	00	00	00	f8	ff	
f8	ff	1c	00	14	02	12	00	0c	00	
12	00	00	00	00	00	00	00	00	00	
19	3f	28	3f	13	01	13	01	22	3f	
00	00	00	00	00	00	00	00	01	01	
00	00	01	01	00	00	01	01	01	00	
00	00	00	00	bb	00	b9	00	00	01	
00	00	a2	00	00	00	ce	ec	0f	00	
01	00	03	00	01	00	00	00	00	00	
00	00	00	00	00	00	00	00	00	00	
00	00	00	00	00	00	00	00	00	00	
00	00	24	3f	94	ff	34	ff	22	3f	
00	00	00	00	07	02	02	01	04	06	
00	00	01	01	01	01	01	01	00	00	
00	00	00	00	05	00	00	00	00	00	
00	00	01	00	00	00	00	00	00	00	
29	00	00	00	d3	a1	02	00	00	00	
00	00	2b	01	00	00	05	05	