08 25 c0 00 02 15 00 2e 43 0a ae 37 00 00 00 00 
75 18 1a 05 00 00 00 00 7c 00 35 00 41 00 0b 01 
16 01 1e 00 68 00 cc 17 c3 17 ec 17 df 17 df 17 
fa 17 9d 3f cb 0c cf 00 cf 00 d1 00 01 00 f1 17 
f1 17 f1 17 f1 17 f1 17 f1 17 42 01 8b 01 63 06 
a2 06 b7 00 7e 02 01 01 01 00 e6 00 e6 00 e6 00 
e6 00 e6 00 e6 00 00 00 00 00 01 00 00 00 8b 00 
00 00 19 ed 11 00 01 00 16 00 31 00 00 00 07 01 
01 03 03 03 04 00 01 01 01 01 01 01 01 00 05 00 
00 00 7f a2 02 00 00 00 00 00 00 00 00 00 00 00 
00 00 00 00 00 00 00 00 00 00 00 00 00 00 00 00 
00 00 00 00 00 00 00 00 00 00 00 00 00 00 00 00 
00 00 00 00 00 00 00 00 00 00 00 00 00 00 00 00 

