08 25 c0 00 02 15 00 36 20 4a 9c e8 00 00 00 00 
75 18 1a 05 92 ff ff ff 7c 00 51 00 64 00 43 00 
43 00 71 00 b0 00 ec 26 d4 26 f0 26 e8 26 11 27 
39 27 9d 3f cb 0c d2 00 d1 00 d4 00 01 00 53 26 
53 26 53 26 53 26 53 26 53 26 27 03 e2 03 9b 02 
9b 02 6a 04 e7 06 01 01 01 00 6f 01 6f 01 6f 01 
6f 01 6f 01 6f 01 78 2f 7b b5 01 00 00 00 8c 00 
00 00 7e 99 02 00 01 00 16 00 00 00 00 00 a0 2f 
7b b5 a8 2f 7b b5 b0 2f 7b b5 90 2f 7b b5 00 00 
00 00 00 00 00 00 00 00 00 00 00 00 00 00 00 00 
00 00 00 00 00 00 00 00 00 00 00 00 00 00 00 00 
00 00 00 00 00 00 00 00 00 00 00 00 00 00 00 00 
00 00 00 00 00 00 00 00 00 00 00 00 00 00 00 00 

