===== REPORT RAW CHUNK DUMP (208 bytes) =====
08 25 c0 00 02 15 00 3b 57 c2 46 cf 00 00 00 00 
75 18 14 05 00 00 00 00 bc 00 39 00 3b 00 10 00 
03 00 06 00 03 00 fb ff fb ff 1c 00 19 02 15 00 
09 00 15 00 00 00 00 00 00 00 00 00 84 3f 75 3f 
04 01 13 01 7e 3f 00 00 00 00 00 00 00 00 01 01 
00 00 01 01 00 00 01 01 01 00 00 00 00 00 e3 00 
e1 00 00 01 00 00 a3 00 00 00 a0 d1 07 00 01 03 
03 00 01 00 00 00 00 00 00 00 00 00 00 00 00 00 
00 00 00 00 00 00 00 00 00 00 00 00 00 00 80 3f 
94 ff 2f 00 83 3f 00 00 00 00 07 02 02 01 04 06 
00 00 01 01 01 01 01 01 00 00 00 00 00 00 05 00 
00 00 00 00 00 00 02 00 00 00 00 00 00 00 29 00 
00 00 8a 0b 02 00 00 00 00 00 28 01 00 00 05 05 
===========================================
