08 25 c0 00 02 15 00 2f 81 0b 60 44 00 00 00 00 
75 18 1a 05 00 00 00 00 7c 00 07 00 11 00 ce 00 
cf 00 5b 00 1e 00 f9 12 d9 12 db 27 c4 27 d2 27 
df 27 bc 3f cb 0c e1 00 df 00 e2 00 01 00 2a 27 
2a 27 2a 27 2a 27 2a 27 2a 27 21 00 52 00 35 08 
3b 08 9f 03 32 01 01 01 01 00 75 01 75 01 75 01 
75 01 75 01 75 01 00 00 00 00 01 00 00 00 8b 00 
00 00 41 2b 13 00 01 00 16 00 31 00 00 00 07 01 
01 03 03 03 04 00 01 01 01 01 01 01 01 00 05 00 
00 00 a8 a1 02 00 00 00 00 00 00 00 00 00 00 00 
00 00 00 00 00 00 00 00 00 00 00 00 00 00 00 00 
00 00 00 00 00 00 00 00 00 00 00 00 00 00 00 00 
00 00 00 00 00 00 00 00 00 00 00 00 00 00 00 00 

