===== REPORT RAW CHUNK DUMP (208 bytes) =====
08 25 c0 00 02 15 00 3c ab b9 aa cd 00 00 00 00 
75 18 14 05 00 00 00 00 bc 00 36 00 3b 00 10 00 
03 00 09 00 00 00 f8 ff fb ff 4c 00 0b 02 12 00 
09 00 12 00 00 00 00 00 00 00 00 00 37 3f 38 3f 
13 01 13 01 32 3f 00 00 00 00 00 00 00 00 01 01 
00 00 01 01 00 00 01 01 01 00 00 00 00 00 c3 00 
c1 00 00 01 00 00 a3 00 00 00 c1 25 09 00 01 03 
03 00 01 00 00 00 00 00 00 00 00 00 00 00 00 00 
00 00 00 00 00 00 00 00 00 00 00 00 00 00 43 3f 
95 ff c0 ff 41 3f 00 00 00 00 07 02 02 01 04 06 
00 00 01 01 01 01 01 01 00 00 00 00 00 00 05 00 
00 00 00 00 00 00 02 00 00 00 00 00 00 00 29 00 
00 00 4f a2 02 00 00 00 00 00 2c 01 00 00 05 05 
===========================================
