===== REPORT RAW CHUNK DUMP (208 bytes) =====
08 25 c0 00 02 15 00 3c ab 5e 00 d9 00 00 00 00 
75 18 1a 05 00 00 00 00 7c 00 34 00 3e 00 36 00 
31 00 0e 00 0c 00 de 41 d5 41 c8 41 b0 41 2c 39 
ac 3b 7d 3f cb 0c b9 00 b9 00 ba 00 01 00 f0 43 
e3 42 82 47 19 43 75 46 75 46 6c 03 14 04 8d 03 
37 03 cc 00 b7 00 01 01 01 00 85 02 81 02 a9 02 
7d 02 9f 02 9f 02 78 2f 7b b5 01 00 00 00 8d 00 
00 00 4e ea 01 00 01 00 16 00 31 00 00 00 07 01 
01 03 03 03 04 00 01 01 01 01 01 01 01 00 05 00 
00 00 ab a2 02 00 00 00 00 00 00 00 00 00 00 00 
00 00 00 00 00 00 00 00 00 00 00 00 00 00 00 00 
00 00 00 00 00 00 00 00 00 00 00 00 00 00 00 00 
00 00 00 00 00 00 00 00 00 00 00 00 00 00 00 00 
===========================================
