08	25	c0	00	02	15	00	28	5d	a7	
98	38	00	00	00	00	75	18	14	05	
00	00	00	00	bc	00	36	00	3b	00	
10	00	03	00	06	00	a3	00	f8	ff	
fb	ff	1c	00	11	02	12	00	0c	00	
12	00	00	00	00	00	00	00	00	00	
eb	3e	fa	3e	04	01	13	01	e5	3e	
00	00	00	00	00	00	00	00	01	01	
00	00	01	01	00	00	01	01	01	00	
00	00	00	00	e3	00	e2	00	00	01	
00	00	a2	00	00	00	02	07	0c	00	
01	00	03	00	01	00	00	00	00	00	
00	00	00	00	00	00	00	00	00	00	
00	00	00	00	00	00	00	00	00	00	
00	00	e7	3e	94	ff	94	fe	f2	3e	
00	00	00	00	07	02	02	01	04	06	
00	00	01	01	01	01	01	01	00	00	
00	00	00	00	05	00	00	00	00	00	
00	00	01	00	00	00	00	00	00	00	
29	00	00	00	e0	4f	01	00	00	00	
00	00	28	01	00	00	05	05	