===== REPORT RAW CHUNK DUMP (208 bytes) =====
08 25 c0 00 02 15 00 3b 59 5f 30 d1 00 00 00 00 
75 18 17 05 00 00 00 00 90 00 11 00 1d 00 1a 00 
17 00 0c 00 12 00 0c 00 15 00 17 00 ba 13 00 00 
00 00 00 00 46 04 00 00 00 00 00 00 00 00 ce 0c 
3f 3f fa 00 00 00 01 00 01 00 00 00 00 00 00 00 
00 00 01 00 00 00 79 00 00 00 3b d3 07 00 01 00 
03 00 00 00 00 00 00 00 00 00 00 00 00 00 00 00 
00 00 00 00 07 02 02 04 00 00 00 00 01 01 01 01 
00 00 00 00 00 00 05 00 00 00 00 00 00 00 00 00 
00 00 00 00 00 00 00 00 00 00 ed 09 02 00 00 00 
00 00 00 00 00 00 05 05 00 00 00 00 00 00 00 00 
00 00 00 00 00 00 00 00 00 00 00 00 00 00 00 00 
00 00 00 00 00 00 00 00 00 00 00 00 00 00 00 00 
===========================================
