08 25 c0 00 02 15 00 30 d3 8c 9c 3a 00 00 00 00 
75 18 1a 05 00 00 00 00 7c 00 09 00 14 00 01 01 
0c 01 3e 00 30 00 d5 23 b3 23 ea 23 9e 23 ba 23 
21 24 bc 3f cb 0c cf 00 cd 00 d0 00 01 00 2d 23 
2d 23 2d 23 12 23 12 23 2d 23 52 00 b6 00 3a 09 
8b 09 37 02 bb 01 01 01 01 00 50 01 50 01 50 01 
50 01 50 01 50 01 00 00 00 00 01 00 00 00 8b 00 
00 00 eb 7d 14 00 01 00 16 00 31 00 00 00 07 01 
01 03 03 03 04 00 01 01 01 01 01 01 01 00 05 00 
00 00 2e a2 02 00 00 00 00 00 00 00 00 00 00 00 
00 00 00 00 00 00 00 00 00 00 00 00 00 00 00 00 
00 00 00 00 00 00 00 00 00 00 00 00 00 00 00 00 
00 00 00 00 00 00 00 00 00 00 00 00 00 00 00 00 

