===== REPORT RAW CHUNK DUMP (208 bytes) =====
08 25 c0 00 02 15 00 3c ab ad 9e cd 00 00 00 00 
75 18 1a 05 00 00 00 00 7c 00 35 00 40 00 3c 00 
37 00 0e 00 0c 00 de 41 c8 41 d5 41 be 41 50 38 
67 3b 7d 3f cb 0c be 00 be 00 be 00 01 00 e2 44 
0a 46 d3 47 0a 46 d4 45 0a 46 7d 03 35 04 f3 03 
9d 03 c9 00 b6 00 01 01 01 00 94 02 9b 02 a8 02 
9b 02 99 02 9d 02 78 2f 7b b5 01 00 00 00 8d 00 
00 00 9d ea 01 00 01 00 16 00 31 00 00 00 07 01 
01 03 03 03 04 00 01 01 01 01 01 01 01 00 05 00 
00 00 5b a2 02 00 00 00 00 00 00 00 00 00 00 00 
00 00 00 00 00 00 00 00 00 00 00 00 00 00 00 00 
00 00 00 00 00 00 00 00 00 00 00 00 00 00 00 00 
00 00 00 00 00 00 00 00 00 00 00 00 00 00 00 00 
===========================================
