08 1a e3 9a 00 bb 00 19 b5 6c 0d b7 00 00 07 07 
07 07 07 00 00 44 00 00 00 00 00 09 07 00 00 01 
28 5e 54 60 b5 19 00 63 35 4c b5 00 00 00 00 21 
00 00 01 01 02 00 00 00 00 00 00 00 19 00 00 00 
02 01 85 ff b1 56 02 00 00 00 05 ef 00 05 d4 00 
00 bc 00 00 00 01 d2 56 00 01 00 00 ba 00 db 3f 
00 00 01 00 00 00 00 00 01 00 00 00 23 00 02 00 
03 00 01 00 2d 01 2d 00 00 00 d8 00 e3 54 00 00 
00 00 07 03 01 09 00 09 00 00 00 00 00 00 00 00 
00 00 00 00 00 00 00 00 00 00 00 00 00 00 00 00 
00 00 00 00 00 02 00 01 00 00 00 00 00 00 00 00 
00 00 00 00 00 00 00 00 00 00 00 00 00 00 00 00 
00 00 
