===== REPORT RAW CHUNK DUMP (208 bytes) =====
08 25 c0 00 02 15 00 3b 70 2a 3a d1 00 00 00 00 
75 18 14 05 2c f8 ff ff bc 00 39 00 3b 00 13 00 
06 00 09 00 00 00 f8 ff fb ff 95 00 19 02 15 00 
0c 00 15 00 00 00 00 00 00 00 00 00 c8 3d b9 3d 
04 01 22 01 b3 3d 00 00 00 00 00 00 00 00 01 01 
00 00 01 01 00 00 01 01 01 00 00 00 00 00 40 01 
3e 01 00 01 00 00 a3 00 00 00 0b ea 07 00 01 03 
03 00 01 00 00 00 00 00 00 00 00 00 00 00 00 00 
00 00 00 00 00 00 00 00 00 00 00 00 00 00 d4 3d 
94 ff 89 02 ee 3d 00 00 00 00 07 02 02 01 04 06 
00 00 01 01 01 01 01 01 00 00 00 00 00 00 05 00 
00 00 00 00 00 00 02 00 00 00 00 00 00 00 29 00 
00 00 28 f3 01 00 00 00 00 00 29 01 00 00 05 05 
===========================================
