===== REPORT RAW CHUNK DUMP (208 bytes) =====
08 25 c0 00 02 15 00 3a c1 3a e6 cf 00 00 00 00 
75 18 14 05 2c f8 ff ff bc 00 0d 00 3b 00 10 00 
03 00 09 00 0c 00 f8 ff fb ff 1c 00 17 02 12 00 
09 00 12 00 00 00 00 00 00 00 00 00 28 3f 28 3f 
13 01 13 01 22 3f 00 00 00 00 00 00 00 00 00 01 
00 00 01 01 00 00 01 01 01 00 00 00 00 00 c8 00 
c6 00 00 01 00 00 a3 00 00 00 06 3b 07 00 01 03 
03 00 01 00 00 00 00 00 00 00 00 00 00 00 00 00 
00 00 00 00 00 00 00 00 00 00 00 00 00 00 34 3f 
94 ff 37 ff 38 3f 00 00 00 00 07 02 02 01 04 06 
00 00 01 01 01 01 01 01 00 00 00 00 00 00 05 00 
00 00 00 00 00 00 02 00 00 00 00 00 00 00 29 00 
00 00 cd fd 01 00 00 00 00 00 2c 01 00 00 05 05 
===========================================
