===== REPORT RAW CHUNK DUMP (208 bytes) =====
08 25 c0 00 02 15 00 3b 6e 3b 62 d9 00 00 00 00 
75 18 1a 05 00 00 00 00 7c 00 3c 00 40 00 68 00 
5a 00 2c 00 37 00 30 40 0d 40 29 40 04 40 12 40 
49 40 c9 3d c7 0c 1d 01 1b 01 1d 01 01 00 e2 44 
67 47 ed 47 26 44 aa 48 b6 49 d9 03 19 04 ac 06 
c2 05 d1 02 89 03 01 01 01 00 90 02 a8 02 ad 02 
89 02 b4 02 be 02 78 2f 7b b5 01 00 00 00 8d 00 
00 00 05 ad 00 00 01 00 16 00 31 00 00 00 07 01 
01 03 03 03 04 00 01 01 01 01 01 01 01 00 05 00 
00 00 37 f5 01 00 00 00 00 00 00 00 00 00 00 00 
00 00 00 00 00 00 00 00 00 00 00 00 00 00 00 00 
00 00 00 00 00 00 00 00 00 00 00 00 00 00 00 00 
00 00 00 00 00 00 00 00 00 00 00 00 00 00 00 00 
===========================================
