08 25 c0 00 02 15 00 30 d3 ba 70 3e 00 00 00 00 
75 18 14 05 00 00 00 00 bc 00 33 00 3b 00 0d 00 
03 00 06 00 00 00 f8 ff fb ff 19 00 08 02 12 00 
09 00 12 00 00 00 00 00 00 00 00 00 84 3f 75 3f 
04 01 13 01 7e 3f 00 00 00 00 00 00 00 00 01 01 
00 00 01 01 00 00 01 01 01 00 00 00 00 00 c3 00 
c2 00 00 01 00 00 a2 00 00 00 22 7e 14 00 01 00 
03 00 01 00 00 00 00 00 00 00 00 00 00 00 00 00 
00 00 00 00 00 00 00 00 00 00 00 00 00 00 80 3f 
97 ff 3e 00 7c 3f 00 00 00 00 07 02 02 01 04 06 
00 00 01 01 01 01 01 01 00 00 00 00 00 00 05 00 
00 00 00 00 00 00 01 00 00 00 00 00 00 00 29 00 
00 00 00 a2 02 00 00 00 00 00 29 01 00 00 05 05 

