08	25	c0	00	02	15	00	27	a2	fe	
c2	68	00	00	00	00	75	18	1a	05	
00	00	00	00	7c	00	df	00	dd	00	
37	00	3a	00	22	01	11	00	71	16	
69	16	85	16	78	16	94	16	91	16	
9d	3f	c7	0c	ed	00	ec	00	ed	00	
01	00	93	16	93	16	93	16	93	16	
93	16	ae	16	01	05	f3	04	3d	01	
4d	01	8c	06	62	00	01	01	01	00	
d7	00	d7	00	d7	00	d7	00	d7	00	
d7	00	00	00	00	00	01	00	00	00	
8b	00	00	00	3c	4c	0b	00	01	00	
16	00	31	00	00	00	07	01	01	03	
03	03	04	00	01	01	01	01	01	01	
01	00	05	00	00	00	a1	0a	02	00	
00	00	00	00	00	00	00	00	00	00	
00	00	00	00	00	00	00	00	00	00	
00	00	00	00	00	00	00	00	00	00	
00	00	00	00	00	00	00	00	00	00	
00	00	00	00	00	00	00	00	00	00	
00	00	00	00	00	00	00	00	