===== REPORT RAW CHUNK DUMP (208 bytes) =====
08 25 c0 00 02 15 00 3a 1a a5 da e9 00 00 00 00 
75 18 1a 05 00 00 00 00 7c 00 12 00 1d 00 2e 00 
2a 00 1f 00 0c 00 de 41 d5 41 f1 41 cc 41 d9 41 
7d 3c 9d 3f cb 0c d7 00 d8 00 d9 00 01 00 75 46 
08 48 26 44 9e 45 3f 46 3f 46 2f 01 e8 01 08 03 
c3 02 0a 02 b9 00 01 01 01 00 a1 02 b0 02 89 02 
95 02 9f 02 9d 02 78 2f 7b b5 01 00 00 00 8c 00 
00 00 58 94 06 00 01 00 16 00 31 00 00 00 07 01 
01 03 03 03 04 00 01 01 01 01 01 01 01 00 05 00 
00 00 a0 0b 02 00 00 00 00 00 00 00 00 00 00 00 
00 00 00 00 00 00 00 00 00 00 00 00 00 00 00 00 
00 00 00 00 00 00 00 00 00 00 00 00 00 00 00 00 
00 00 00 00 00 00 00 00 00 00 00 00 00 00 00 00 
===========================================
