08	25	c0	00	02	15	00	28	df	6d	
7c	2c	00	00	00	00	75	18	14	05	
00	00	00	00	bc	00	33	00	3e	00	
10	00	03	00	06	00	00	00	f8	ff	
f8	ff	1c	00	0b	02	12	00	0c	00	
12	00	00	00	00	00	00	00	00	00	
84	3f	84	3f	13	01	13	01	7e	3f	
00	00	00	00	00	00	00	00	01	01	
00	00	01	01	00	00	01	01	01	00	
00	00	00	00	cd	00	ca	00	00	01	
00	00	a2	00	00	00	d8	88	0c	00	
01	00	03	00	01	00	00	00	00	00	
00	00	00	00	00	00	00	00	00	00	
00	00	00	00	00	00	00	00	00	00	
00	00	80	3f	95	ff	3c	00	80	3f	
00	00	00	00	07	02	02	01	04	06	
00	00	01	01	01	01	01	01	00	00	
00	00	00	00	05	00	00	00	00	00	
00	00	01	00	00	00	00	00	00	00	
29	00	00	00	06	22	02	00	00	00	
00	00	2b	01	00	00	05	05	