08	25	c0	00	02	15	00	2b	85	d4	
e4	41	00	00	00	00	75	18	1a	05	
00	00	00	00	7c	00	09	00	16	00	
f0	00	f9	00	1e	00	8e	00	10	1f	
00	1f	1b	1f	0a	1f	33	1f	4d	1f	
9d	3f	c7	0c	e1	00	df	00	e3	00	
01	00	8e	1e	8e	1e	8e	1e	8e	1e	
8e	1e	8e	1e	47	00	ae	00	77	07	
ba	07	ef	00	71	04	01	01	01	00	
24	01	24	01	24	01	24	01	24	01	
24	01	00	00	00	00	01	00	00	00	
8b	00	00	00	8d	2f	0f	00	01	00	
16	00	31	00	00	00	07	01	01	03	
03	03	04	00	01	01	01	01	01	01	
01	00	05	00	00	00	0b	0b	02	00	
00	00	00	00	00	00	00	00	00	00	
00	00	00	00	00	00	00	00	00	00	
00	00	00	00	00	00	00	00	00	00	
00	00	00	00	00	00	00	00	00	00	
00	00	00	00	00	00	00	00	00	00	
00	00	00	00	00	00	00	00	