08 25 c0 00 02 15 00 38 c9 0c 80 cd 00 00 00 00 
75 18 14 05 2c f8 ff ff bc 00 36 00 3b 00 10 00 
03 00 06 00 00 00 f8 ff fb ff 1c 00 17 02 15 00 
0c 00 12 00 00 00 00 00 00 00 00 00 84 3f 84 3f 
13 01 13 01 7e 3f 00 00 00 00 00 00 00 00 01 01 
00 00 01 01 00 00 01 01 01 00 00 00 00 00 e6 00 
e5 00 00 01 00 00 a3 00 00 00 98 42 05 00 01 03 
03 00 01 00 00 00 00 00 00 00 00 00 00 00 00 00 
00 00 00 00 00 00 00 00 00 00 00 00 00 00 80 3f 
94 ff 2d 00 81 3f 00 00 00 00 07 02 02 01 04 06 
00 00 01 01 01 01 01 01 00 00 00 00 00 00 05 00 
00 00 00 00 00 00 02 00 00 00 00 00 00 00 29 00 
00 00 18 a2 02 00 00 00 00 00 28 01 00 00 05 05 

