08	25	c0	00	02	15	00	28	5e	58	
32	3e	00	00	00	00	75	18	14	05	
00	00	00	00	bc	00	36	00	3b	00	
13	00	00	00	06	00	03	00	f8	ff	
fb	ff	19	00	19	02	15	00	0c	00	
15	00	00	00	00	00	00	00	00	00	
fa	3e	fa	3e	04	01	13	01	f4	3e	
00	00	00	00	00	00	00	00	01	01	
00	00	01	01	00	00	01	01	01	00	
00	00	00	00	de	00	dc	00	00	01	
00	00	a2	00	00	00	b3	07	0c	00	
01	00	03	00	01	00	00	00	00	00	
00	00	00	00	00	00	00	00	00	00	
00	00	00	00	00	00	00	00	00	00	
00	00	f7	3e	94	ff	33	ff	f9	3e	
00	00	00	00	07	02	02	01	04	06	
00	00	01	01	01	01	01	01	00	00	
00	00	00	00	05	00	00	00	00	00	
00	00	01	00	00	00	00	00	00	00	
29	00	00	00	2f	4f	01	00	00	00	
00	00	2c	01	00	00	05	05	