08 25 c0 00 02 15 00 33 7a 1b 0c 39 00 00 00 00 
75 18 14 05 00 00 00 00 bc 00 36 00 2f 00 0d 00 
03 00 06 00 00 00 f8 ff fb ff 19 00 08 02 15 00 
09 00 12 00 00 00 00 00 00 00 00 00 84 3f 75 3f 
13 01 13 01 7e 3f 00 00 00 00 00 00 00 00 01 01 
00 00 01 01 00 00 01 01 01 00 00 00 00 00 cd 00 
cb 00 00 01 00 00 a2 00 00 00 d7 24 17 00 01 00 
03 00 01 00 00 00 00 00 00 00 00 00 00 00 00 00 
00 00 00 00 00 00 00 00 00 00 00 00 00 00 80 3f 
84 ff 47 00 7f 3f 00 00 00 00 07 02 02 01 04 06 
00 00 01 01 01 01 01 01 00 00 00 00 00 00 05 00 
00 00 00 00 00 00 01 00 00 00 00 00 00 00 29 00 
00 00 9b 0b 02 00 00 00 00 00 29 01 00 00 05 05 

