08	25	c0	00	02	15	00	2b	86	ab	
e2	3c	00	00	00	00	75	18	14	05	
00	00	00	00	bc	00	36	00	3b	00	
10	00	03	00	06	00	03	00	f8	ff	
fb	ff	1c	00	19	02	12	00	0c	00	
12	00	00	00	00	00	00	00	00	00	
65	3f	66	3f	04	01	13	01	5f	3f	
00	00	00	00	00	00	00	00	01	01	
00	00	01	01	00	00	01	01	01	00	
00	00	00	00	d7	00	d5	00	00	01	
00	00	a2	00	00	00	6b	30	0f	00	
01	00	03	00	01	00	00	00	00	00	
00	00	00	00	00	00	00	00	00	00	
00	00	00	00	00	00	00	00	00	00	
00	00	62	3f	94	ff	bc	ff	66	3f	
00	00	00	00	07	02	02	01	04	06	
00	00	01	01	01	01	01	01	00	00	
00	00	00	00	05	00	00	00	00	00	
00	00	01	00	00	00	00	00	00	00	
29	00	00	00	b4	a2	02	00	00	00	
00	00	2a	01	00	00	05	05	