08	25	c0	00	02	15	00	27	a2	f3	
54	68	00	00	00	00	75	18	1a	05	
00	00	00	00	7c	00	e5	00	e2	00	
3a	00	3d	00	29	01	11	00	1e	16	
24	16	32	16	25	16	4f	16	3e	16	
bc	3f	c7	0c	ed	00	ec	00	ed	00	
01	00	5d	16	5d	16	5d	16	5d	16	
5d	16	5d	16	10	05	00	05	49	01	
59	01	a0	06	60	00	01	01	01	00	
d5	00	d5	00	d5	00	d5	00	d5	00	
d5	00	00	00	00	00	01	00	00	00	
8b	00	00	00	31	4c	0b	00	01	00	
16	00	31	00	00	00	07	01	01	03	
03	03	04	00	01	01	01	01	01	01	
01	00	05	00	00	00	ac	0a	02	00	
00	00	00	00	00	00	00	00	00	00	
00	00	00	00	00	00	00	00	00	00	
00	00	00	00	00	00	00	00	00	00	
00	00	00	00	00	00	00	00	00	00	
00	00	00	00	00	00	00	00	00	00	
00	00	00	00	00	00	00	00	