08 25 c0 00 02 15 00 32 26 26 10 4b 00 00 00 00 
75 18 1a 05 00 00 00 00 7c 00 34 00 3e 00 54 00 
55 00 77 01 74 00 77 1e 5a 1e 75 1e 72 1e 9b 1e 
b4 1e bc 3f cb 0c d4 00 d2 00 d7 00 01 00 ed 1d 
ed 1d ed 1d ed 1d ed 1d ed 1d 95 01 e1 01 8e 02 
96 02 7a 0b 8f 03 01 01 01 00 1e 01 1e 01 1e 01 
1e 01 1e 01 1e 01 00 00 00 00 01 00 00 00 8b 00 
00 00 af d0 15 00 01 00 16 00 31 00 00 00 07 01 
01 03 03 03 04 00 01 01 01 01 01 01 01 00 05 00 
00 00 6d 0b 02 00 00 00 00 00 00 00 00 00 00 00 
00 00 00 00 00 00 00 00 00 00 00 00 00 00 00 00 
00 00 00 00 00 00 00 00 00 00 00 00 00 00 00 00 
00 00 00 00 00 00 00 00 00 00 00 00 00 00 00 00 

