===== REPORT RAW CHUNK DUMP (208 bytes) =====
08 25 c0 00 02 15 00 3a bf e7 d6 c6 00 00 00 00 
75 18 17 05 00 00 00 00 90 00 14 00 1d 00 1a 00 
17 00 0c 00 15 00 0c 00 15 00 14 00 00 00 00 00 
00 00 00 00 46 04 00 00 00 00 00 00 00 00 cc 0c 
2f 3f de 00 00 00 00 00 00 00 00 00 00 00 00 00 
00 00 01 00 00 00 79 00 00 00 b1 39 07 00 01 00 
03 00 00 00 00 00 00 00 00 00 00 00 00 00 00 00 
00 00 00 00 07 02 02 04 00 00 00 00 01 01 01 01 
00 00 00 00 00 00 05 00 00 00 00 00 00 00 00 00 
00 00 00 00 00 00 00 00 00 00 28 fe 01 00 00 00 
00 00 00 00 00 00 05 05 00 00 00 00 00 00 00 00 
00 00 00 00 00 00 00 00 00 00 00 00 00 00 00 00 
00 00 00 00 00 00 00 00 00 00 00 00 00 00 00 00 
===========================================
