08 25 c0 00 02 15 00 34 35 a6 96 bf 00 00 00 00 
75 18 14 05 00 00 00 00 bc 00 36 00 3b 00 10 00 
03 00 06 00 03 00 f8 ff fb ff 1c 00 fa 01 12 00 
09 00 12 00 00 00 00 00 00 00 00 00 37 3f 38 3f 
13 01 13 01 32 3f 00 00 00 00 00 00 00 00 01 01 
00 00 01 01 00 00 01 01 01 00 00 00 00 00 eb 00 
e9 00 00 01 00 00 a3 00 00 00 a0 ae 00 00 01 03 
03 00 01 00 00 00 00 00 00 00 00 00 00 00 00 00 
00 00 00 00 00 00 00 00 00 00 00 00 00 00 43 3f 
95 ff 3a ff 45 3f 00 00 00 00 07 02 02 01 04 06 
00 00 01 01 01 01 01 01 00 00 00 00 00 00 05 00 
00 00 00 00 00 00 02 00 00 00 00 00 00 00 29 00 
00 00 69 e7 01 00 00 00 00 00 2b 01 00 00 05 05 

