===== REPORT RAW CHUNK DUMP (208 bytes) =====
08 25 c0 00 02 15 00 3c ac 0d 70 f8 00 00 00 00 
75 18 1a 05 00 00 00 00 7c 00 3a 00 47 00 40 00 
3b 00 0e 00 0c 00 de 41 d5 41 d5 41 be 41 b8 37 
1a 3a 7d 3f cb 0c c3 00 c3 00 c4 00 01 00 e3 42 
18 45 e2 44 08 48 e1 46 3f 46 d1 03 ac 04 36 04 
e0 03 c7 00 b2 00 01 01 01 00 7b 02 96 02 90 02 
ae 02 a1 02 97 02 78 2f 7b b5 01 00 00 00 8d 00 
00 00 fd ea 01 00 01 00 16 00 31 00 00 00 07 01 
01 03 03 03 04 00 01 01 01 01 01 01 01 00 05 00 
00 00 fc a1 02 00 00 00 00 00 00 00 00 00 00 00 
00 00 00 00 00 00 00 00 00 00 00 00 00 00 00 00 
00 00 00 00 00 00 00 00 00 00 00 00 00 00 00 00 
00 00 00 00 00 00 00 00 00 00 00 00 00 00 00 00 
===========================================
