08 1a e6 41 00 bb 00 19 cc 6c 1b cc 00 00 07 07 
07 07 07 00 00 4a 00 00 00 00 00 8c 07 00 00 01 
28 5e 54 67 cc 19 00 f1 d7 64 b3 00 00 00 00 21 
00 00 01 01 02 00 00 00 00 00 00 00 03 00 00 00 
00 01 87 ff b1 56 02 00 00 00 05 ef 00 fb bc 00 
00 ae 00 00 00 01 d2 56 00 01 00 00 9a 00 ea 40 
00 00 01 00 00 00 00 00 01 00 00 00 23 00 02 00 
03 00 01 00 9d 00 23 02 00 00 e4 00 e3 54 00 00 
00 00 07 03 01 09 00 09 00 00 00 00 00 00 00 00 
00 00 00 00 00 00 00 00 00 00 00 00 00 00 00 00 
00 00 00 00 00 02 00 01 00 00 00 00 00 00 00 00 
00 00 00 00 00 00 00 00 00 00 00 00 00 00 00 00 
00 00 
