08 1a f8 ae 00 bb 00 1a 71 79 71 da 00 00 07 07 
07 07 07 00 00 65 00 00 00 00 00 37 0b 00 00 01 
28 5e 54 76 71 1a 00 77 21 67 b3 00 00 00 00 21 
00 00 01 01 02 00 00 00 00 00 00 00 04 00 00 00 
02 01 84 ff b1 56 02 00 00 00 05 ef 00 d8 17 00 
00 ad 00 00 00 01 d2 56 00 01 00 00 85 00 16 40 
00 00 01 00 00 00 00 00 01 00 00 00 20 00 02 00 
03 00 01 00 00 02 0f 00 00 00 d8 00 e3 54 00 00 
00 00 07 03 01 09 00 0a 00 00 00 00 00 00 00 00 
00 00 00 00 00 00 00 00 00 00 00 00 00 00 00 00 
00 00 00 00 00 02 00 01 00 00 00 00 00 00 00 00 
00 00 00 00 00 00 00 00 00 00 00 00 00 00 00 00 
00 00 
