08 25 c0 00 02 15 00 39 83 64 80 cc 00 00 00 00 
75 18 14 05 00 00 00 00 bc 00 36 00 3b 00 10 00 
03 00 09 00 00 00 f8 ff fb ff 1c 00 17 02 15 00 
09 00 15 00 00 00 00 00 00 00 00 00 28 3f 38 3f 
04 01 13 01 32 3f 00 00 00 00 00 00 00 00 01 01 
00 00 01 01 00 00 01 01 01 00 00 00 00 00 d9 00 
d7 00 00 01 00 00 a3 00 00 00 07 fd 05 00 01 03 
03 00 01 00 00 00 00 00 00 00 00 00 00 00 00 00 
00 00 00 00 00 00 00 00 00 00 00 00 00 00 34 3f 
94 ff 34 ff 3b 3f 00 00 00 00 07 02 02 01 04 06 
00 00 01 01 01 01 01 01 00 00 00 00 00 00 05 00 
00 00 00 00 00 00 02 00 00 00 00 00 00 00 29 00 
00 00 f4 a2 02 00 00 00 00 00 29 01 00 00 05 05 

