08	25	c0	00	02	15	00	2b	9c	db	
4c	6a	00	00	00	00	75	18	14	05	
00	00	00	00	bc	00	36	00	3e	00	
10	00	03	00	06	00	00	00	f8	ff	
fb	ff	1c	00	14	02	12	00	0c	00	
12	00	00	00	00	00	00	00	00	00	
84	3f	84	3f	04	01	22	01	7e	3f	
00	00	00	00	00	00	00	00	01	01	
00	00	01	01	00	00	01	01	01	00	
00	00	00	00	e3	00	e2	00	00	01	
00	00	a2	00	00	00	9d	46	0f	00	
01	00	03	00	01	00	00	00	00	00	
00	00	00	00	00	00	00	00	00	00	
00	00	00	00	00	00	00	00	00	00	
00	00	80	3f	94	ff	46	00	84	3f	
00	00	00	00	07	02	02	01	04	06	
00	00	01	01	01	01	01	01	00	00	
00	00	00	00	05	00	00	00	00	00	
00	00	01	00	00	00	00	00	00	00	
29	00	00	00	ef	a2	02	00	00	00	
00	00	2b	01	00	00	05	05	