08 25 c0 00 02 15 00 2f 81 11 1e 38 00 00 00 00 
75 18 1a 05 00 00 00 00 7c 00 07 00 12 00 c0 00 
c0 00 4e 00 1d 00 60 12 5e 0c 0b 2b 00 2b 1c 2b 
4a 2b 9d 3f cb 0c e1 00 df 00 e3 00 01 00 36 2a 
36 2a 36 2a 36 2a 36 2a 36 2a 20 00 38 00 43 08 
41 08 5c 03 41 01 01 01 01 00 91 01 91 01 91 01 
91 01 8f 01 91 01 00 00 00 00 01 00 00 00 8b 00 
00 00 46 2b 13 00 01 00 16 00 31 00 00 00 07 01 
01 03 03 03 04 00 01 01 01 01 01 01 01 00 05 00 
00 00 a3 a1 02 00 00 00 00 00 00 00 00 00 00 00 
00 00 00 00 00 00 00 00 00 00 00 00 00 00 00 00 
00 00 00 00 00 00 00 00 00 00 00 00 00 00 00 00 
00 00 00 00 00 00 00 00 00 00 00 00 00 00 00 00 

