===== REPORT RAW CHUNK DUMP (208 bytes) =====
08 25 c0 00 02 15 00 3c ac 77 ca d7 00 00 00 00 
75 18 1a 05 00 00 00 00 7c 00 31 00 3e 00 35 00 
31 00 0e 00 0d 00 d0 41 c8 41 c8 41 a2 41 04 37 
a3 38 7d 3f cb 0c c8 00 c8 00 c8 00 01 00 e1 46 
84 43 31 47 15 49 0a 46 ab 46 39 03 14 04 7c 03 
37 03 c5 00 bc 00 01 01 01 00 a5 02 85 02 a8 02 
ba 02 9d 02 a1 02 78 2f 7b b5 01 00 00 00 8d 00 
00 00 68 eb 01 00 01 00 16 00 31 00 00 00 07 01 
01 03 03 03 04 00 01 01 01 01 01 01 01 00 05 00 
00 00 91 a1 02 00 00 00 00 00 00 00 00 00 00 00 
00 00 00 00 00 00 00 00 00 00 00 00 00 00 00 00 
00 00 00 00 00 00 00 00 00 00 00 00 00 00 00 00 
00 00 00 00 00 00 00 00 00 00 00 00 00 00 00 00 
===========================================
