08 1a e6 69 00 bb 00 19 cd 54 0d 9a 00 00 07 07 
07 07 07 00 00 4a 00 00 00 00 00 91 07 00 00 01 
28 5e 54 48 cd 19 00 76 ec 56 b5 00 00 00 00 21 
00 00 01 01 02 00 00 00 00 00 00 00 04 00 00 00 
00 01 85 ff b1 56 02 00 00 00 05 ef 00 1a bc 00 
00 bd 00 00 00 01 d2 56 00 01 00 00 ab 00 ea 40 
00 00 01 00 00 00 00 00 01 00 00 00 23 00 02 00 
03 00 01 00 00 03 16 01 00 00 d8 00 e3 54 00 00 
00 00 07 03 01 0a 00 0a 00 00 00 00 00 00 00 00 
00 00 00 00 00 00 00 00 00 00 00 00 00 00 00 00 
00 00 00 00 00 02 00 01 00 00 00 00 00 00 00 00 
00 00 00 00 00 00 00 00 00 00 00 00 00 00 00 00 
00 00 
