08	25	c0	00	02	15	00	29	9b	2e	
ee	37	00	00	00	00	75	18	1a	05	
00	00	00	00	7c	00	09	00	12	00	
0f	00	14	00	10	00	13	00	07	01	
06	01	06	01	21	01	3d	01	23	01	
5e	3f	cb	0c	e1	00	df	00	e1	00	
01	00	0a	46	3f	46	3f	46	ab	46	
3f	46	75	46	02	00	04	00	03	00	
05	00	05	00	05	00	01	01	01	00	
9f	02	9d	02	9f	02	9d	02	9d	02	
9d	02	00	00	00	00	01	00	00	00	
8b	00	00	00	aa	44	0d	00	01	00	
16	00	31	00	00	00	07	01	01	03	
03	03	04	00	01	01	01	01	01	01	
01	00	05	00	00	00	34	a2	02	00	
00	00	00	00	00	00	00	00	00	00	
00	00	00	00	00	00	00	00	00	00	
00	00	00	00	00	00	00	00	00	00	
00	00	00	00	00	00	00	00	00	00	
00	00	00	00	00	00	00	00	00	00	
00	00	00	00	00	00	00	00	