08 25 c0 00 02 15 00 2e 42 ee c2 4a 00 00 00 00 
75 18 1a 05 00 00 00 00 7c 00 44 00 50 00 f5 00 
00 01 0f 00 86 00 95 17 8c 17 a7 17 a8 17 b5 17 
c2 17 bc 3f cb 0c cf 00 ce 00 d1 00 01 00 a0 17 
a0 17 a0 17 a0 17 a0 17 a0 17 9a 01 e2 01 cb 05 
0e 06 5b 00 2e 03 01 01 01 00 e0 00 e0 00 e0 00 
e0 00 e0 00 e0 00 00 00 00 00 01 00 00 00 8b 00 
00 00 fd ec 11 00 01 00 16 00 31 00 00 00 07 01 
01 03 03 03 04 00 01 01 01 01 01 01 01 00 05 00 
00 00 9b a2 02 00 00 00 00 00 00 00 00 00 00 00 
00 00 00 00 00 00 00 00 00 00 00 00 00 00 00 00 
00 00 00 00 00 00 00 00 00 00 00 00 00 00 00 00 
00 00 00 00 00 00 00 00 00 00 00 00 00 00 00 00 

