08	25	c0	00	02	15	00	27	a1	39	
bc	40	00	00	00	00	75	18	1a	05	
00	00	00	00	7c	00	5e	00	68	00	
5c	01	61	01	5b	00	16	00	ad	13	
a8	13	d2	13	d4	13	c6	13	cd	13	
bc	3f	c7	0c	e1	00	e1	00	e2	00	
01	00	d8	13	d8	13	d8	13	d8	13	
d8	13	d8	13	d9	01	0b	02	e5	06	
ff	06	cc	01	6f	00	01	01	01	00	
bd	00	bd	00	bd	00	bd	00	bd	00	
bd	00	00	00	00	00	01	00	00	00	
8b	00	00	00	77	4a	0b	00	01	00	
16	00	31	00	00	00	07	01	01	03	
03	03	04	00	01	01	01	01	01	01	
01	00	05	00	00	00	66	0c	02	00	
00	00	00	00	00	00	00	00	00	00	
00	00	00	00	00	00	00	00	00	00	
00	00	00	00	00	00	00	00	00	00	
00	00	00	00	00	00	00	00	00	00	
00	00	00	00	00	00	00	00	00	00	
00	00	00	00	00	00	00	00	