08 1a c0 36 00 bb 00 1c a6 06 17 0c 00 00 07 07 
07 07 07 00 00 10 00 00 00 00 00 08 00 00 00 00 
28 5f 54 d8 a5 1c 00 1a 07 a8 b8 00 00 00 00 21 
00 00 01 01 02 00 00 00 00 00 00 00 07 00 00 00 
00 01 84 ff b5 56 04 00 00 00 05 f2 00 85 0b 02 
00 ad 00 00 00 01 d5 56 01 00 00 00 9d 00 1a 3a 
00 00 01 00 00 00 00 00 01 00 00 00 23 00 02 00 
03 00 01 00 41 01 a4 01 00 00 f1 00 e4 54 00 00 
00 00 07 03 01 08 00 08 00 00 00 00 00 00 00 00 
00 00 00 00 00 00 00 00 00 00 00 00 00 00 00 00 
00 00 00 00 00 02 00 01 00 00 00 00 00 00 00 00 
00 00 00 00 00 00 00 00 00 00 00 00 00 00 00 00 
00 00 
