===== REPORT RAW CHUNK DUMP (208 bytes) =====
08 25 c0 00 02 15 00 3b 59 76 28 d1 00 00 00 00 
75 18 17 05 00 00 00 00 90 00 14 00 1d 00 17 00 
14 00 0c 00 15 00 0c 00 15 00 17 00 ab 13 00 00 
00 00 00 00 46 04 00 00 00 00 00 00 00 00 cc 0c 
6d 3f fc 00 00 00 01 00 01 00 00 00 00 00 00 00 
00 00 01 00 00 00 79 00 00 00 52 d3 07 00 01 00 
03 00 00 00 00 00 00 00 00 00 00 00 00 00 00 00 
00 00 00 00 07 02 02 04 00 00 00 00 01 01 01 01 
00 00 00 00 00 00 05 00 00 00 00 00 00 00 00 00 
00 00 00 00 00 00 00 00 00 00 d6 09 02 00 00 00 
00 00 00 00 00 00 05 05 00 00 00 00 00 00 00 00 
00 00 00 00 00 00 00 00 00 00 00 00 00 00 00 00 
00 00 00 00 00 00 00 00 00 00 00 00 00 00 00 00 
===========================================
