===== REPORT RAW CHUNK DUMP (208 bytes) =====
08 25 c0 00 02 15 00 3a 1b 63 e4 da 00 00 00 00 
75 18 14 05 00 00 00 00 bc 00 33 00 35 00 fc ff 
03 00 06 00 03 00 f8 ff fb ff 1c 00 17 02 12 00 
09 00 15 00 00 00 00 00 00 00 00 00 84 3f 84 3f 
13 01 13 01 7e 3f 00 00 00 00 00 00 00 00 01 01 
00 00 01 01 00 00 01 01 01 00 00 00 00 00 d9 00 
d8 00 00 01 00 00 a3 00 00 00 1a 95 06 00 01 03 
03 00 01 00 00 00 00 00 00 00 00 00 00 00 00 00 
00 00 00 00 00 00 00 00 00 00 00 00 00 00 80 3f 
94 ff 4c 00 83 3f 00 00 00 00 07 02 02 01 04 06 
00 00 01 01 01 01 01 01 00 00 00 00 00 00 05 00 
00 00 00 00 00 00 02 00 00 00 00 00 00 00 29 00 
00 00 c0 a2 02 00 00 00 00 00 28 01 00 00 05 05 
===========================================
