===== REPORT RAW CHUNK DUMP (208 bytes) =====
08 25 c0 00 02 15 00 3e 16 e0 9c f6 00 00 00 00 
75 18 14 05 00 00 00 00 bc 00 36 00 3b 00 10 00 
03 00 06 00 00 00 f8 ff f8 ff 1c 00 19 02 12 00 
0c 00 12 00 00 00 00 00 00 00 00 00 56 3f 56 3f 
04 01 13 01 50 3f 00 00 00 00 00 00 00 00 01 01 
00 00 01 01 00 00 01 01 01 00 00 00 00 00 be 00 
bd 00 00 01 00 00 a3 00 00 00 14 91 0a 00 01 03 
03 00 01 00 00 00 00 00 00 00 00 00 00 00 00 00 
00 00 00 00 00 00 00 00 00 00 00 00 00 00 52 3f 
95 ff e8 ff 51 3f 00 00 00 00 07 02 02 01 04 06 
00 00 01 01 01 01 01 01 00 00 00 00 00 00 05 00 
00 00 00 00 00 00 02 00 00 00 00 00 00 00 29 00 
00 00 60 f2 01 00 00 00 00 00 2a 01 00 00 05 05 
===========================================
