08	04	d0	65	00	a5	00	2c	ef	81	
1e	b0	00	00	00	00	43	46	45	5f	
53	42	00	00	00	00	00	00	00	00	
00	00	00	00	00	00	0c	00	02	00	
27	00	00	00	02	00	00	00	55	6e	
73	75	62	73	63	72	69	62	65	20	
45	72	72	3a	4e	6f	20	73	75	62	
73	20	66	6f	72	20	4d	73	67	20	
30	78	38	31	62	20	6f	6e	20	54	
4f	5f	4c	41	42	5f	54	4c	4d	5f	
50	49	50	45	2c	61	70	70	20	54	
4f	5f	4c	41	42	5f	41	50	50	00	
00	00	00	00	00	00	00	00	00	00	
00	00	00	00	00	00	00	00	00	00	
00	00	00	00	00	00	00	00	00	00	
00	00	00	00	00	00	00	00	00	00	
00	00	00	00	00	00	00	00	00	00	
00	00	