08	04	fc	50	00	a5	00	2c	da	cc	
16	c3	00	00	00	00	53	43	00	00	
00	00	00	00	00	00	00	00	00	00	
00	00	00	00	00	00	49	00	02	00	
27	00	00	00	02	00	00	00	52	54	
53	20	4e	75	6d	62	65	72	20	30	
30	33	20	53	74	61	72	74	65	64	
00	00	00	00	00	00	00	00	00	00	
00	00	00	00	00	00	00	00	00	00	
00	00	00	00	00	00	00	00	00	00	
00	00	00	00	00	00	00	00	00	00	
00	00	00	00	00	00	00	00	00	00	
00	00	00	00	00	00	00	00	00	00	
00	00	00	00	00	00	00	00	00	00	
00	00	00	00	00	00	00	00	00	00	
00	00	00	00	00	00	00	00	00	00	
00	00	00	00	00	00	00	00	00	00	
00	00	