08	1a	c0	41	00	bb	00	1c	a6	55	
7d	15	00	00	07	07	07	07	07	00	
00	10	00	00	00	00	00	0a	00	00	
00	00	28	5f	54	32	a6	1c	00	0a	
0b	93	ba	00	00	00	00	21	00	00	
01	01	02	00	00	00	00	00	00	00	
2d	00	00	00	00	01	87	ff	b5	56	
04	00	00	00	05	f2	00	2b	0b	02	
00	b2	00	00	00	01	d5	56	01	00	
00	00	a2	00	56	3a	00	00	01	00	
00	00	00	00	01	00	00	00	23	00	
02	00	03	00	01	00	fd	02	56	00	
00	00	f1	00	e4	54	00	00	00	00	
07	03	01	08	00	08	00	00	00	00	
00	00	00	00	00	00	00	00	00	00	
00	00	00	00	00	00	00	00	00	00	
00	00	00	00	00	02	00	01	00	00	
00	00	00	00	00	00	00	00	00	00	
00	00	00	00	00	00	00	00	00	00	
00	00	00	00	