08	1a	c9	98	00	bb	00	1b	08	e5	
15	dd	00	00	07	07	07	07	07	00	
00	7f	00	00	00	00	00	94	0e	00	
00	01	28	5e	54	cf	08	1b	00	d0	
3b	5f	b1	00	00	00	00	21	00	00	
01	01	02	00	00	00	00	00	00	00	
08	00	00	00	00	01	87	ff	b2	56	
04	00	00	00	05	f0	00	65	1c	02	
00	ac	00	00	00	01	d2	56	00	01	
00	00	a2	00	d6	40	00	00	01	00	
00	00	00	00	01	00	00	00	23	00	
02	00	03	00	01	00	62	00	89	00	
00	00	d8	00	e3	54	00	00	00	00	
07	03	01	0a	00	09	00	00	00	00	
00	00	00	00	00	00	00	00	00	00	
00	00	00	00	00	00	00	00	00	00	
00	00	00	00	00	02	00	01	00	00	
00	00	00	00	00	00	00	00	00	00	
00	00	00	00	00	00	00	00	00	00	
00	00	00	00	