08	16	c0	01	06	45	00	3e	14	be	
3e	fb	00	00	00	00	2f	63	66	2f	
73	64	63	61	72	64	2f	00	00	00	
00	00	00	00	00	00	00	00	00	00	
00	00	00	00	00	00	00	00	00	00	
00	00	00	00	00	00	00	00	00	00	
00	00	00	00	00	00	00	00	00	00	
00	00	00	00	00	00	00	00	00	00	
07	00	00	00	07	00	00	00	00	00	
00	00	4b	69	73	73	30	5f	30	5f	
32	35	35	00	00	00	00	00	00	00	
00	00	00	00	00	00	00	00	00	00	
00	00	00	00	00	00	00	00	00	00	
00	00	00	00	00	00	00	00	00	00	
00	00	00	00	00	00	00	00	00	00	
00	00	00	00	00	00	88	02	00	00	
a6	62	9e	45	06	00	00	00	4b	69	
73	73	30	5f	30	30	30	2d	34	37	
39	00	00	00	00	00	00	00	00	00	
00	00	00	00	00	00	00	00	00	00	
00	00	00	00	00	00	00	00	