08	1a	c9	ac	00	bb	00	1b	09	91	
0d	aa	00	00	07	07	07	07	07	00	
00	7f	00	00	00	00	00	98	0e	00	
00	01	28	5e	54	83	09	1b	00	18	
00	4f	b5	00	00	00	00	21	00	00	
01	01	02	00	00	00	00	00	00	00	
05	00	00	00	02	01	88	ff	b2	56	
04	00	00	00	05	f0	00	b1	1b	02	
00	b8	00	00	00	01	d2	56	00	01	
00	00	ac	00	ea	40	00	00	01	00	
00	00	00	00	01	00	00	00	23	00	
02	00	03	00	01	00	c6	00	b5	01	
00	00	d8	00	e3	54	00	00	00	00	
07	03	01	0a	00	0a	00	00	00	00	
00	00	00	00	00	00	00	00	00	00	
00	00	00	00	00	00	00	00	00	00	
00	00	00	00	00	02	00	01	00	00	
00	00	00	00	00	00	00	00	00	00	
00	00	00	00	00	00	00	00	00	00	
00	00	00	00	