08	1a	e6	4e	00	bb	00	19	cc	a8	
0f	d4	00	00	07	07	07	07	07	00	
00	4a	00	00	00	00	00	8d	07	00	
00	01	28	5e	54	94	cc	19	00	7a	
91	64	b3	00	00	00	00	21	00	00	
01	01	02	00	00	00	00	00	00	00	
07	00	00	00	00	01	86	ff	b1	56	
02	00	00	00	05	ef	00	ce	bc	00	
00	b1	00	00	00	01	d2	56	00	01	
00	00	9e	00	ea	40	00	00	01	00	
00	00	00	00	01	00	00	00	23	00	
02	00	03	00	01	00	b8	00	0e	02	
00	00	d8	00	e3	54	00	00	00	00	
07	03	01	09	00	09	00	00	00	00	
00	00	00	00	00	00	00	00	00	00	
00	00	00	00	00	00	00	00	00	00	
00	00	00	00	00	01	00	01	00	00	
00	00	00	00	00	00	00	00	00	00	
00	00	00	00	00	00	00	00	00	00	
00	00	00	00	