08	1a	c9	b4	00	bb	00	1b	09	d8	
c1	d0	00	00	07	07	07	07	07	00	
00	7f	00	00	00	00	00	99	0e	00	
00	01	28	5e	54	b0	09	1b	00	81	
61	54	b5	00	00	00	00	21	00	00	
01	01	02	00	00	00	00	00	00	00	
32	00	00	00	00	01	85	ff	b2	56	
04	00	00	00	05	f0	00	84	1b	02	
00	bb	00	00	00	01	d2	56	00	01	
00	00	af	00	d6	40	00	00	01	00	
00	00	00	00	01	00	00	00	23	00	
02	00	03	00	01	00	30	02	89	01	
00	00	e4	00	e3	54	00	00	00	00	
07	03	01	0a	00	0a	00	00	00	00	
00	00	00	00	00	00	00	00	00	00	
00	00	00	00	00	00	00	00	00	00	
00	00	00	00	00	01	00	01	00	00	
00	00	00	00	00	00	00	00	00	00	
00	00	00	00	00	00	00	00	00	00	
00	00	00	00	