08	1a	e6	3f	00	bb	00	19	cc	5f	
a3	d6	00	00	07	07	07	07	07	00	
00	4a	00	00	00	00	00	8b	07	00	
00	01	28	5e	54	3a	cc	19	00	ab	
b7	61	b3	00	00	00	00	21	00	00	
01	01	02	00	00	00	00	00	00	00	
03	00	00	00	00	01	87	ff	b1	56	
02	00	00	00	05	ef	00	28	bd	00	
00	ab	00	00	00	01	d2	56	00	01	
00	00	98	00	ea	40	00	00	01	00	
00	00	00	00	01	00	00	00	23	00	
02	00	03	00	01	00	b2	00	23	02	
00	00	d8	00	e3	54	00	00	00	00	
07	03	01	08	00	08	00	00	00	00	
00	00	00	00	00	00	00	00	00	00	
00	00	00	00	00	00	00	00	00	00	
00	00	00	00	00	02	00	01	00	00	
00	00	00	00	00	00	00	00	00	00	
00	00	00	00	00	00	00	00	00	00	
00	00	00	00	