08	1a	e3	a9	00	bb	00	19	b5	d4	
75	c9	00	00	07	07	07	07	07	00	
00	44	00	00	00	00	00	0b	07	00	
00	01	28	5e	54	ba	b5	19	00	fa	
09	67	b1	00	00	00	00	21	00	00	
01	01	02	00	00	00	00	00	00	00	
11	00	00	00	00	01	84	ff	b1	56	
02	00	00	00	05	ef	00	ab	d3	00	
00	c3	00	00	00	01	d2	56	00	01	
00	00	bf	00	3e	40	00	00	01	00	
00	00	00	00	01	00	00	00	23	00	
02	00	03	00	01	00	9f	02	3b	00	
00	00	d8	00	e3	54	00	00	00	00	
07	03	01	09	00	09	00	00	00	00	
00	00	00	00	00	00	00	00	00	00	
00	00	00	00	00	00	00	00	00	00	
00	00	00	00	00	02	00	01	00	00	
00	00	00	00	00	00	00	00	00	00	
00	00	00	00	00	00	00	00	00	00	
00	00	00	00	