08	1a	e3	ae	00	bb	00	19	b5	f5	
0d	a8	00	00	07	07	07	07	07	00	
00	44	00	00	00	00	00	0c	07	00	
00	01	28	5e	54	e7	b5	19	00	5f	
19	65	b3	00	00	00	00	21	00	00	
01	01	02	00	00	00	00	00	00	00	
02	00	00	00	02	01	8b	ff	b1	56	
02	00	00	00	05	ef	00	7e	d3	00	
00	c6	00	00	00	01	d2	56	00	01	
00	00	c1	00	66	40	00	00	01	00	
00	00	00	00	01	00	00	00	23	00	
02	00	03	00	01	00	e5	02	64	00	
00	00	d8	00	e3	54	00	00	00	00	
07	03	01	09	00	09	00	00	00	00	
00	00	00	00	00	00	00	00	00	00	
00	00	00	00	00	00	00	00	00	00	
00	00	00	00	00	02	00	01	00	00	
00	00	00	00	00	00	00	00	00	00	
00	00	00	00	00	00	00	00	00	00	
00	00	00	00	