08	1a	f8	ad	00	bb	00	1a	71	73	
db	d6	00	00	07	07	07	07	07	00	
00	65	00	00	00	00	00	36	0b	00	
00	01	28	5e	54	49	71	1a	00	df	
c6	66	b1	00	00	00	00	21	00	00	
01	01	02	00	00	00	00	00	00	00	
00	00	00	00	02	01	88	ff	b1	56	
02	00	00	00	05	ef	00	05	18	00	
00	ae	00	00	00	01	d2	56	00	01	
00	00	88	00	16	40	00	00	01	00	
00	00	00	00	01	00	00	00	20	00	
02	00	03	00	01	00	00	02	0f	00	
00	00	d8	00	e3	54	00	00	00	00	
07	03	01	09	00	0a	00	00	00	00	
00	00	00	00	00	00	00	00	00	00	
00	00	00	00	00	00	00	00	00	00	
00	00	00	00	00	02	00	01	00	00	
00	00	00	00	00	00	00	00	00	00	
00	00	00	00	00	00	00	00	00	00	
00	00	00	00	