08	26	c0	00	02	1d	00	1c	a5	2e	
e6	bb	00	00	00	00	71	18	1e	05	
00	00	00	00	83	00	9f	3b	ea	3b	
31	01	be	39	6a	00	9b	01	00	00	
f9	01	f1	00	00	00	01	00	00	00	
23	00	02	00	03	00	01	00	00	00	
01	00	00	00	00	00	00	00	00	00	
00	00	00	00	00	00	00	00	00	00	
00	00	00	00	00	00	00	00	00	00	
00	00	00	00	00	00	00	00	00	00	
00	00	00	00	00	00	00	00	00	00	
00	00	00	00	00	00	00	00	05	05	
00	00	00	00	00	00	00	00	00	00	
00	00	00	00	00	00	e4	54	00	00	
0a	00	0d	00	09	00	09	00	07	00	
07	00	07	03	01	00	00	00	00	00	
00	00	00	00	00	00	00	00	00	00	
00	00	00	00	00	00	00	00	00	00	
00	00	00	00	00	00	00	00	00	00	
00	00	00	00	00	00	00	00	00	00	
00	00	00	00	00	00	00	00	