08	1a	c0	04	00	bb	00	1c	a4	78	
18	f2	00	00	07	07	07	07	07	00	
00	10	00	00	00	00	00	00	00	00	
00	00	28	5f	54	70	a4	1c	00	59	
b1	ae	b6	00	00	00	00	21	00	00	
01	01	02	00	00	00	00	00	00	00	
03	00	00	00	02	01	88	ff	b5	56	
04	00	00	00	05	f2	00	ee	0c	02	
00	95	00	00	00	01	d5	56	01	00	
00	00	8b	00	d1	39	00	00	01	00	
00	00	00	00	01	00	00	00	23	00	
02	00	03	00	01	00	27	00	69	01	
00	00	f1	00	e4	54	00	00	00	00	
07	03	01	07	00	07	00	00	00	00	
00	00	00	00	00	00	00	00	00	00	
00	00	00	00	00	00	00	00	00	00	
00	00	00	00	00	02	00	01	00	00	
00	00	00	00	00	00	00	00	00	00	
00	00	00	00	00	00	00	00	00	00	
00	00	00	00	