08	1a	e6	27	00	bb	00	19	cb	d0	
11	b5	00	00	07	07	07	07	07	00	
00	4a	00	00	00	00	00	88	07	00	
00	01	28	5e	54	b3	cb	19	00	d0	
b4	69	b3	00	00	00	00	21	00	00	
01	01	02	00	00	00	00	00	00	00	
00	00	00	00	02	01	87	ff	b1	56	
02	00	00	00	05	ef	00	af	bd	00	
00	a4	00	00	00	01	d2	56	00	01	
00	00	8f	00	d6	40	00	00	01	00	
00	00	00	00	01	00	00	00	23	00	
02	00	03	00	01	00	94	00	48	01	
00	00	d8	00	e3	54	00	00	00	00	
07	03	01	08	00	08	00	00	00	00	
00	00	00	00	00	00	00	00	00	00	
00	00	00	00	00	00	00	00	00	00	
00	00	00	00	00	02	00	01	00	00	
00	00	00	00	00	00	00	00	00	00	
00	00	00	00	00	00	00	00	00	00	
00	00	00	00	