08	1a	e6	63	00	bb	00	19	cd	2d	
0d	c3	00	00	07	07	07	07	07	00	
00	4a	00	00	00	00	00	90	07	00	
00	01	28	5e	54	1b	cd	19	00	5d	
dd	56	b3	00	00	00	00	21	00	00	
01	01	02	00	00	00	00	00	00	00	
02	00	00	00	02	01	88	ff	b1	56	
02	00	00	00	05	ef	00	47	bc	00	
00	bb	00	00	00	01	d2	56	00	01	
00	00	a7	00	ea	40	00	00	01	00	
00	00	00	00	01	00	00	00	23	00	
02	00	03	00	01	00	70	02	72	01	
00	00	e4	00	e3	54	00	00	00	00	
07	04	01	0a	00	09	00	00	00	00	
00	00	00	00	00	00	00	00	00	00	
00	00	00	00	00	00	00	00	00	00	
00	00	00	00	00	01	00	01	00	00	
00	00	00	00	00	00	00	00	00	00	
00	00	00	00	00	00	00	00	00	00	
00	00	00	00	