08	1a	f8	c6	00	bb	00	1a	71	ec	
41	c6	00	00	07	07	07	07	07	00	
00	65	00	00	00	00	00	39	0b	00	
00	01	28	5e	54	d0	71	1a	00	cf	
61	63	b3	00	00	00	00	21	00	00	
01	01	02	00	00	00	00	00	00	00	
09	00	00	00	00	01	85	ff	b1	56	
02	00	00	00	05	ef	00	7e	17	00	
00	aa	00	00	00	01	d2	56	00	01	
00	00	82	00	16	40	00	00	01	00	
00	00	00	00	01	00	00	00	20	00	
02	00	03	00	01	00	00	02	0f	00	
00	00	d8	00	e3	54	00	00	00	00	
07	03	01	09	00	09	00	00	00	00	
00	00	00	00	00	00	00	00	00	00	
00	00	00	00	00	00	00	00	00	00	
00	00	00	00	00	02	00	01	00	00	
00	00	00	00	00	00	00	00	00	00	
00	00	00	00	00	00	00	00	00	00	
00	00	00	00	