================= REPORT SAVE =================

[CCSDS HEADER]
MsgId      : 0x0825
Seq        : 0xC000
Len        : 0x0215
TimeCode   : 00 32 26 5E E0 44
Padding    : 0x00000000

[REPORT BODY]
Reflected MID  : 0x1875
Reflected CC   : 0x14
RetType        : 0x05
RetCode        : 0
RetValSize     : 188

================= PARSED BY MID/CC =================
ReflectedMID : 0x1875
ReflectedCC  : 0x14
PayloadLen   : 188

[EPS P60 DOCK GET TABLE HK]

[Report Data]
c_out[0..12]: 51 59 19 0 6 3 -8 -5 28 523 18 9 18
v_out[0..12]: 0 0 0 0 16260 16260 260 275 16269 0 0 0 0
out_en[0..12]: 1 1 0 0 1 1 0 0 1 1 1 0 0

[Temps]
temp[0..1]: 0 205

[Boot/Time]
bootcause              : 256
bootcnt                : 162
uptime                 : 1429745
resetcause             : 0x0001

[Modes/Flags]
batt_mode              : 3
heater_on              : 0
conv_5v_en              : 1

[Latchups]
latchup[0..12]: 0 0 0 0 0 0 0 0 0 0 0 0 0

[Battery/Power]
vbat_v                 : 16271
vcc_c                  : -108
batt_c                 : 154
batt_v                 : 16267
batt_temp[0..1]: 0 0

[Device]
device_type[0..7]: 7 2 2 1 4 6 0 0
device_status[0..7]: 1 1 1 1 1 1 0 0
dearm_status           : 0

[WDT Counters]
wdt_cnt_gnd            : 5
wdt_cnt_i2c            : 0
wdt_cnt_can            : 1
wdt_cnt_csp[0..1]: 0 41

[WDT Left]
wdt_gnd_left           : 133940
wdt_i2c_left           : 0
wdt_can_left           : 299
wdt_csp_left[0..1]: 5 5

[Battery Currents]
batt_chrg              : 350
batt_dischrg           : 196

[Deploy]
ant6_depl              : 3
ar6_depl               : 3

[PAYLOAD HEX]
33 00 3B 00 13 00 00 00 06 00 03 00 F8 FF FB FF 
1C 00 0B 02 12 00 09 00 12 00 00 00 00 00 00 00 
00 00 84 3F 84 3F 04 01 13 01 8D 3F 00 00 00 00 
00 00 00 00 01 01 00 00 01 01 00 00 01 01 01 00 
00 00 00 00 CD 00 CA 00 00 01 00 00 A2 00 00 00 
F1 D0 15 00 01 00 03 00 01 00 00 00 00 00 00 00 
00 00 00 00 00 00 00 00 00 00 00 00 00 00 00 00 
00 00 00 00 8F 3F 94 FF 9A 00 8B 3F 00 00 00 00 
07 02 02 01 04 06 00 00 01 01 01 01 01 01 00 00 
00 00 00 00 05 00 00 00 00 00 00 00 01 00 00 00 
00 00 00 00 29 00 00 00 34 0B 02 00 00 00 00 00 
2B 01 00 00 05 05 5E 01 C4 00 03 03 

[RETURN VALUE]
33 00 3B 00 13 00 00 00 06 00 03 00 F8 FF FB FF 
1C 00 0B 02 12 00 09 00 12 00 00 00 00 00 00 00 
00 00 84 3F 84 3F 04 01 13 01 8D 3F 00 00 00 00 
00 00 00 00 01 01 00 00 01 01 00 00 01 01 01 00 
00 00 00 00 CD 00 CA 00 00 01 00 00 A2 00 00 00 
F1 D0 15 00 01 00 03 00 01 00 00 00 00 00 00 00 
00 00 00 00 00 00 00 00 00 00 00 00 00 00 00 00 
00 00 00 00 8F 3F 94 FF 9A 00 8B 3F 00 00 00 00 
07 02 02 01 04 06 00 00 01 01 01 01 01 01 00 00 
00 00 00 00 05 00 00 00 00 00 00 00 01 00 00 00 
00 00 00 00 29 00 00 00 34 0B 02 00 00 00 00 00 
2B 01 00 00 05 05 5E 01 C4 00 03 03 

[BINARY DATA]
25 08 00 C0 15 02 00 32 26 5E E0 44 00 00 00 00 75 18 14 05 00 00 00 00 BC 00 33 00 3B 00 13 00 00 00 06 00 03 00 F8 FF FB FF 1C 00 0B 02 12 00 09 00 12 00 00 00 00 00 00 00 00 00 84 3F 84 3F 04 01 13 01 8D 3F 00 00 00 00 00 00 00 00 01 01 00 00 01 01 00 00 01 01 01 00 00 00 00 00 CD 00 CA 00 00 01 00 00 A2 00 00 00 F1 D0 15 00 01 00 03 00 01 00 00 00 00 00 00 00 00 00 00 00 00 00 00 00 00 00 00 00 00 00 00 00 00 00 00 00 8F 3F 94 FF 9A 00 8B 3F 00 00 00 00 07 02 02 01 04 06 00 00 01 01 01 01 01 01 00 00 00 00 00 00 05 00 00 00 00 00 00 00 01 00 00 00 00 00 00 00 29 00 00 00 34 0B 02 00 00 00 00 00 2B 01 00 00 05 05 5E 01 C4 00 03 03 00 00 00 00 00 00 00 00 00 00 00 00 00 00 00 00 00 00 00 00 00 00 00 00 00 00 00 00 00 00 00 00 00 00 00 00 00 00 00 00 00 00 00 00 00 00 00 00 00 00 00 00 00 00 00 00 00 00 00 00 00 00 00 00 00 00 00 00 00 00 00 00 00 00 00 00 00 00 00 00 00 00 00 00 00 00 00 00 00 00 00 00 00 00 00 00 00 00 00 00 00 00 00 00 00 00 00 00 00 00 00 00 00 00 00 00 00 00 00 00 00 00 00 00 00 00 00 00 00 00 00 00 00 00 00 00 00 00 00 00 00 00 00 00 00 00 00 00 00 00 00 00 00 00 00 00 00 00 00 00 00 00 00 00 00 00 00 00 00 00 00 00 00 00 00 00 00 00 00 00 00 00 00 00 00 00 00 00 00 00 00 00 00 00 00 00 00 00 00 00 00 00 00 00 00 00 00 00 00 00 00 00 00 00 00 00 00 00 00 00 00 00 00 00 00 00 00 00 00 00 00 00 00 00 00 00 00 00 00 00 00 00 00 00 00 00 00 00 00 00 00 00 00 00 00 00 00 00 00 00 00 00 00 00 00 00 00 00 00 00 00 00 00 00 00 00 00 00 00 00 00 00 00 00 00 00 00 00 00 00 00 00 00 00 00 00 00 00 00 00 00 00 00 00 00 00 00 00 00 00 00 00 00 00 00 00 00 00 00 00 00 00 00 00 00 00 
