================= REPORT SAVE =================

[CCSDS HEADER]
MsgId      : 0x0825
Seq        : 0xC000
Len        : 0x0215
TimeCode   : 00 3C 15 18 72 D2
Padding    : 0x00000000

[REPORT BODY]
Reflected MID  : 0x1865
Reflected CC   : 0x4A
RetType        : 0x00
RetCode        : 0
RetValSize     : 64

================= PARSED BY MID/CC =================
ReflectedMID : 0x1865
ReflectedCC  : 0x4A
PayloadLen   : 64

[UNKNOWN MID] No parser for ReflectedMID=0x1865

[PAYLOAD HEX]
B8 B3 C8 99 F2 C4 D8 40 A5 4E 40 13 61 6F 58 40 
E9 26 31 08 AC 2A 72 40 24 81 61 54 AD E0 52 3F 
68 91 ED 7C 3F B7 67 40 19 73 D7 12 F2 4B 65 40 
EF 94 27 73 A0 D5 2D 40 00 00 00 00 00 00 00 00 

[RETURN VALUE]
B8 B3 C8 99 F2 C4 D8 40 A5 4E 40 13 61 6F 58 40 
E9 26 31 08 AC 2A 72 40 24 81 61 54 AD E0 52 3F 
68 91 ED 7C 3F B7 67 40 19 73 D7 12 F2 4B 65 40 
EF 94 27 73 A0 D5 2D 40 00 00 00 00 00 00 00 00 

[BINARY DATA]
25 08 00 C0 15 02 00 3C 15 18 72 D2 00 00 00 00 65 18 4A 00 00 00 00 00 40 00 B8 B3 C8 99 F2 C4 D8 40 A5 4E 40 13 61 6F 58 40 E9 26 31 08 AC 2A 72 40 24 81 61 54 AD E0 52 3F 68 91 ED 7C 3F B7 67 40 19 73 D7 12 F2 4B 65 40 EF 94 27 73 A0 D5 2D 40 00 00 00 00 00 00 00 00 00 00 00 00 00 00 00 00 00 00 00 00 00 00 00 00 00 00 00 00 00 00 00 00 00 00 00 00 00 00 00 00 00 00 00 00 00 00 00 00 00 00 00 00 00 00 00 00 00 00 00 00 00 00 00 00 00 00 00 00 00 00 00 00 00 00 00 00 00 00 00 00 00 00 00 00 00 00 00 00 00 00 00 00 00 00 00 00 00 00 00 00 00 00 00 00 00 00 00 00 00 00 00 00 00 00 00 00 00 00 00 00 00 00 00 00 00 00 00 00 00 00 00 00 00 00 00 00 00 00 00 00 00 00 00 00 00 00 00 00 00 00 00 00 00 00 00 00 00 00 00 00 00 00 00 00 00 00 00 00 00 00 00 00 00 00 00 00 00 00 00 00 00 00 00 00 00 00 00 00 00 00 00 00 00 00 00 00 00 00 00 00 00 00 00 00 00 00 00 00 00 00 00 00 00 00 00 00 00 00 00 00 00 00 00 00 00 00 00 00 00 00 00 00 00 00 00 00 00 00 00 00 00 00 00 00 00 00 00 00 00 00 00 00 00 00 00 00 00 00 00 00 00 00 00 00 00 00 00 00 00 00 00 00 00 00 00 00 00 00 00 00 00 00 00 00 00 00 00 00 00 00 00 00 00 00 00 00 00 00 00 00 00 00 00 00 00 00 00 00 00 00 00 00 00 00 00 00 00 00 00 00 00 00 00 00 00 00 00 00 00 00 00 00 00 00 00 00 00 00 00 00 00 00 00 00 00 00 00 00 00 00 00 00 00 00 00 00 00 00 00 00 00 00 00 00 00 00 00 00 00 00 00 00 00 00 00 00 00 00 00 00 00 00 00 00 00 00 00 00 00 00 00 00 00 00 00 00 00 00 00 00 00 00 00 00 00 00 00 00 00 00 00 00 00 00 00 00 00 00 00 00 00 00 00 00 00 00 00 00 00 00 00 00 00 00 00 00 00 00 00 00 00 00 00 00 00 00 00 00 00 00 00 00 00 00 00 00 00 00 
