================= REPORT SAVE =================

[CCSDS HEADER]
MsgId      : 0x0825
Seq        : 0xC000
Len        : 0x0215
TimeCode   : 00 2F 81 59 00 4B
Padding    : 0x00000000

[REPORT BODY]
Reflected MID  : 0x1875
Reflected CC   : 0x1A
RetType        : 0x05
RetCode        : 0
RetValSize     : 124

================= PARSED BY MID/CC =================
ReflectedMID : 0x1875
ReflectedCC  : 0x1A
PayloadLen   : 124

[EPS P60 ACU GET TABLE HK]

[Inputs]
c_in[0..5]: 30 45 53 48 14 12
v_in[0..5]: 16890 16867 16881 16857 14195 15568

[Bus/Temp]
vbat: 16285
vcc : 3271
temp[0..2]: 220 220 220

[MPPT]
mppt_mode: 1
vboost[0..5]: 18091 18145 17768 18548 18037 17983
power[0..5]: 506 759 894 809 198 186

[DAC]
dac_en[0..2]: 1 1 1
dac_val[0..5]: 675 677 661 692 673 669

[Boot/Time]
bootcause : 0
bootcnt   : 1
uptime    : 139
resetcause: 0x2B8E

[MPPT Timing]
mppt_time  : 19
mppt_period: 1

[Device]
device_type[0..7]: 22 0 49 0 0 0 7 1
device_status[0..7]: 1 3 3 3 4 0 1 1

[WDT]
wdt_cnt_gnd : 65793
wdt_gnd_left: 5

[PAYLOAD HEX]
1E 00 2D 00 35 00 30 00 0E 00 0C 00 FA 41 E3 41 
F1 41 D9 41 73 37 D0 3C 9D 3F C7 0C DC 00 DC 00 
DC 00 01 00 AB 46 E1 46 68 45 74 48 75 46 3F 46 
FA 01 F7 02 7E 03 29 03 C6 00 BA 00 01 01 01 00 
A3 02 A5 02 95 02 B4 02 A1 02 9D 02 00 00 00 00 
01 00 00 00 8B 00 00 00 8E 2B 13 00 01 00 16 00 
31 00 00 00 07 01 01 03 03 03 04 00 01 01 01 01 
01 01 01 00 05 00 00 00 5B A1 02 00 

[RETURN VALUE]
1E 00 2D 00 35 00 30 00 0E 00 0C 00 FA 41 E3 41 
F1 41 D9 41 73 37 D0 3C 9D 3F C7 0C DC 00 DC 00 
DC 00 01 00 AB 46 E1 46 68 45 74 48 75 46 3F 46 
FA 01 F7 02 7E 03 29 03 C6 00 BA 00 01 01 01 00 
A3 02 A5 02 95 02 B4 02 A1 02 9D 02 00 00 00 00 
01 00 00 00 8B 00 00 00 8E 2B 13 00 01 00 16 00 
31 00 00 00 07 01 01 03 03 03 04 00 01 01 01 01 
01 01 01 00 05 00 00 00 5B A1 02 00 

[BINARY DATA]
25 08 00 C0 15 02 00 2F 81 59 00 4B 00 00 00 00 75 18 1A 05 00 00 00 00 7C 00 1E 00 2D 00 35 00 30 00 0E 00 0C 00 FA 41 E3 41 F1 41 D9 41 73 37 D0 3C 9D 3F C7 0C DC 00 DC 00 DC 00 01 00 AB 46 E1 46 68 45 74 48 75 46 3F 46 FA 01 F7 02 7E 03 29 03 C6 00 BA 00 01 01 01 00 A3 02 A5 02 95 02 B4 02 A1 02 9D 02 00 00 00 00 01 00 00 00 8B 00 00 00 8E 2B 13 00 01 00 16 00 31 00 00 00 07 01 01 03 03 03 04 00 01 01 01 01 01 01 01 00 05 00 00 00 5B A1 02 00 00 00 00 00 00 00 00 00 00 00 00 00 00 00 00 00 00 00 00 00 00 00 00 00 00 00 00 00 00 00 00 00 00 00 00 00 00 00 00 00 00 00 00 00 00 00 00 00 00 00 00 00 00 00 00 00 00 00 00 00 00 00 00 00 00 00 00 00 00 00 00 00 00 00 00 00 00 00 00 00 00 00 00 00 00 00 00 00 00 00 00 00 00 00 00 00 00 00 00 00 00 00 00 00 00 00 00 00 00 00 00 00 00 00 00 00 00 00 00 00 00 00 00 00 00 00 00 00 00 00 00 00 00 00 00 00 00 00 00 00 00 00 00 00 00 00 00 00 00 00 00 00 00 00 00 00 00 00 00 00 00 00 00 00 00 00 00 00 00 00 00 00 00 00 00 00 00 00 00 00 00 00 00 00 00 00 00 00 00 00 00 00 00 00 00 00 00 00 00 00 00 00 00 00 00 00 00 00 00 00 00 00 00 00 00 00 00 00 00 00 00 00 00 00 00 00 00 00 00 00 00 00 00 00 00 00 00 00 00 00 00 00 00 00 00 00 00 00 00 00 00 00 00 00 00 00 00 00 00 00 00 00 00 00 00 00 00 00 00 00 00 00 00 00 00 00 00 00 00 00 00 00 00 00 00 00 00 00 00 00 00 00 00 00 00 00 00 00 00 00 00 00 00 00 00 00 00 00 00 00 00 00 00 00 00 00 00 00 00 00 00 00 00 00 00 00 00 00 00 00 00 00 00 00 00 00 00 00 00 00 00 00 00 00 00 00 00 00 00 00 00 00 00 00 00 00 00 00 00 00 00 00 00 00 00 00 00 00 00 00 00 00 00 00 00 00 00 00 00 00 00 00 00 00 00 00 00 00 00 00 
