================= REPORT SAVE =================

[CCSDS HEADER]
MsgId      : 0x0825
Seq        : 0xC000
Len        : 0x0215
TimeCode   : 00 3C AC A2 04 D2
Padding    : 0x00000000

[REPORT BODY]
Reflected MID  : 0x1875
Reflected CC   : 0x1A
RetType        : 0x05
RetCode        : 0
RetValSize     : 124

================= PARSED BY MID/CC =================
ReflectedMID : 0x1875
ReflectedCC  : 0x1A
PayloadLen   : 124

[EPS P60 ACU GET TABLE HK]

[Inputs]
c_in[0..5]: 47 60 51 47 14 13
v_in[0..5]: 16862 16840 16840 16802 14084 14429

[Bus/Temp]
vbat: 16222
vcc : 3275
temp[0..2]: 202 202 202

[MPPT]
mppt_mode: 1
vboost[0..5]: 18655 17123 18978 18709 18037 18145
power[0..5]: 792 1010 858 789 197 187

[DAC]
dac_en[0..2]: 1 1 1
dac_val[0..5]: 698 639 706 694 671 671

[Boot/Time]
bootcause : 3044749176
bootcnt   : 1
uptime    : 141
resetcause: 0xEB92

[MPPT Timing]
mppt_time  : 1
mppt_period: 1

[Device]
device_type[0..7]: 22 0 49 0 0 0 7 1
device_status[0..7]: 1 3 3 3 4 0 1 1

[WDT]
wdt_cnt_gnd : 65793
wdt_gnd_left: 5

[PAYLOAD HEX]
2F 00 3C 00 33 00 2F 00 0E 00 0D 00 DE 41 C8 41 
C8 41 A2 41 04 37 5D 38 5E 3F CB 0C CA 00 CA 00 
CA 00 01 00 DF 48 E3 42 22 4A 15 49 75 46 E1 46 
18 03 F2 03 5A 03 15 03 C5 00 BB 00 01 01 01 00 
BA 02 7F 02 C2 02 B6 02 9F 02 9F 02 78 2F 7B B5 
01 00 00 00 8D 00 00 00 92 EB 01 00 01 00 16 00 
31 00 00 00 07 01 01 03 03 03 04 00 01 01 01 01 
01 01 01 00 05 00 00 00 67 A1 02 00 

[RETURN VALUE]
2F 00 3C 00 33 00 2F 00 0E 00 0D 00 DE 41 C8 41 
C8 41 A2 41 04 37 5D 38 5E 3F CB 0C CA 00 CA 00 
CA 00 01 00 DF 48 E3 42 22 4A 15 49 75 46 E1 46 
18 03 F2 03 5A 03 15 03 C5 00 BB 00 01 01 01 00 
BA 02 7F 02 C2 02 B6 02 9F 02 9F 02 78 2F 7B B5 
01 00 00 00 8D 00 00 00 92 EB 01 00 01 00 16 00 
31 00 00 00 07 01 01 03 03 03 04 00 01 01 01 01 
01 01 01 00 05 00 00 00 67 A1 02 00 

[BINARY DATA]
25 08 00 C0 15 02 00 3C AC A2 04 D2 00 00 00 00 75 18 1A 05 00 00 00 00 7C 00 2F 00 3C 00 33 00 2F 00 0E 00 0D 00 DE 41 C8 41 C8 41 A2 41 04 37 5D 38 5E 3F CB 0C CA 00 CA 00 CA 00 01 00 DF 48 E3 42 22 4A 15 49 75 46 E1 46 18 03 F2 03 5A 03 15 03 C5 00 BB 00 01 01 01 00 BA 02 7F 02 C2 02 B6 02 9F 02 9F 02 78 2F 7B B5 01 00 00 00 8D 00 00 00 92 EB 01 00 01 00 16 00 31 00 00 00 07 01 01 03 03 03 04 00 01 01 01 01 01 01 01 00 05 00 00 00 67 A1 02 00 00 00 00 00 00 00 00 00 00 00 00 00 00 00 00 00 00 00 00 00 00 00 00 00 00 00 00 00 00 00 00 00 00 00 00 00 00 00 00 00 00 00 00 00 00 00 00 00 00 00 00 00 00 00 00 00 00 00 00 00 00 00 00 00 00 00 00 00 00 00 00 00 00 00 00 00 00 00 00 00 00 00 00 00 00 00 00 00 00 00 00 00 00 00 00 00 00 00 00 00 00 00 00 00 00 00 00 00 00 00 00 00 00 00 00 00 00 00 00 00 00 00 00 00 00 00 00 00 00 00 00 00 00 00 00 00 00 00 00 00 00 00 00 00 00 00 00 00 00 00 00 00 00 00 00 00 00 00 00 00 00 00 00 00 00 00 00 00 00 00 00 00 00 00 00 00 00 00 00 00 00 00 00 00 00 00 00 00 00 00 00 00 00 00 00 00 00 00 00 00 00 00 00 00 00 00 00 00 00 00 00 00 00 00 00 00 00 00 00 00 00 00 00 00 00 00 00 00 00 00 00 00 00 00 00 00 00 00 00 00 00 00 00 00 00 00 00 00 00 00 00 00 00 00 00 00 00 00 00 00 00 00 00 00 00 00 00 00 00 00 00 00 00 00 00 00 00 00 00 00 00 00 00 00 00 00 00 00 00 00 00 00 00 00 00 00 00 00 00 00 00 00 00 00 00 00 00 00 00 00 00 00 00 00 00 00 00 00 00 00 00 00 00 00 00 00 00 00 00 00 00 00 00 00 00 00 00 00 00 00 00 00 00 00 00 00 00 00 00 00 00 00 00 00 00 00 00 00 00 00 00 00 00 00 00 00 00 00 00 00 00 00 00 00 00 00 00 00 00 00 00 00 00 00 00 00 00 00 00 00 
