================= REPORT SAVE =================

[CCSDS HEADER]
MsgId      : 0x0825
Seq        : 0xC000
Len        : 0x0215
TimeCode   : 00 2F 7F 7C 27 E9
Padding    : 0x00000000

[REPORT BODY]
Reflected MID  : 0x1875
Reflected CC   : 0x1A
RetType        : 0x05
RetCode        : 0
RetValSize     : 124

================= PARSED BY MID/CC =================
ReflectedMID : 0x1875
ReflectedCC  : 0x1A
PayloadLen   : 124

[EPS P60 ACU GET TABLE HK]

[Inputs]
c_in[0..5]: 208 215 110 113 36 268
v_in[0..5]: 5579 5530 5613 5600 5614 5638

[Bus/Temp]
vbat: 16285
vcc : 3275
temp[0..2]: 212 212 215

[MPPT]
mppt_mode: 1
vboost[0..5]: 5618 5618 5618 5618 5618 5618
power[0..5]: 1160 1188 617 632 202 1509

[DAC]
dac_en[0..2]: 1 1 1
dac_val[0..5]: 209 207 209 209 209 209

[Boot/Time]
bootcause : 0
bootcnt   : 1
uptime    : 139
resetcause: 0x29B1

[MPPT Timing]
mppt_time  : 19
mppt_period: 1

[Device]
device_type[0..7]: 22 0 49 0 0 0 7 1
device_status[0..7]: 1 3 3 3 4 0 1 1

[WDT]
wdt_cnt_gnd : 65793
wdt_gnd_left: 5

[PAYLOAD HEX]
D0 00 D7 00 6E 00 71 00 24 00 0C 01 CB 15 9A 15 
ED 15 E0 15 EE 15 06 16 9D 3F CB 0C D4 00 D4 00 
D7 00 01 00 F2 15 F2 15 F2 15 F2 15 F2 15 F2 15 
88 04 A4 04 69 02 78 02 CA 00 E5 05 01 01 01 00 
D1 00 CF 00 D1 00 D1 00 D1 00 D1 00 00 00 00 00 
01 00 00 00 8B 00 00 00 B1 29 13 00 01 00 16 00 
31 00 00 00 07 01 01 03 03 03 04 00 01 01 01 01 
01 01 01 00 05 00 00 00 E7 65 01 00 

[RETURN VALUE]
D0 00 D7 00 6E 00 71 00 24 00 0C 01 CB 15 9A 15 
ED 15 E0 15 EE 15 06 16 9D 3F CB 0C D4 00 D4 00 
D7 00 01 00 F2 15 F2 15 F2 15 F2 15 F2 15 F2 15 
88 04 A4 04 69 02 78 02 CA 00 E5 05 01 01 01 00 
D1 00 CF 00 D1 00 D1 00 D1 00 D1 00 00 00 00 00 
01 00 00 00 8B 00 00 00 B1 29 13 00 01 00 16 00 
31 00 00 00 07 01 01 03 03 03 04 00 01 01 01 01 
01 01 01 00 05 00 00 00 E7 65 01 00 

[BINARY DATA]
25 08 00 C0 15 02 00 2F 7F 7C 27 E9 00 00 00 00 75 18 1A 05 00 00 00 00 7C 00 D0 00 D7 00 6E 00 71 00 24 00 0C 01 CB 15 9A 15 ED 15 E0 15 EE 15 06 16 9D 3F CB 0C D4 00 D4 00 D7 00 01 00 F2 15 F2 15 F2 15 F2 15 F2 15 F2 15 88 04 A4 04 69 02 78 02 CA 00 E5 05 01 01 01 00 D1 00 CF 00 D1 00 D1 00 D1 00 D1 00 00 00 00 00 01 00 00 00 8B 00 00 00 B1 29 13 00 01 00 16 00 31 00 00 00 07 01 01 03 03 03 04 00 01 01 01 01 01 01 01 00 05 00 00 00 E7 65 01 00 00 00 00 00 00 00 00 00 00 00 00 00 00 00 00 00 00 00 00 00 00 00 00 00 00 00 00 00 00 00 00 00 00 00 00 00 00 00 00 00 00 00 00 00 00 00 00 00 00 00 00 00 00 00 00 00 00 00 00 00 00 00 00 00 00 00 00 00 00 00 00 00 00 00 00 00 00 00 00 00 00 00 00 00 00 00 00 00 00 00 00 00 00 00 00 00 00 00 00 00 00 00 00 00 00 00 00 00 00 00 00 00 00 00 00 00 00 00 00 00 00 00 00 00 00 00 00 00 00 00 00 00 00 00 00 00 00 00 00 00 00 00 00 00 00 00 00 00 00 00 00 00 00 00 00 00 00 00 00 00 00 00 00 00 00 00 00 00 00 00 00 00 00 00 00 00 00 00 00 00 00 00 00 00 00 00 00 00 00 00 00 00 00 00 00 00 00 00 00 00 00 00 00 00 00 00 00 00 00 00 00 00 00 00 00 00 00 00 00 00 00 00 00 00 00 00 00 00 00 00 00 00 00 00 00 00 00 00 00 00 00 00 00 00 00 00 00 00 00 00 00 00 00 00 00 00 00 00 00 00 00 00 00 00 00 00 00 00 00 00 00 00 00 00 00 00 00 00 00 00 00 00 00 00 00 00 00 00 00 00 00 00 00 00 00 00 00 00 00 00 00 00 00 00 00 00 00 00 00 00 00 00 00 00 00 00 00 00 00 00 00 00 00 00 00 00 00 00 00 00 00 00 00 00 00 00 00 00 00 00 00 00 00 00 00 00 00 00 00 00 00 00 00 00 00 00 00 00 00 00 00 00 00 00 00 00 00 00 00 00 00 00 00 00 00 00 00 00 00 00 00 00 00 00 00 00 00 00 00 00 
