================= REPORT SAVE =================

[CCSDS HEADER]
MsgId      : 0x2508
Seq        : 0x00C0
Len        : 0x1502
TimeCode   : 00 2B 9C FD 64 3D
Padding    : 0x00000000

[REPORT BODY]
Reflected MID  : 0x1875
Reflected CC   : 0x1A
RetType        : 0x05
RetCode        : 0
RetValSize     : 124

[RETURN VALUE]
0D 00 19 00 6E 01 71 01 8C 00 17 00 1E 16 16 16 
4E 16 4F 16 41 16 3E 16 9D 3F C7 0C F2 00 F0 00 
F3 00 01 00 5D 16 42 16 42 16 42 16 42 16 5D 16 
49 00 8D 00 29 08 3B 08 1D 03 82 00 01 01 01 00 
D4 00 D4 00 D4 00 D2 00 D4 00 D4 00 00 00 00 00 
01 00 00 00 8B 00 00 00 B8 46 0F 00 01 00 16 00 
31 00 00 00 07 01 01 03 03 03 04 00 01 01 01 01 
01 01 01 00 05 00 00 00 CD A2 02 00 

[BINARY DATA]
08 25 C0 00 02 15 00 2B 9C FD 64 3D 00 00 00 00 75 18 1A 05 00 00 00 00 7C 00 0D 00 19 00 6E 01 71 01 8C 00 17 00 1E 16 16 16 4E 16 4F 16 41 16 3E 16 9D 3F C7 0C F2 00 F0 00 F3 00 01 00 5D 16 42 16 42 16 42 16 42 16 5D 16 49 00 8D 00 29 08 3B 08 1D 03 82 00 01 01 01 00 D4 00 D4 00 D4 00 D2 00 D4 00 D4 00 00 00 00 00 01 00 00 00 8B 00 00 00 B8 46 0F 00 01 00 16 00 31 00 00 00 07 01 01 03 03 03 04 00 01 01 01 01 01 01 01 00 05 00 00 00 CD A2 02 00 00 00 00 00 00 00 00 00 00 00 00 00 00 00 00 00 00 00 00 00 00 00 00 00 00 00 00 00 00 00 00 00 00 00 00 00 00 00 00 00 00 00 00 00 00 00 00 00 00 00 00 00 00 00 00 00 00 00 89 26 8A 0E CE C1 C8 B6 00 00 00 00 00 00 00 00 00 00 00 00 00 00 00 00 00 00 00 00 00 00 00 00 00 00 00 00 00 00 00 00 00 00 00 00 00 00 00 00 00 00 00 00 00 00 00 00 00 00 00 00 00 00 00 00 00 00 00 00 00 00 00 00 00 00 00 00 00 00 00 00 00 00 00 00 00 00 00 00 00 00 00 00 00 00 00 00 00 00 00 00 00 00 00 00 00 00 00 00 00 00 00 00 00 00 00 00 00 00 00 00 00 00 00 00 00 00 00 00 00 00 00 00 00 00 00 00 00 00 00 00 00 00 00 00 00 00 00 00 00 00 00 00 00 00 00 00 00 00 00 00 00 00 00 00 00 00 00 00 00 00 00 00 00 00 00 00 00 00 00 00 00 00 00 00 00 00 00 00 00 00 00 00 00 00 00 00 00 00 00 00 00 00 00 00 00 00 00 00 00 00 00 00 00 00 00 00 00 00 00 00 00 00 00 00 00 00 00 00 00 00 00 00 00 00 00 00 00 00 00 00 00 00 00 00 00 00 00 00 00 00 00 00 00 00 00 00 00 00 00 00 00 00 00 00 00 00 00 00 00 00 00 00 00 00 00 00 00 00 00 00 00 00 00 00 00 00 00 00 00 00 00 00 00 00 00 00 00 00 00 00 00 00 00 00 00 00 00 00 00 00 00 00 00 00 00 00 00 00 00 00 00 00 00 00 00 00 00 00 00 00 00 00 
