================= REPORT SAVE =================

[CCSDS HEADER]
MsgId      : 0x2508
Seq        : 0x00C0
Len        : 0x1502
TimeCode   : 00 2B 85 D4 E4 41
Padding    : 0x00000000

[REPORT BODY]
Reflected MID  : 0x1875
Reflected CC   : 0x1A
RetType        : 0x05
RetCode        : 0
RetValSize     : 124

[RETURN VALUE]
09 00 16 00 F0 00 F9 00 1E 00 8E 00 10 1F 00 1F 
1B 1F 0A 1F 33 1F 4D 1F 9D 3F C7 0C E1 00 DF 00 
E3 00 01 00 8E 1E 8E 1E 8E 1E 8E 1E 8E 1E 8E 1E 
47 00 AE 00 77 07 BA 07 EF 00 71 04 01 01 01 00 
24 01 24 01 24 01 24 01 24 01 24 01 00 00 00 00 
01 00 00 00 8B 00 00 00 8D 2F 0F 00 01 00 16 00 
31 00 00 00 07 01 01 03 03 03 04 00 01 01 01 01 
01 01 01 00 05 00 00 00 0B 0B 02 00 

[BINARY DATA]
08 25 C0 00 02 15 00 2B 85 D4 E4 41 00 00 00 00 75 18 1A 05 00 00 00 00 7C 00 09 00 16 00 F0 00 F9 00 1E 00 8E 00 10 1F 00 1F 1B 1F 0A 1F 33 1F 4D 1F 9D 3F C7 0C E1 00 DF 00 E3 00 01 00 8E 1E 8E 1E 8E 1E 8E 1E 8E 1E 8E 1E 47 00 AE 00 77 07 BA 07 EF 00 71 04 01 01 01 00 24 01 24 01 24 01 24 01 24 01 24 01 00 00 00 00 01 00 00 00 8B 00 00 00 8D 2F 0F 00 01 00 16 00 31 00 00 00 07 01 01 03 03 03 04 00 01 01 01 01 01 01 01 00 05 00 00 00 0B 0B 02 00 00 00 00 00 00 00 00 00 00 00 00 00 00 00 00 00 00 00 00 00 00 00 00 00 00 00 00 00 00 00 00 00 00 00 00 00 00 00 00 00 00 00 00 00 00 00 00 00 00 00 00 00 00 00 00 00 00 00 1B FE A1 4C 4A 87 39 68 00 00 00 00 00 00 00 00 00 00 00 00 00 00 00 00 00 00 00 00 00 00 00 00 00 00 00 00 00 00 00 00 00 00 00 00 00 00 00 00 00 00 00 00 00 00 00 00 00 00 00 00 00 00 00 00 00 00 00 00 00 00 00 00 00 00 00 00 00 00 00 00 00 00 00 00 00 00 00 00 00 00 00 00 00 00 00 00 00 00 00 00 00 00 00 00 00 00 00 00 00 00 00 00 00 00 00 00 00 00 00 00 00 00 00 00 00 00 00 00 00 00 00 00 00 00 00 00 00 00 00 00 00 00 00 00 00 00 00 00 00 00 00 00 00 00 00 00 00 00 00 00 00 00 00 00 00 00 00 00 00 00 00 00 00 00 00 00 00 00 00 00 00 00 00 00 00 00 00 00 00 00 00 00 00 00 00 00 00 00 00 00 00 00 00 00 00 00 00 00 00 00 00 00 00 00 00 00 00 00 00 00 00 00 00 00 00 00 00 00 00 00 00 00 00 00 00 00 00 00 00 00 00 00 00 00 00 00 00 00 00 00 00 00 00 00 00 00 00 00 00 00 00 00 00 00 00 00 00 00 00 00 00 00 00 00 00 00 00 00 00 00 00 00 00 00 00 00 00 00 00 00 00 00 00 00 00 00 00 00 00 00 00 00 00 00 00 00 00 00 00 00 00 00 00 00 00 00 00 00 00 00 00 00 00 00 00 00 00 00 00 00 00 00 
