================= REPORT SAVE =================

[CCSDS HEADER]
MsgId      : 0x2508
Seq        : 0x00C0
Len        : 0x1502
TimeCode   : 00 29 9A 6A DA 3E
Padding    : 0x00000000

[REPORT BODY]
Reflected MID  : 0x1875
Reflected CC   : 0x14
RetType        : 0x05
RetCode        : 0
RetValSize     : 188

[RETURN VALUE]
36 00 3B 00 10 00 03 00 06 00 00 00 F8 FF F8 FF 
1C 00 0E 02 12 00 0C 00 12 00 00 00 00 00 00 00 
00 00 37 3F 38 3F 04 01 13 01 32 3F 00 00 00 00 
00 00 00 00 01 01 00 00 01 01 00 00 01 01 01 00 
00 00 00 00 E8 00 E7 00 00 01 00 00 A2 00 00 00 
EC 43 0D 00 01 00 03 00 01 00 00 00 00 00 00 00 
00 00 00 00 00 00 00 00 00 00 00 00 00 00 00 00 
00 00 00 00 34 3F 94 FF 37 FF 40 3F 00 00 00 00 
07 02 02 01 04 06 00 00 01 01 01 01 01 01 00 00 
00 00 00 00 05 00 00 00 00 00 00 00 01 00 00 00 
00 00 00 00 29 00 00 00 F8 A2 02 00 00 00 00 00 
2C 01 00 00 05 05 1B E4 B7 0E 8B 17 

[BINARY DATA]
08 25 C0 00 02 15 00 29 9A 6A DA 3E 00 00 00 00 75 18 14 05 00 00 00 00 BC 00 36 00 3B 00 10 00 03 00 06 00 00 00 F8 FF F8 FF 1C 00 0E 02 12 00 0C 00 12 00 00 00 00 00 00 00 00 00 37 3F 38 3F 04 01 13 01 32 3F 00 00 00 00 00 00 00 00 01 01 00 00 01 01 00 00 01 01 01 00 00 00 00 00 E8 00 E7 00 00 01 00 00 A2 00 00 00 EC 43 0D 00 01 00 03 00 01 00 00 00 00 00 00 00 00 00 00 00 00 00 00 00 00 00 00 00 00 00 00 00 00 00 00 00 34 3F 94 FF 37 FF 40 3F 00 00 00 00 07 02 02 01 04 06 00 00 01 01 01 01 01 01 00 00 00 00 00 00 05 00 00 00 00 00 00 00 01 00 00 00 00 00 00 00 29 00 00 00 F8 A2 02 00 00 00 00 00 2C 01 00 00 05 05 1B E4 B7 0E 8B 17 10 FE 00 00 00 00 00 00 00 00 00 00 00 00 00 00 00 00 00 00 00 00 00 00 00 00 00 00 00 00 00 00 00 00 00 00 00 00 00 00 00 00 00 00 00 00 00 00 00 00 00 00 00 00 00 00 00 00 00 00 00 00 00 00 00 00 00 00 00 00 00 00 00 00 00 00 00 00 00 00 00 00 00 00 00 00 00 00 00 00 00 00 00 00 00 00 00 00 00 00 00 00 00 00 00 00 00 00 00 00 00 00 00 00 00 00 00 00 00 00 00 00 00 00 00 00 00 00 00 00 00 00 00 00 00 00 00 00 00 00 00 00 00 00 00 00 00 00 00 00 00 00 00 00 00 00 00 00 00 00 00 00 00 00 00 00 00 00 00 00 00 00 00 00 00 00 00 00 00 00 00 00 00 00 00 00 00 00 00 00 00 00 00 00 00 00 00 00 00 00 00 00 00 00 00 00 00 00 00 00 00 00 00 00 00 00 00 00 00 00 00 00 00 00 00 00 00 00 00 00 00 00 00 00 00 00 00 00 00 00 00 00 00 00 00 00 00 00 00 00 00 00 00 00 00 00 00 00 00 00 00 00 00 00 00 00 00 00 00 00 00 00 00 00 00 00 00 00 00 00 00 00 00 00 00 00 00 00 00 00 00 00 00 00 00 00 00 00 00 00 00 00 00 00 00 00 00 00 00 00 00 00 00 00 00 00 00 00 00 00 00 00 00 00 00 00 
