================= REPORT SAVE =================

[CCSDS HEADER]
MsgId      : 0x0825
Seq        : 0xC000
Len        : 0x0215
TimeCode   : 00 3B 70 2A 3A D1
Padding    : 0x00000000

[REPORT BODY]
Reflected MID  : 0x1875
Reflected CC   : 0x14
RetType        : 0x05
RetCode        : -2004
RetValSize     : 188

================= PARSED BY MID/CC =================
ReflectedMID : 0x1875
ReflectedCC  : 0x14
PayloadLen   : 188

[EPS P60 DOCK GET TABLE HK]

[Report Data]
c_out[0..12]: 57 59 19 6 9 0 -8 -5 149 537 21 12 21
v_out[0..12]: 0 0 0 0 15816 15801 260 290 15795 0 0 0 0
out_en[0..12]: 1 1 0 0 1 1 0 0 1 1 1 0 0

[Temps]
temp[0..1]: 0 320

[Boot/Time]
bootcause              : 256
bootcnt                : 163
uptime                 : 518667
resetcause             : 0x0301

[Modes/Flags]
batt_mode              : 3
heater_on              : 0
conv_5v_en              : 1

[Latchups]
latchup[0..12]: 0 0 0 0 0 0 0 0 0 0 0 0 0

[Battery/Power]
vbat_v                 : 15828
vcc_c                  : -108
batt_c                 : 649
batt_v                 : 15854
batt_temp[0..1]: 0 0

[Device]
device_type[0..7]: 7 2 2 1 4 6 0 0
device_status[0..7]: 1 1 1 1 1 1 0 0
dearm_status           : 0

[WDT Counters]
wdt_cnt_gnd            : 5
wdt_cnt_i2c            : 0
wdt_cnt_can            : 2
wdt_cnt_csp[0..1]: 0 41

[WDT Left]
wdt_gnd_left           : 127784
wdt_i2c_left           : 0
wdt_can_left           : 297
wdt_csp_left[0..1]: 5 5

[Battery Currents]
batt_chrg              : 516
batt_dischrg           : 329

[Deploy]
ant6_depl              : 3
ar6_depl               : 3

[PAYLOAD HEX]
39 00 3B 00 13 00 06 00 09 00 00 00 F8 FF FB FF 
95 00 19 02 15 00 0C 00 15 00 00 00 00 00 00 00 
00 00 C8 3D B9 3D 04 01 22 01 B3 3D 00 00 00 00 
00 00 00 00 01 01 00 00 01 01 00 00 01 01 01 00 
00 00 00 00 40 01 3E 01 00 01 00 00 A3 00 00 00 
0B EA 07 00 01 03 03 00 01 00 00 00 00 00 00 00 
00 00 00 00 00 00 00 00 00 00 00 00 00 00 00 00 
00 00 00 00 D4 3D 94 FF 89 02 EE 3D 00 00 00 00 
07 02 02 01 04 06 00 00 01 01 01 01 01 01 00 00 
00 00 00 00 05 00 00 00 00 00 00 00 02 00 00 00 
00 00 00 00 29 00 00 00 28 F3 01 00 00 00 00 00 
29 01 00 00 05 05 04 02 49 01 03 03 

[RETURN VALUE]
39 00 3B 00 13 00 06 00 09 00 00 00 F8 FF FB FF 
95 00 19 02 15 00 0C 00 15 00 00 00 00 00 00 00 
00 00 C8 3D B9 3D 04 01 22 01 B3 3D 00 00 00 00 
00 00 00 00 01 01 00 00 01 01 00 00 01 01 01 00 
00 00 00 00 40 01 3E 01 00 01 00 00 A3 00 00 00 
0B EA 07 00 01 03 03 00 01 00 00 00 00 00 00 00 
00 00 00 00 00 00 00 00 00 00 00 00 00 00 00 00 
00 00 00 00 D4 3D 94 FF 89 02 EE 3D 00 00 00 00 
07 02 02 01 04 06 00 00 01 01 01 01 01 01 00 00 
00 00 00 00 05 00 00 00 00 00 00 00 02 00 00 00 
00 00 00 00 29 00 00 00 28 F3 01 00 00 00 00 00 
29 01 00 00 05 05 04 02 49 01 03 03 

[BINARY DATA]
25 08 00 C0 15 02 00 3B 70 2A 3A D1 00 00 00 00 75 18 14 05 2C F8 FF FF BC 00 39 00 3B 00 13 00 06 00 09 00 00 00 F8 FF FB FF 95 00 19 02 15 00 0C 00 15 00 00 00 00 00 00 00 00 00 C8 3D B9 3D 04 01 22 01 B3 3D 00 00 00 00 00 00 00 00 01 01 00 00 01 01 00 00 01 01 01 00 00 00 00 00 40 01 3E 01 00 01 00 00 A3 00 00 00 0B EA 07 00 01 03 03 00 01 00 00 00 00 00 00 00 00 00 00 00 00 00 00 00 00 00 00 00 00 00 00 00 00 00 00 00 D4 3D 94 FF 89 02 EE 3D 00 00 00 00 07 02 02 01 04 06 00 00 01 01 01 01 01 01 00 00 00 00 00 00 05 00 00 00 00 00 00 00 02 00 00 00 00 00 00 00 29 00 00 00 28 F3 01 00 00 00 00 00 29 01 00 00 05 05 04 02 49 01 03 03 00 00 00 00 00 00 00 00 00 00 00 00 00 00 00 00 00 00 00 00 00 00 00 00 00 00 00 00 00 00 00 00 00 00 00 00 00 00 00 00 00 00 00 00 00 00 00 00 00 00 00 00 00 00 00 00 00 00 00 00 00 00 00 00 00 00 00 00 00 00 00 00 00 00 00 00 00 00 00 00 00 00 00 00 00 00 00 00 00 00 00 00 00 00 00 00 00 00 00 00 00 00 00 00 00 00 00 00 00 00 00 00 00 00 00 00 00 00 00 00 00 00 00 00 00 00 00 00 00 00 00 00 00 00 00 00 00 00 00 00 00 00 00 00 00 00 00 00 00 00 00 00 00 00 00 00 00 00 00 00 00 00 00 00 00 00 00 00 00 00 00 00 00 00 00 00 00 00 00 00 00 00 00 00 00 00 00 00 00 00 00 00 00 00 00 00 00 00 00 00 00 00 00 00 00 00 00 00 00 00 00 00 00 00 00 00 00 00 00 00 00 00 00 00 00 00 00 00 00 00 00 00 00 00 00 00 00 00 00 00 00 00 00 00 00 00 00 00 00 00 00 00 00 00 00 00 00 00 00 00 00 00 00 00 00 00 00 00 00 00 00 00 00 00 00 00 00 00 00 00 00 00 00 00 00 00 00 00 00 00 00 00 00 00 00 00 00 00 00 00 00 00 00 00 00 00 00 00 00 00 00 00 00 00 00 00 00 00 00 00 00 00 00 00 00 00 
