================= REPORT SAVE =================

[CCSDS HEADER]
MsgId      : 0x0825
Seq        : 0xC000
Len        : 0x0215
TimeCode   : 00 3C AB 7F 22 C9
Padding    : 0x00000000

[REPORT BODY]
Reflected MID  : 0x1875
Reflected CC   : 0x1A
RetType        : 0x05
RetCode        : 0
RetValSize     : 124

================= PARSED BY MID/CC =================
ReflectedMID : 0x1875
ReflectedCC  : 0x1A
PayloadLen   : 124

[EPS P60 ACU GET TABLE HK]

[Inputs]
c_in[0..5]: 49 59 54 49 14 12
v_in[0..5]: 16862 16853 16840 16816 14498 15248

[Bus/Temp]
vbat: 16253
vcc : 3275
temp[0..2]: 187 187 188

[MPPT]
mppt_mode: 1
vboost[0..5]: 17822 17715 18978 17123 18091 17983
power[0..5]: 826 994 909 823 202 182

[DAC]
dac_en[0..2]: 1 1 1
dac_val[0..5]: 663 659 706 637 673 669

[Boot/Time]
bootcause : 3044749176
bootcnt   : 1
uptime    : 141
resetcause: 0xEA6F

[MPPT Timing]
mppt_time  : 1
mppt_period: 1

[Device]
device_type[0..7]: 22 0 49 0 0 0 7 1
device_status[0..7]: 1 3 3 3 4 0 1 1

[WDT]
wdt_cnt_gnd : 65793
wdt_gnd_left: 5

[PAYLOAD HEX]
31 00 3B 00 36 00 31 00 0E 00 0C 00 DE 41 D5 41 
C8 41 B0 41 A2 38 90 3B 7D 3F CB 0C BB 00 BB 00 
BC 00 01 00 9E 45 33 45 22 4A E3 42 AB 46 3F 46 
3A 03 E2 03 8D 03 37 03 CA 00 B6 00 01 01 01 00 
97 02 93 02 C2 02 7D 02 A1 02 9D 02 78 2F 7B B5 
01 00 00 00 8D 00 00 00 6F EA 01 00 01 00 16 00 
31 00 00 00 07 01 01 03 03 03 04 00 01 01 01 01 
01 01 01 00 05 00 00 00 8A A2 02 00 

[RETURN VALUE]
31 00 3B 00 36 00 31 00 0E 00 0C 00 DE 41 D5 41 
C8 41 B0 41 A2 38 90 3B 7D 3F CB 0C BB 00 BB 00 
BC 00 01 00 9E 45 33 45 22 4A E3 42 AB 46 3F 46 
3A 03 E2 03 8D 03 37 03 CA 00 B6 00 01 01 01 00 
97 02 93 02 C2 02 7D 02 A1 02 9D 02 78 2F 7B B5 
01 00 00 00 8D 00 00 00 6F EA 01 00 01 00 16 00 
31 00 00 00 07 01 01 03 03 03 04 00 01 01 01 01 
01 01 01 00 05 00 00 00 8A A2 02 00 

[BINARY DATA]
25 08 00 C0 15 02 00 3C AB 7F 22 C9 00 00 00 00 75 18 1A 05 00 00 00 00 7C 00 31 00 3B 00 36 00 31 00 0E 00 0C 00 DE 41 D5 41 C8 41 B0 41 A2 38 90 3B 7D 3F CB 0C BB 00 BB 00 BC 00 01 00 9E 45 33 45 22 4A E3 42 AB 46 3F 46 3A 03 E2 03 8D 03 37 03 CA 00 B6 00 01 01 01 00 97 02 93 02 C2 02 7D 02 A1 02 9D 02 78 2F 7B B5 01 00 00 00 8D 00 00 00 6F EA 01 00 01 00 16 00 31 00 00 00 07 01 01 03 03 03 04 00 01 01 01 01 01 01 01 00 05 00 00 00 8A A2 02 00 00 00 00 00 00 00 00 00 00 00 00 00 00 00 00 00 00 00 00 00 00 00 00 00 00 00 00 00 00 00 00 00 00 00 00 00 00 00 00 00 00 00 00 00 00 00 00 00 00 00 00 00 00 00 00 00 00 00 00 00 00 00 00 00 00 00 00 00 00 00 00 00 00 00 00 00 00 00 00 00 00 00 00 00 00 00 00 00 00 00 00 00 00 00 00 00 00 00 00 00 00 00 00 00 00 00 00 00 00 00 00 00 00 00 00 00 00 00 00 00 00 00 00 00 00 00 00 00 00 00 00 00 00 00 00 00 00 00 00 00 00 00 00 00 00 00 00 00 00 00 00 00 00 00 00 00 00 00 00 00 00 00 00 00 00 00 00 00 00 00 00 00 00 00 00 00 00 00 00 00 00 00 00 00 00 00 00 00 00 00 00 00 00 00 00 00 00 00 00 00 00 00 00 00 00 00 00 00 00 00 00 00 00 00 00 00 00 00 00 00 00 00 00 00 00 00 00 00 00 00 00 00 00 00 00 00 00 00 00 00 00 00 00 00 00 00 00 00 00 00 00 00 00 00 00 00 00 00 00 00 00 00 00 00 00 00 00 00 00 00 00 00 00 00 00 00 00 00 00 00 00 00 00 00 00 00 00 00 00 00 00 00 00 00 00 00 00 00 00 00 00 00 00 00 00 00 00 00 00 00 00 00 00 00 00 00 00 00 00 00 00 00 00 00 00 00 00 00 00 00 00 00 00 00 00 00 00 00 00 00 00 00 00 00 00 00 00 00 00 00 00 00 00 00 00 00 00 00 00 00 00 00 00 00 00 00 00 00 00 00 00 00 00 00 00 00 00 00 00 00 00 00 00 00 00 00 00 00 00 00 
