================= REPORT SAVE =================

[CCSDS HEADER]
MsgId      : 0x0825
Seq        : 0xC000
Len        : 0x0215
TimeCode   : 00 3C AB 5E 00 D9
Padding    : 0x00000000

[REPORT BODY]
Reflected MID  : 0x1875
Reflected CC   : 0x1A
RetType        : 0x05
RetCode        : 0
RetValSize     : 124

================= PARSED BY MID/CC =================
ReflectedMID : 0x1875
ReflectedCC  : 0x1A
PayloadLen   : 124

[EPS P60 ACU GET TABLE HK]

[Inputs]
c_in[0..5]: 52 62 54 49 14 12
v_in[0..5]: 16862 16853 16840 16816 14636 15276

[Bus/Temp]
vbat: 16253
vcc : 3275
temp[0..2]: 185 185 186

[MPPT]
mppt_mode: 1
vboost[0..5]: 17392 17123 18306 17177 18037 18037
power[0..5]: 876 1044 909 823 204 183

[DAC]
dac_en[0..2]: 1 1 1
dac_val[0..5]: 645 641 681 637 671 671

[Boot/Time]
bootcause : 3044749176
bootcnt   : 1
uptime    : 141
resetcause: 0xEA4E

[MPPT Timing]
mppt_time  : 1
mppt_period: 1

[Device]
device_type[0..7]: 22 0 49 0 0 0 7 1
device_status[0..7]: 1 3 3 3 4 0 1 1

[WDT]
wdt_cnt_gnd : 65793
wdt_gnd_left: 5

[PAYLOAD HEX]
34 00 3E 00 36 00 31 00 0E 00 0C 00 DE 41 D5 41 
C8 41 B0 41 2C 39 AC 3B 7D 3F CB 0C B9 00 B9 00 
BA 00 01 00 F0 43 E3 42 82 47 19 43 75 46 75 46 
6C 03 14 04 8D 03 37 03 CC 00 B7 00 01 01 01 00 
85 02 81 02 A9 02 7D 02 9F 02 9F 02 78 2F 7B B5 
01 00 00 00 8D 00 00 00 4E EA 01 00 01 00 16 00 
31 00 00 00 07 01 01 03 03 03 04 00 01 01 01 01 
01 01 01 00 05 00 00 00 AB A2 02 00 

[RETURN VALUE]
34 00 3E 00 36 00 31 00 0E 00 0C 00 DE 41 D5 41 
C8 41 B0 41 2C 39 AC 3B 7D 3F CB 0C B9 00 B9 00 
BA 00 01 00 F0 43 E3 42 82 47 19 43 75 46 75 46 
6C 03 14 04 8D 03 37 03 CC 00 B7 00 01 01 01 00 
85 02 81 02 A9 02 7D 02 9F 02 9F 02 78 2F 7B B5 
01 00 00 00 8D 00 00 00 4E EA 01 00 01 00 16 00 
31 00 00 00 07 01 01 03 03 03 04 00 01 01 01 01 
01 01 01 00 05 00 00 00 AB A2 02 00 

[BINARY DATA]
25 08 00 C0 15 02 00 3C AB 5E 00 D9 00 00 00 00 75 18 1A 05 00 00 00 00 7C 00 34 00 3E 00 36 00 31 00 0E 00 0C 00 DE 41 D5 41 C8 41 B0 41 2C 39 AC 3B 7D 3F CB 0C B9 00 B9 00 BA 00 01 00 F0 43 E3 42 82 47 19 43 75 46 75 46 6C 03 14 04 8D 03 37 03 CC 00 B7 00 01 01 01 00 85 02 81 02 A9 02 7D 02 9F 02 9F 02 78 2F 7B B5 01 00 00 00 8D 00 00 00 4E EA 01 00 01 00 16 00 31 00 00 00 07 01 01 03 03 03 04 00 01 01 01 01 01 01 01 00 05 00 00 00 AB A2 02 00 00 00 00 00 00 00 00 00 00 00 00 00 00 00 00 00 00 00 00 00 00 00 00 00 00 00 00 00 00 00 00 00 00 00 00 00 00 00 00 00 00 00 00 00 00 00 00 00 00 00 00 00 00 00 00 00 00 00 00 00 00 00 00 00 00 00 00 00 00 00 00 00 00 00 00 00 00 00 00 00 00 00 00 00 00 00 00 00 00 00 00 00 00 00 00 00 00 00 00 00 00 00 00 00 00 00 00 00 00 00 00 00 00 00 00 00 00 00 00 00 00 00 00 00 00 00 00 00 00 00 00 00 00 00 00 00 00 00 00 00 00 00 00 00 00 00 00 00 00 00 00 00 00 00 00 00 00 00 00 00 00 00 00 00 00 00 00 00 00 00 00 00 00 00 00 00 00 00 00 00 00 00 00 00 00 00 00 00 00 00 00 00 00 00 00 00 00 00 00 00 00 00 00 00 00 00 00 00 00 00 00 00 00 00 00 00 00 00 00 00 00 00 00 00 00 00 00 00 00 00 00 00 00 00 00 00 00 00 00 00 00 00 00 00 00 00 00 00 00 00 00 00 00 00 00 00 00 00 00 00 00 00 00 00 00 00 00 00 00 00 00 00 00 00 00 00 00 00 00 00 00 00 00 00 00 00 00 00 00 00 00 00 00 00 00 00 00 00 00 00 00 00 00 00 00 00 00 00 00 00 00 00 00 00 00 00 00 00 00 00 00 00 00 00 00 00 00 00 00 00 00 00 00 00 00 00 00 00 00 00 00 00 00 00 00 00 00 00 00 00 00 00 00 00 00 00 00 00 00 00 00 00 00 00 00 00 00 00 00 00 00 00 00 00 00 00 00 00 00 00 00 00 00 00 00 00 00 00 00 00 
