================= REPORT SAVE =================

[CCSDS HEADER]
MsgId      : 0x0825
Seq        : 0xC000
Len        : 0x0215
TimeCode   : 00 3C AC 02 AA CC
Padding    : 0x00000000

[REPORT BODY]
Reflected MID  : 0x1875
Reflected CC   : 0x1A
RetType        : 0x05
RetCode        : -110
RetValSize     : 124

================= PARSED BY MID/CC =================
ReflectedMID : 0x1875
ReflectedCC  : 0x1A
PayloadLen   : 124

[EPS P60 ACU GET TABLE HK]

[Inputs]
c_in[0..5]: 60 72 66 61 14 12
v_in[0..5]: 16876 16867 16853 16830 14291 14929

[Bus/Temp]
vbat: 16253
vcc : 3275
temp[0..2]: 195 194 195

[MPPT]
mppt_mode: 1
vboost[0..5]: 17661 18602 17526 18440 17930 18198
power[0..5]: 1012 1214 1112 1026 200 179

[DAC]
dac_en[0..2]: 1 1 1
dac_val[0..5]: 657 692 652 686 667 677

[Boot/Time]
bootcause : 3044749176
bootcnt   : 1
uptime    : 141
resetcause: 0xEAF2

[MPPT Timing]
mppt_time  : 1
mppt_period: 1

[Device]
device_type[0..7]: 22 0 49 0 0 0 7 1
device_status[0..7]: 1 3 3 3 4 0 1 1

[WDT]
wdt_cnt_gnd : 65793
wdt_gnd_left: 5

[PAYLOAD HEX]
3C 00 48 00 42 00 3D 00 0E 00 0C 00 EC 41 E3 41 
D5 41 BE 41 D3 37 51 3A 7D 3F CB 0C C3 00 C2 00 
C3 00 01 00 FD 44 AA 48 76 44 08 48 0A 46 16 47 
F4 03 BE 04 58 04 02 04 C8 00 B3 00 01 01 01 00 
91 02 B4 02 8C 02 AE 02 9B 02 A5 02 78 2F 7B B5 
01 00 00 00 8D 00 00 00 F2 EA 01 00 01 00 16 00 
31 00 00 00 07 01 01 03 03 03 04 00 01 01 01 01 
01 01 01 00 05 00 00 00 16 A2 02 00 

[RETURN VALUE]
3C 00 48 00 42 00 3D 00 0E 00 0C 00 EC 41 E3 41 
D5 41 BE 41 D3 37 51 3A 7D 3F CB 0C C3 00 C2 00 
C3 00 01 00 FD 44 AA 48 76 44 08 48 0A 46 16 47 
F4 03 BE 04 58 04 02 04 C8 00 B3 00 01 01 01 00 
91 02 B4 02 8C 02 AE 02 9B 02 A5 02 78 2F 7B B5 
01 00 00 00 8D 00 00 00 F2 EA 01 00 01 00 16 00 
31 00 00 00 07 01 01 03 03 03 04 00 01 01 01 01 
01 01 01 00 05 00 00 00 16 A2 02 00 

[BINARY DATA]
25 08 00 C0 15 02 00 3C AC 02 AA CC 00 00 00 00 75 18 1A 05 92 FF FF FF 7C 00 3C 00 48 00 42 00 3D 00 0E 00 0C 00 EC 41 E3 41 D5 41 BE 41 D3 37 51 3A 7D 3F CB 0C C3 00 C2 00 C3 00 01 00 FD 44 AA 48 76 44 08 48 0A 46 16 47 F4 03 BE 04 58 04 02 04 C8 00 B3 00 01 01 01 00 91 02 B4 02 8C 02 AE 02 9B 02 A5 02 78 2F 7B B5 01 00 00 00 8D 00 00 00 F2 EA 01 00 01 00 16 00 31 00 00 00 07 01 01 03 03 03 04 00 01 01 01 01 01 01 01 00 05 00 00 00 16 A2 02 00 00 00 00 00 00 00 00 00 00 00 00 00 00 00 00 00 00 00 00 00 00 00 00 00 00 00 00 00 00 00 00 00 00 00 00 00 00 00 00 00 00 00 00 00 00 00 00 00 00 00 00 00 00 00 00 00 00 00 00 00 00 00 00 00 00 00 00 00 00 00 00 00 00 00 00 00 00 00 00 00 00 00 00 00 00 00 00 00 00 00 00 00 00 00 00 00 00 00 00 00 00 00 00 00 00 00 00 00 00 00 00 00 00 00 00 00 00 00 00 00 00 00 00 00 00 00 00 00 00 00 00 00 00 00 00 00 00 00 00 00 00 00 00 00 00 00 00 00 00 00 00 00 00 00 00 00 00 00 00 00 00 00 00 00 00 00 00 00 00 00 00 00 00 00 00 00 00 00 00 00 00 00 00 00 00 00 00 00 00 00 00 00 00 00 00 00 00 00 00 00 00 00 00 00 00 00 00 00 00 00 00 00 00 00 00 00 00 00 00 00 00 00 00 00 00 00 00 00 00 00 00 00 00 00 00 00 00 00 00 00 00 00 00 00 00 00 00 00 00 00 00 00 00 00 00 00 00 00 00 00 00 00 00 00 00 00 00 00 00 00 00 00 00 00 00 00 00 00 00 00 00 00 00 00 00 00 00 00 00 00 00 00 00 00 00 00 00 00 00 00 00 00 00 00 00 00 00 00 00 00 00 00 00 00 00 00 00 00 00 00 00 00 00 00 00 00 00 00 00 00 00 00 00 00 00 00 00 00 00 00 00 00 00 00 00 00 00 00 00 00 00 00 00 00 00 00 00 00 00 00 00 00 00 00 00 00 00 00 00 00 00 00 00 00 00 00 00 00 00 00 00 00 00 00 00 00 00 00 00 00 
