================= REPORT SAVE =================

[CCSDS HEADER]
MsgId      : 0x0825
Seq        : 0xC000
Len        : 0x0215
TimeCode   : 00 3C C2 E5 D8 CE
Padding    : 0x00000000

[REPORT BODY]
Reflected MID  : 0x1875
Reflected CC   : 0x1A
RetType        : 0x05
RetCode        : 0
RetValSize     : 124

================= PARSED BY MID/CC =================
ReflectedMID : 0x1875
ReflectedCC  : 0x1A
PayloadLen   : 124

[EPS P60 ACU GET TABLE HK]

[Inputs]
c_in[0..5]: 52 64 61 60 14 12
v_in[0..5]: 16848 16826 16826 16802 14195 14957

[Bus/Temp]
vbat: 16222
vcc : 3275
temp[0..2]: 220 220 220

[MPPT]
mppt_mode: 1
vboost[0..5]: 18602 17822 17365 18198 17876 17983
power[0..5]: 876 1076 1026 1008 198 179

[DAC]
dac_en[0..2]: 1 1 1
dac_val[0..5]: 692 663 646 677 665 669

[Boot/Time]
bootcause : 3044749176
bootcnt   : 1
uptime    : 141
resetcause: 0x01D9

[MPPT Timing]
mppt_time  : 2
mppt_period: 1

[Device]
device_type[0..7]: 22 0 49 0 0 0 7 1
device_status[0..7]: 1 3 3 3 4 0 1 1

[WDT]
wdt_cnt_gnd : 65793
wdt_gnd_left: 5

[PAYLOAD HEX]
34 00 40 00 3D 00 3C 00 0E 00 0C 00 D0 41 BA 41 
BA 41 A2 41 73 37 6D 3A 5E 3F CB 0C DC 00 DC 00 
DC 00 01 00 AA 48 9E 45 D5 43 16 47 D4 45 3F 46 
6C 03 34 04 02 04 F0 03 C6 00 B3 00 01 01 01 00 
B4 02 97 02 86 02 A5 02 99 02 9D 02 78 2F 7B B5 
01 00 00 00 8D 00 00 00 D9 01 02 00 01 00 16 00 
31 00 00 00 07 01 01 03 03 03 04 00 01 01 01 01 
01 01 01 00 05 00 00 00 20 8B 02 00 

[RETURN VALUE]
34 00 40 00 3D 00 3C 00 0E 00 0C 00 D0 41 BA 41 
BA 41 A2 41 73 37 6D 3A 5E 3F CB 0C DC 00 DC 00 
DC 00 01 00 AA 48 9E 45 D5 43 16 47 D4 45 3F 46 
6C 03 34 04 02 04 F0 03 C6 00 B3 00 01 01 01 00 
B4 02 97 02 86 02 A5 02 99 02 9D 02 78 2F 7B B5 
01 00 00 00 8D 00 00 00 D9 01 02 00 01 00 16 00 
31 00 00 00 07 01 01 03 03 03 04 00 01 01 01 01 
01 01 01 00 05 00 00 00 20 8B 02 00 

[BINARY DATA]
25 08 00 C0 15 02 00 3C C2 E5 D8 CE 00 00 00 00 75 18 1A 05 00 00 00 00 7C 00 34 00 40 00 3D 00 3C 00 0E 00 0C 00 D0 41 BA 41 BA 41 A2 41 73 37 6D 3A 5E 3F CB 0C DC 00 DC 00 DC 00 01 00 AA 48 9E 45 D5 43 16 47 D4 45 3F 46 6C 03 34 04 02 04 F0 03 C6 00 B3 00 01 01 01 00 B4 02 97 02 86 02 A5 02 99 02 9D 02 78 2F 7B B5 01 00 00 00 8D 00 00 00 D9 01 02 00 01 00 16 00 31 00 00 00 07 01 01 03 03 03 04 00 01 01 01 01 01 01 01 00 05 00 00 00 20 8B 02 00 00 00 00 00 00 00 00 00 00 00 00 00 00 00 00 00 00 00 00 00 00 00 00 00 00 00 00 00 00 00 00 00 00 00 00 00 00 00 00 00 00 00 00 00 00 00 00 00 00 00 00 00 00 00 00 00 00 00 00 00 00 00 00 00 00 00 00 00 00 00 00 00 00 00 00 00 00 00 00 00 00 00 00 00 00 00 00 00 00 00 00 00 00 00 00 00 00 00 00 00 00 00 00 00 00 00 00 00 00 00 00 00 00 00 00 00 00 00 00 00 00 00 00 00 00 00 00 00 00 00 00 00 00 00 00 00 00 00 00 00 00 00 00 00 00 00 00 00 00 00 00 00 00 00 00 00 00 00 00 00 00 00 00 00 00 00 00 00 00 00 00 00 00 00 00 00 00 00 00 00 00 00 00 00 00 00 00 00 00 00 00 00 00 00 00 00 00 00 00 00 00 00 00 00 00 00 00 00 00 00 00 00 00 00 00 00 00 00 00 00 00 00 00 00 00 00 00 00 00 00 00 00 00 00 00 00 00 00 00 00 00 00 00 00 00 00 00 00 00 00 00 00 00 00 00 00 00 00 00 00 00 00 00 00 00 00 00 00 00 00 00 00 00 00 00 00 00 00 00 00 00 00 00 00 00 00 00 00 00 00 00 00 00 00 00 00 00 00 00 00 00 00 00 00 00 00 00 00 00 00 00 00 00 00 00 00 00 00 00 00 00 00 00 00 00 00 00 00 00 00 00 00 00 00 00 00 00 00 00 00 00 00 00 00 00 00 00 00 00 00 00 00 00 00 00 00 00 00 00 00 00 00 00 00 00 00 00 00 00 00 00 00 00 00 00 00 00 00 00 00 00 00 00 00 00 00 00 00 00 00 
