================= REPORT SAVE =================

[CCSDS HEADER]
MsgId      : 0x0825
Seq        : 0xC000
Len        : 0x0215
TimeCode   : 00 2F 81 36 F6 4A
Padding    : 0x00000000

[REPORT BODY]
Reflected MID  : 0x1875
Reflected CC   : 0x1A
RetType        : 0x05
RetCode        : 0
RetValSize     : 124

================= PARSED BY MID/CC =================
ReflectedMID : 0x1875
ReflectedCC  : 0x1A
PayloadLen   : 124

[EPS P60 ACU GET TABLE HK]

[Inputs]
c_in[0..5]: 9 17 88 81 14 12
v_in[0..5]: 569 4880 16895 16871 14609 15401

[Bus/Temp]
vbat: 16285
vcc : 3275
temp[0..2]: 222 222 223

[MPPT]
mppt_mode: 1
vboost[0..5]: 18091 17983 17392 17983 18037 18145
power[0..5]: 5 82 1486 1366 204 184

[DAC]
dac_en[0..2]: 1 1 1
dac_val[0..5]: 671 669 647 669 669 675

[Boot/Time]
bootcause : 0
bootcnt   : 1
uptime    : 139
resetcause: 0x2B6C

[MPPT Timing]
mppt_time  : 19
mppt_period: 1

[Device]
device_type[0..7]: 22 0 49 0 0 0 7 1
device_status[0..7]: 1 3 3 3 4 0 1 1

[WDT]
wdt_cnt_gnd : 65793
wdt_gnd_left: 5

[PAYLOAD HEX]
09 00 11 00 58 00 51 00 0E 00 0C 00 39 02 10 13 
FF 41 E7 41 11 39 29 3C 9D 3F CB 0C DE 00 DE 00 
DF 00 01 00 AB 46 3F 46 F0 43 3F 46 75 46 E1 46 
05 00 52 00 CE 05 56 05 CC 00 B8 00 01 01 01 00 
9F 02 9D 02 87 02 9D 02 9D 02 A3 02 00 00 00 00 
01 00 00 00 8B 00 00 00 6C 2B 13 00 01 00 16 00 
31 00 00 00 07 01 01 03 03 03 04 00 01 01 01 01 
01 01 01 00 05 00 00 00 7D A1 02 00 

[RETURN VALUE]
09 00 11 00 58 00 51 00 0E 00 0C 00 39 02 10 13 
FF 41 E7 41 11 39 29 3C 9D 3F CB 0C DE 00 DE 00 
DF 00 01 00 AB 46 3F 46 F0 43 3F 46 75 46 E1 46 
05 00 52 00 CE 05 56 05 CC 00 B8 00 01 01 01 00 
9F 02 9D 02 87 02 9D 02 9D 02 A3 02 00 00 00 00 
01 00 00 00 8B 00 00 00 6C 2B 13 00 01 00 16 00 
31 00 00 00 07 01 01 03 03 03 04 00 01 01 01 01 
01 01 01 00 05 00 00 00 7D A1 02 00 

[BINARY DATA]
25 08 00 C0 15 02 00 2F 81 36 F6 4A 00 00 00 00 75 18 1A 05 00 00 00 00 7C 00 09 00 11 00 58 00 51 00 0E 00 0C 00 39 02 10 13 FF 41 E7 41 11 39 29 3C 9D 3F CB 0C DE 00 DE 00 DF 00 01 00 AB 46 3F 46 F0 43 3F 46 75 46 E1 46 05 00 52 00 CE 05 56 05 CC 00 B8 00 01 01 01 00 9F 02 9D 02 87 02 9D 02 9D 02 A3 02 00 00 00 00 01 00 00 00 8B 00 00 00 6C 2B 13 00 01 00 16 00 31 00 00 00 07 01 01 03 03 03 04 00 01 01 01 01 01 01 01 00 05 00 00 00 7D A1 02 00 00 00 00 00 00 00 00 00 00 00 00 00 00 00 00 00 00 00 00 00 00 00 00 00 00 00 00 00 00 00 00 00 00 00 00 00 00 00 00 00 00 00 00 00 00 00 00 00 00 00 00 00 00 00 00 00 00 00 00 00 00 00 00 00 00 00 00 00 00 00 00 00 00 00 00 00 00 00 00 00 00 00 00 00 00 00 00 00 00 00 00 00 00 00 00 00 00 00 00 00 00 00 00 00 00 00 00 00 00 00 00 00 00 00 00 00 00 00 00 00 00 00 00 00 00 00 00 00 00 00 00 00 00 00 00 00 00 00 00 00 00 00 00 00 00 00 00 00 00 00 00 00 00 00 00 00 00 00 00 00 00 00 00 00 00 00 00 00 00 00 00 00 00 00 00 00 00 00 00 00 00 00 00 00 00 00 00 00 00 00 00 00 00 00 00 00 00 00 00 00 00 00 00 00 00 00 00 00 00 00 00 00 00 00 00 00 00 00 00 00 00 00 00 00 00 00 00 00 00 00 00 00 00 00 00 00 00 00 00 00 00 00 00 00 00 00 00 00 00 00 00 00 00 00 00 00 00 00 00 00 00 00 00 00 00 00 00 00 00 00 00 00 00 00 00 00 00 00 00 00 00 00 00 00 00 00 00 00 00 00 00 00 00 00 00 00 00 00 00 00 00 00 00 00 00 00 00 00 00 00 00 00 00 00 00 00 00 00 00 00 00 00 00 00 00 00 00 00 00 00 00 00 00 00 00 00 00 00 00 00 00 00 00 00 00 00 00 00 00 00 00 00 00 00 00 00 00 00 00 00 00 00 00 00 00 00 00 00 00 00 00 00 00 00 00 00 00 00 00 00 00 00 00 00 00 00 00 00 00 00 
