================= REPORT SAVE =================

[CCSDS HEADER]
MsgId      : 0x0825
Seq        : 0xC000
Len        : 0x0215
TimeCode   : 00 3C C1 AD 9A DA
Padding    : 0x00000000

[REPORT BODY]
Reflected MID  : 0x1875
Reflected CC   : 0x1A
RetType        : 0x05
RetCode        : 0
RetValSize     : 124

================= PARSED BY MID/CC =================
ReflectedMID : 0x1875
ReflectedCC  : 0x1A
PayloadLen   : 124

[EPS P60 ACU GET TABLE HK]

[Inputs]
c_in[0..5]: 57 68 73 69 14 12
v_in[0..5]: 16848 16826 16840 16802 15023 15096

[Bus/Temp]
vbat: 16222
vcc : 3275
temp[0..2]: 210 211 212

[MPPT]
mppt_mode: 1
vboost[0..5]: 17553 17849 17741 17284 17983 18091
power[0..5]: 960 1144 1229 1159 210 181

[DAC]
dac_en[0..2]: 1 1 1
dac_val[0..5]: 653 664 662 641 669 671

[Boot/Time]
bootcause : 3044749176
bootcnt   : 1
uptime    : 141
resetcause: 0x00A0

[MPPT Timing]
mppt_time  : 2
mppt_period: 1

[Device]
device_type[0..7]: 22 0 49 0 0 0 7 1
device_status[0..7]: 1 3 3 3 4 0 1 1

[WDT]
wdt_cnt_gnd : 65793
wdt_gnd_left: 5

[PAYLOAD HEX]
39 00 44 00 49 00 45 00 0E 00 0C 00 D0 41 BA 41 
C8 41 A2 41 AF 3A F8 3A 5E 3F CB 0C D2 00 D3 00 
D4 00 01 00 91 44 B9 45 4D 45 84 43 3F 46 AB 46 
C0 03 78 04 CD 04 87 04 D2 00 B5 00 01 01 01 00 
8D 02 98 02 96 02 81 02 9D 02 9F 02 78 2F 7B B5 
01 00 00 00 8D 00 00 00 A0 00 02 00 01 00 16 00 
31 00 00 00 07 01 01 03 03 03 04 00 01 01 01 01 
01 01 01 00 05 00 00 00 59 8C 02 00 

[RETURN VALUE]
39 00 44 00 49 00 45 00 0E 00 0C 00 D0 41 BA 41 
C8 41 A2 41 AF 3A F8 3A 5E 3F CB 0C D2 00 D3 00 
D4 00 01 00 91 44 B9 45 4D 45 84 43 3F 46 AB 46 
C0 03 78 04 CD 04 87 04 D2 00 B5 00 01 01 01 00 
8D 02 98 02 96 02 81 02 9D 02 9F 02 78 2F 7B B5 
01 00 00 00 8D 00 00 00 A0 00 02 00 01 00 16 00 
31 00 00 00 07 01 01 03 03 03 04 00 01 01 01 01 
01 01 01 00 05 00 00 00 59 8C 02 00 

[BINARY DATA]
25 08 00 C0 15 02 00 3C C1 AD 9A DA 00 00 00 00 75 18 1A 05 00 00 00 00 7C 00 39 00 44 00 49 00 45 00 0E 00 0C 00 D0 41 BA 41 C8 41 A2 41 AF 3A F8 3A 5E 3F CB 0C D2 00 D3 00 D4 00 01 00 91 44 B9 45 4D 45 84 43 3F 46 AB 46 C0 03 78 04 CD 04 87 04 D2 00 B5 00 01 01 01 00 8D 02 98 02 96 02 81 02 9D 02 9F 02 78 2F 7B B5 01 00 00 00 8D 00 00 00 A0 00 02 00 01 00 16 00 31 00 00 00 07 01 01 03 03 03 04 00 01 01 01 01 01 01 01 00 05 00 00 00 59 8C 02 00 00 00 00 00 00 00 00 00 00 00 00 00 00 00 00 00 00 00 00 00 00 00 00 00 00 00 00 00 00 00 00 00 00 00 00 00 00 00 00 00 00 00 00 00 00 00 00 00 00 00 00 00 00 00 00 00 00 00 00 00 00 00 00 00 00 00 00 00 00 00 00 00 00 00 00 00 00 00 00 00 00 00 00 00 00 00 00 00 00 00 00 00 00 00 00 00 00 00 00 00 00 00 00 00 00 00 00 00 00 00 00 00 00 00 00 00 00 00 00 00 00 00 00 00 00 00 00 00 00 00 00 00 00 00 00 00 00 00 00 00 00 00 00 00 00 00 00 00 00 00 00 00 00 00 00 00 00 00 00 00 00 00 00 00 00 00 00 00 00 00 00 00 00 00 00 00 00 00 00 00 00 00 00 00 00 00 00 00 00 00 00 00 00 00 00 00 00 00 00 00 00 00 00 00 00 00 00 00 00 00 00 00 00 00 00 00 00 00 00 00 00 00 00 00 00 00 00 00 00 00 00 00 00 00 00 00 00 00 00 00 00 00 00 00 00 00 00 00 00 00 00 00 00 00 00 00 00 00 00 00 00 00 00 00 00 00 00 00 00 00 00 00 00 00 00 00 00 00 00 00 00 00 00 00 00 00 00 00 00 00 00 00 00 00 00 00 00 00 00 00 00 00 00 00 00 00 00 00 00 00 00 00 00 00 00 00 00 00 00 00 00 00 00 00 00 00 00 00 00 00 00 00 00 00 00 00 00 00 00 00 00 00 00 00 00 00 00 00 00 00 00 00 00 00 00 00 00 00 00 00 00 00 00 00 00 00 00 00 00 00 00 00 00 00 00 00 00 00 00 00 00 00 00 00 00 00 00 00 00 00 
