================= REPORT SAVE =================

[CCSDS HEADER]
MsgId      : 0x2508
Seq        : 0x00C0
Len        : 0x1502
TimeCode   : 00 2C F1 0E 88 4C
Padding    : 0x00000000

[REPORT BODY]
Reflected MID  : 0x1875
Reflected CC   : 0x1A
RetType        : 0x05
RetCode        : 0
RetValSize     : 124

[RETURN VALUE]
FA 00 05 01 0F 00 0A 00 0F 00 0B 00 31 42 1B 42 
9E 41 87 41 31 2A E2 40 7D 3F CB 0C EB 00 EC 00 
EB 00 01 00 9E 45 78 42 0A 46 3F 46 75 46 3F 46 
8C 10 40 11 FB 00 A7 00 A2 00 B6 00 01 01 01 00 
95 02 7B 02 9B 02 9F 02 9F 02 9D 02 00 00 00 00 
01 00 00 00 8B 00 00 00 F3 9A 10 00 01 00 16 00 
31 00 00 00 07 01 01 03 03 03 04 00 01 01 01 01 
01 01 01 00 05 00 00 00 E9 A2 02 00 

[BINARY DATA]
08 25 C0 00 02 15 00 2C F1 0E 88 4C 00 00 00 00 75 18 1A 05 00 00 00 00 7C 00 FA 00 05 01 0F 00 0A 00 0F 00 0B 00 31 42 1B 42 9E 41 87 41 31 2A E2 40 7D 3F CB 0C EB 00 EC 00 EB 00 01 00 9E 45 78 42 0A 46 3F 46 75 46 3F 46 8C 10 40 11 FB 00 A7 00 A2 00 B6 00 01 01 01 00 95 02 7B 02 9B 02 9F 02 9F 02 9D 02 00 00 00 00 01 00 00 00 8B 00 00 00 F3 9A 10 00 01 00 16 00 31 00 00 00 07 01 01 03 03 03 04 00 01 01 01 01 01 01 01 00 05 00 00 00 E9 A2 02 00 00 00 00 00 00 00 00 00 00 00 00 00 00 00 00 00 00 00 00 00 00 00 00 00 00 00 00 00 00 00 00 00 00 00 00 00 00 00 00 00 00 00 00 00 00 00 00 00 00 00 00 00 00 00 00 00 00 00 63 48 77 97 BA 86 75 7C 00 00 00 00 00 00 00 00 00 00 00 00 00 00 00 00 00 00 00 00 00 00 00 00 00 00 00 00 00 00 00 00 00 00 00 00 00 00 00 00 00 00 00 00 00 00 00 00 00 00 00 00 00 00 00 00 00 00 00 00 00 00 00 00 00 00 00 00 00 00 00 00 00 00 00 00 00 00 00 00 00 00 00 00 00 00 00 00 00 00 00 00 00 00 00 00 00 00 00 00 00 00 00 00 00 00 00 00 00 00 00 00 00 00 00 00 00 00 00 00 00 00 00 00 00 00 00 00 00 00 00 00 00 00 00 00 00 00 00 00 00 00 00 00 00 00 00 00 00 00 00 00 00 00 00 00 00 00 00 00 00 00 00 00 00 00 00 00 00 00 00 00 00 00 00 00 00 00 00 00 00 00 00 00 00 00 00 00 00 00 00 00 00 00 00 00 00 00 00 00 00 00 00 00 00 00 00 00 00 00 00 00 00 00 00 00 00 00 00 00 00 00 00 00 00 00 00 00 00 00 00 00 00 00 00 00 00 00 00 00 00 00 00 00 00 00 00 00 00 00 00 00 00 00 00 00 00 00 00 00 00 00 00 00 00 00 00 00 00 00 00 00 00 00 00 00 00 00 00 00 00 00 00 00 00 00 00 00 00 00 00 00 00 00 00 00 00 00 00 00 00 00 00 00 00 00 00 00 00 00 00 00 00 00 00 00 00 00 00 00 00 00 00 00 
