================= REPORT SAVE =================

[CCSDS HEADER]
MsgId      : 0x0825
Seq        : 0xC000
Len        : 0x0215
TimeCode   : 00 3B 6E 3B 62 D9
Padding    : 0x00000000

[REPORT BODY]
Reflected MID  : 0x1875
Reflected CC   : 0x1A
RetType        : 0x05
RetCode        : 0
RetValSize     : 124

================= PARSED BY MID/CC =================
ReflectedMID : 0x1875
ReflectedCC  : 0x1A
PayloadLen   : 124

[EPS P60 ACU GET TABLE HK]

[Inputs]
c_in[0..5]: 60 64 104 90 44 55
v_in[0..5]: 16432 16397 16425 16388 16402 16457

[Bus/Temp]
vbat: 15817
vcc : 3271
temp[0..2]: 285 283 285

[MPPT]
mppt_mode: 1
vboost[0..5]: 17634 18279 18413 17446 18602 18870
power[0..5]: 985 1049 1708 1474 721 905

[DAC]
dac_en[0..2]: 1 1 1
dac_val[0..5]: 656 680 685 649 692 702

[Boot/Time]
bootcause : 3044749176
bootcnt   : 1
uptime    : 141
resetcause: 0xAD05

[MPPT Timing]
mppt_time  : 0
mppt_period: 1

[Device]
device_type[0..7]: 22 0 49 0 0 0 7 1
device_status[0..7]: 1 3 3 3 4 0 1 1

[WDT]
wdt_cnt_gnd : 65793
wdt_gnd_left: 5

[PAYLOAD HEX]
3C 00 40 00 68 00 5A 00 2C 00 37 00 30 40 0D 40 
29 40 04 40 12 40 49 40 C9 3D C7 0C 1D 01 1B 01 
1D 01 01 00 E2 44 67 47 ED 47 26 44 AA 48 B6 49 
D9 03 19 04 AC 06 C2 05 D1 02 89 03 01 01 01 00 
90 02 A8 02 AD 02 89 02 B4 02 BE 02 78 2F 7B B5 
01 00 00 00 8D 00 00 00 05 AD 00 00 01 00 16 00 
31 00 00 00 07 01 01 03 03 03 04 00 01 01 01 01 
01 01 01 00 05 00 00 00 37 F5 01 00 

[RETURN VALUE]
3C 00 40 00 68 00 5A 00 2C 00 37 00 30 40 0D 40 
29 40 04 40 12 40 49 40 C9 3D C7 0C 1D 01 1B 01 
1D 01 01 00 E2 44 67 47 ED 47 26 44 AA 48 B6 49 
D9 03 19 04 AC 06 C2 05 D1 02 89 03 01 01 01 00 
90 02 A8 02 AD 02 89 02 B4 02 BE 02 78 2F 7B B5 
01 00 00 00 8D 00 00 00 05 AD 00 00 01 00 16 00 
31 00 00 00 07 01 01 03 03 03 04 00 01 01 01 01 
01 01 01 00 05 00 00 00 37 F5 01 00 

[BINARY DATA]
25 08 00 C0 15 02 00 3B 6E 3B 62 D9 00 00 00 00 75 18 1A 05 00 00 00 00 7C 00 3C 00 40 00 68 00 5A 00 2C 00 37 00 30 40 0D 40 29 40 04 40 12 40 49 40 C9 3D C7 0C 1D 01 1B 01 1D 01 01 00 E2 44 67 47 ED 47 26 44 AA 48 B6 49 D9 03 19 04 AC 06 C2 05 D1 02 89 03 01 01 01 00 90 02 A8 02 AD 02 89 02 B4 02 BE 02 78 2F 7B B5 01 00 00 00 8D 00 00 00 05 AD 00 00 01 00 16 00 31 00 00 00 07 01 01 03 03 03 04 00 01 01 01 01 01 01 01 00 05 00 00 00 37 F5 01 00 00 00 00 00 00 00 00 00 00 00 00 00 00 00 00 00 00 00 00 00 00 00 00 00 00 00 00 00 00 00 00 00 00 00 00 00 00 00 00 00 00 00 00 00 00 00 00 00 00 00 00 00 00 00 00 00 00 00 00 00 00 00 00 00 00 00 00 00 00 00 00 00 00 00 00 00 00 00 00 00 00 00 00 00 00 00 00 00 00 00 00 00 00 00 00 00 00 00 00 00 00 00 00 00 00 00 00 00 00 00 00 00 00 00 00 00 00 00 00 00 00 00 00 00 00 00 00 00 00 00 00 00 00 00 00 00 00 00 00 00 00 00 00 00 00 00 00 00 00 00 00 00 00 00 00 00 00 00 00 00 00 00 00 00 00 00 00 00 00 00 00 00 00 00 00 00 00 00 00 00 00 00 00 00 00 00 00 00 00 00 00 00 00 00 00 00 00 00 00 00 00 00 00 00 00 00 00 00 00 00 00 00 00 00 00 00 00 00 00 00 00 00 00 00 00 00 00 00 00 00 00 00 00 00 00 00 00 00 00 00 00 00 00 00 00 00 00 00 00 00 00 00 00 00 00 00 00 00 00 00 00 00 00 00 00 00 00 00 00 00 00 00 00 00 00 00 00 00 00 00 00 00 00 00 00 00 00 00 00 00 00 00 00 00 00 00 00 00 00 00 00 00 00 00 00 00 00 00 00 00 00 00 00 00 00 00 00 00 00 00 00 00 00 00 00 00 00 00 00 00 00 00 00 00 00 00 00 00 00 00 00 00 00 00 00 00 00 00 00 00 00 00 00 00 00 00 00 00 00 00 00 00 00 00 00 00 00 00 00 00 00 00 00 00 00 00 00 00 00 00 00 00 00 00 00 00 00 00 00 00 
