================= REPORT SAVE =================

[CCSDS HEADER]
MsgId      : 0x0825
Seq        : 0xC000
Len        : 0x0215
TimeCode   : 00 3C AC 77 CA D7
Padding    : 0x00000000

[REPORT BODY]
Reflected MID  : 0x1875
Reflected CC   : 0x1A
RetType        : 0x05
RetCode        : 0
RetValSize     : 124

================= PARSED BY MID/CC =================
ReflectedMID : 0x1875
ReflectedCC  : 0x1A
PayloadLen   : 124

[EPS P60 ACU GET TABLE HK]

[Inputs]
c_in[0..5]: 49 62 53 49 14 13
v_in[0..5]: 16848 16840 16840 16802 14084 14499

[Bus/Temp]
vbat: 16253
vcc : 3275
temp[0..2]: 200 200 200

[MPPT]
mppt_mode: 1
vboost[0..5]: 18145 17284 18225 18709 17930 18091
power[0..5]: 825 1044 892 823 197 188

[DAC]
dac_en[0..2]: 1 1 1
dac_val[0..5]: 677 645 680 698 669 673

[Boot/Time]
bootcause : 3044749176
bootcnt   : 1
uptime    : 141
resetcause: 0xEB68

[MPPT Timing]
mppt_time  : 1
mppt_period: 1

[Device]
device_type[0..7]: 22 0 49 0 0 0 7 1
device_status[0..7]: 1 3 3 3 4 0 1 1

[WDT]
wdt_cnt_gnd : 65793
wdt_gnd_left: 5

[PAYLOAD HEX]
31 00 3E 00 35 00 31 00 0E 00 0D 00 D0 41 C8 41 
C8 41 A2 41 04 37 A3 38 7D 3F CB 0C C8 00 C8 00 
C8 00 01 00 E1 46 84 43 31 47 15 49 0A 46 AB 46 
39 03 14 04 7C 03 37 03 C5 00 BC 00 01 01 01 00 
A5 02 85 02 A8 02 BA 02 9D 02 A1 02 78 2F 7B B5 
01 00 00 00 8D 00 00 00 68 EB 01 00 01 00 16 00 
31 00 00 00 07 01 01 03 03 03 04 00 01 01 01 01 
01 01 01 00 05 00 00 00 91 A1 02 00 

[RETURN VALUE]
31 00 3E 00 35 00 31 00 0E 00 0D 00 D0 41 C8 41 
C8 41 A2 41 04 37 A3 38 7D 3F CB 0C C8 00 C8 00 
C8 00 01 00 E1 46 84 43 31 47 15 49 0A 46 AB 46 
39 03 14 04 7C 03 37 03 C5 00 BC 00 01 01 01 00 
A5 02 85 02 A8 02 BA 02 9D 02 A1 02 78 2F 7B B5 
01 00 00 00 8D 00 00 00 68 EB 01 00 01 00 16 00 
31 00 00 00 07 01 01 03 03 03 04 00 01 01 01 01 
01 01 01 00 05 00 00 00 91 A1 02 00 

[BINARY DATA]
25 08 00 C0 15 02 00 3C AC 77 CA D7 00 00 00 00 75 18 1A 05 00 00 00 00 7C 00 31 00 3E 00 35 00 31 00 0E 00 0D 00 D0 41 C8 41 C8 41 A2 41 04 37 A3 38 7D 3F CB 0C C8 00 C8 00 C8 00 01 00 E1 46 84 43 31 47 15 49 0A 46 AB 46 39 03 14 04 7C 03 37 03 C5 00 BC 00 01 01 01 00 A5 02 85 02 A8 02 BA 02 9D 02 A1 02 78 2F 7B B5 01 00 00 00 8D 00 00 00 68 EB 01 00 01 00 16 00 31 00 00 00 07 01 01 03 03 03 04 00 01 01 01 01 01 01 01 00 05 00 00 00 91 A1 02 00 00 00 00 00 00 00 00 00 00 00 00 00 00 00 00 00 00 00 00 00 00 00 00 00 00 00 00 00 00 00 00 00 00 00 00 00 00 00 00 00 00 00 00 00 00 00 00 00 00 00 00 00 00 00 00 00 00 00 00 00 00 00 00 00 00 00 00 00 00 00 00 00 00 00 00 00 00 00 00 00 00 00 00 00 00 00 00 00 00 00 00 00 00 00 00 00 00 00 00 00 00 00 00 00 00 00 00 00 00 00 00 00 00 00 00 00 00 00 00 00 00 00 00 00 00 00 00 00 00 00 00 00 00 00 00 00 00 00 00 00 00 00 00 00 00 00 00 00 00 00 00 00 00 00 00 00 00 00 00 00 00 00 00 00 00 00 00 00 00 00 00 00 00 00 00 00 00 00 00 00 00 00 00 00 00 00 00 00 00 00 00 00 00 00 00 00 00 00 00 00 00 00 00 00 00 00 00 00 00 00 00 00 00 00 00 00 00 00 00 00 00 00 00 00 00 00 00 00 00 00 00 00 00 00 00 00 00 00 00 00 00 00 00 00 00 00 00 00 00 00 00 00 00 00 00 00 00 00 00 00 00 00 00 00 00 00 00 00 00 00 00 00 00 00 00 00 00 00 00 00 00 00 00 00 00 00 00 00 00 00 00 00 00 00 00 00 00 00 00 00 00 00 00 00 00 00 00 00 00 00 00 00 00 00 00 00 00 00 00 00 00 00 00 00 00 00 00 00 00 00 00 00 00 00 00 00 00 00 00 00 00 00 00 00 00 00 00 00 00 00 00 00 00 00 00 00 00 00 00 00 00 00 00 00 00 00 00 00 00 00 00 00 00 00 00 00 00 00 00 00 00 00 00 00 00 00 00 00 00 00 
