================= REPORT SAVE =================

[CCSDS HEADER]
MsgId      : 0x2508
Seq        : 0x00C0
Len        : 0x1502
TimeCode   : 00 27 A1 57 C2 3D
Padding    : 0x00000000

[REPORT BODY]
Reflected MID  : 0x1875
Reflected CC   : 0x17
RetType        : 0x05
RetCode        : 0
RetValSize     : 144

[RETURN VALUE]
17 00 1D 00 1A 00 17 00 0F 00 12 00 0F 00 18 00 
17 00 00 00 00 00 00 00 00 00 F9 03 00 00 00 00 
00 00 00 00 CE 0C 7C 3F D7 00 00 00 00 2F 00 00 
00 00 00 00 00 00 00 B6 01 00 00 00 78 00 00 00 
98 4A 0B 00 01 00 03 00 00 00 00 00 00 00 00 00 
00 00 00 00 00 00 00 00 00 00 07 02 02 04 00 00 
00 00 01 01 01 01 00 00 00 00 1B B6 05 00 00 00 
00 00 00 00 00 00 00 00 00 00 00 00 00 00 

[BINARY DATA]
08 25 C0 00 02 15 00 27 A1 57 C2 3D 00 00 00 00 75 18 17 05 00 00 00 00 90 00 17 00 1D 00 1A 00 17 00 0F 00 12 00 0F 00 18 00 17 00 00 00 00 00 00 00 00 00 F9 03 00 00 00 00 00 00 00 00 CE 0C 7C 3F D7 00 00 00 00 2F 00 00 00 00 00 00 00 00 00 B6 01 00 00 00 78 00 00 00 98 4A 0B 00 01 00 03 00 00 00 00 00 00 00 00 00 00 00 00 00 00 00 00 00 00 00 07 02 02 04 00 00 00 00 01 01 01 01 00 00 00 00 1B B6 05 00 00 00 00 00 00 00 00 00 00 00 00 00 00 00 00 00 
