================= REPORT SAVE =================

[CCSDS HEADER]
MsgId      : 0x0825
Seq        : 0xC000
Len        : 0x0215
TimeCode   : 00 2F 81 04 60 4C
Padding    : 0x00000000

[REPORT BODY]
Reflected MID  : 0x1875
Reflected CC   : 0x1A
RetType        : 0x05
RetCode        : 0
RetValSize     : 124

================= PARSED BY MID/CC =================
ReflectedMID : 0x1875
ReflectedCC  : 0x1A
PayloadLen   : 124

[EPS P60 ACU GET TABLE HK]

[Inputs]
c_in[0..5]: 7 17 224 223 111 27
v_in[0..5]: 4899 4894 9318 9311 9339 9360

[Bus/Temp]
vbat: 16316
vcc : 3275
temp[0..2]: 225 222 226

[MPPT]
mppt_mode: 1
vboost[0..5]: 9193 9193 9166 9166 9166 9166
power[0..5]: 34 83 2087 2076 1036 252

[DAC]
dac_en[0..2]: 1 1 1
dac_val[0..5]: 341 341 341 341 341 341

[Boot/Time]
bootcause : 0
bootcnt   : 1
uptime    : 139
resetcause: 0x2B3A

[MPPT Timing]
mppt_time  : 19
mppt_period: 1

[Device]
device_type[0..7]: 22 0 49 0 0 0 7 1
device_status[0..7]: 1 3 3 3 4 0 1 1

[WDT]
wdt_cnt_gnd : 65793
wdt_gnd_left: 5

[PAYLOAD HEX]
07 00 11 00 E0 00 DF 00 6F 00 1B 00 23 13 1E 13 
66 24 5F 24 7B 24 90 24 BC 3F CB 0C E1 00 DE 00 
E2 00 01 00 E9 23 E9 23 CE 23 CE 23 CE 23 CE 23 
22 00 53 00 27 08 1C 08 0C 04 FC 00 01 01 01 00 
55 01 55 01 55 01 55 01 55 01 55 01 00 00 00 00 
01 00 00 00 8B 00 00 00 3A 2B 13 00 01 00 16 00 
31 00 00 00 07 01 01 03 03 03 04 00 01 01 01 01 
01 01 01 00 05 00 00 00 AF A1 02 00 

[RETURN VALUE]
07 00 11 00 E0 00 DF 00 6F 00 1B 00 23 13 1E 13 
66 24 5F 24 7B 24 90 24 BC 3F CB 0C E1 00 DE 00 
E2 00 01 00 E9 23 E9 23 CE 23 CE 23 CE 23 CE 23 
22 00 53 00 27 08 1C 08 0C 04 FC 00 01 01 01 00 
55 01 55 01 55 01 55 01 55 01 55 01 00 00 00 00 
01 00 00 00 8B 00 00 00 3A 2B 13 00 01 00 16 00 
31 00 00 00 07 01 01 03 03 03 04 00 01 01 01 01 
01 01 01 00 05 00 00 00 AF A1 02 00 

[BINARY DATA]
25 08 00 C0 15 02 00 2F 81 04 60 4C 00 00 00 00 75 18 1A 05 00 00 00 00 7C 00 07 00 11 00 E0 00 DF 00 6F 00 1B 00 23 13 1E 13 66 24 5F 24 7B 24 90 24 BC 3F CB 0C E1 00 DE 00 E2 00 01 00 E9 23 E9 23 CE 23 CE 23 CE 23 CE 23 22 00 53 00 27 08 1C 08 0C 04 FC 00 01 01 01 00 55 01 55 01 55 01 55 01 55 01 55 01 00 00 00 00 01 00 00 00 8B 00 00 00 3A 2B 13 00 01 00 16 00 31 00 00 00 07 01 01 03 03 03 04 00 01 01 01 01 01 01 01 00 05 00 00 00 AF A1 02 00 00 00 00 00 00 00 00 00 00 00 00 00 00 00 00 00 00 00 00 00 00 00 00 00 00 00 00 00 00 00 00 00 00 00 00 00 00 00 00 00 00 00 00 00 00 00 00 00 00 00 00 00 00 00 00 00 00 00 00 00 00 00 00 00 00 00 00 00 00 00 00 00 00 00 00 00 00 00 00 00 00 00 00 00 00 00 00 00 00 00 00 00 00 00 00 00 00 00 00 00 00 00 00 00 00 00 00 00 00 00 00 00 00 00 00 00 00 00 00 00 00 00 00 00 00 00 00 00 00 00 00 00 00 00 00 00 00 00 00 00 00 00 00 00 00 00 00 00 00 00 00 00 00 00 00 00 00 00 00 00 00 00 00 00 00 00 00 00 00 00 00 00 00 00 00 00 00 00 00 00 00 00 00 00 00 00 00 00 00 00 00 00 00 00 00 00 00 00 00 00 00 00 00 00 00 00 00 00 00 00 00 00 00 00 00 00 00 00 00 00 00 00 00 00 00 00 00 00 00 00 00 00 00 00 00 00 00 00 00 00 00 00 00 00 00 00 00 00 00 00 00 00 00 00 00 00 00 00 00 00 00 00 00 00 00 00 00 00 00 00 00 00 00 00 00 00 00 00 00 00 00 00 00 00 00 00 00 00 00 00 00 00 00 00 00 00 00 00 00 00 00 00 00 00 00 00 00 00 00 00 00 00 00 00 00 00 00 00 00 00 00 00 00 00 00 00 00 00 00 00 00 00 00 00 00 00 00 00 00 00 00 00 00 00 00 00 00 00 00 00 00 00 00 00 00 00 00 00 00 00 00 00 00 00 00 00 00 00 00 00 00 00 00 00 00 00 00 00 00 00 00 00 00 00 00 00 00 00 00 00 
