================= REPORT SAVE =================

[CCSDS HEADER]
MsgId      : 0x0825
Seq        : 0xC000
Len        : 0x0215
TimeCode   : 00 3C AB 88 44 F6
Padding    : 0x00000000

[REPORT BODY]
Reflected MID  : 0x1875
Reflected CC   : 0x1A
RetType        : 0x05
RetCode        : 0
RetValSize     : 124

================= PARSED BY MID/CC =================
ReflectedMID : 0x1875
ReflectedCC  : 0x1A
PayloadLen   : 124

[EPS P60 ACU GET TABLE HK]

[Inputs]
c_in[0..5]: 49 59 54 49 14 12
v_in[0..5]: 16862 16840 16853 16802 14457 15248

[Bus/Temp]
vbat: 16253
vcc : 3275
temp[0..2]: 187 187 188

[MPPT]
mppt_mode: 1
vboost[0..5]: 18145 18413 18602 17500 17876 17876
power[0..5]: 826 993 910 823 202 182

[DAC]
dac_en[0..2]: 1 1 1
dac_val[0..5]: 675 683 690 651 667 665

[Boot/Time]
bootcause : 3044749176
bootcnt   : 1
uptime    : 141
resetcause: 0xEA78

[MPPT Timing]
mppt_time  : 1
mppt_period: 1

[Device]
device_type[0..7]: 22 0 49 0 0 0 7 1
device_status[0..7]: 1 3 3 3 4 0 1 1

[WDT]
wdt_cnt_gnd : 65793
wdt_gnd_left: 5

[PAYLOAD HEX]
31 00 3B 00 36 00 31 00 0E 00 0C 00 DE 41 C8 41 
D5 41 A2 41 79 38 90 3B 7D 3F CB 0C BB 00 BB 00 
BC 00 01 00 E1 46 ED 47 AA 48 5C 44 D4 45 D4 45 
3A 03 E1 03 8E 03 37 03 CA 00 B6 00 01 01 01 00 
A3 02 AB 02 B2 02 8B 02 9B 02 99 02 78 2F 7B B5 
01 00 00 00 8D 00 00 00 78 EA 01 00 01 00 16 00 
31 00 00 00 07 01 01 03 03 03 04 00 01 01 01 01 
01 01 01 00 05 00 00 00 81 A2 02 00 

[RETURN VALUE]
31 00 3B 00 36 00 31 00 0E 00 0C 00 DE 41 C8 41 
D5 41 A2 41 79 38 90 3B 7D 3F CB 0C BB 00 BB 00 
BC 00 01 00 E1 46 ED 47 AA 48 5C 44 D4 45 D4 45 
3A 03 E1 03 8E 03 37 03 CA 00 B6 00 01 01 01 00 
A3 02 AB 02 B2 02 8B 02 9B 02 99 02 78 2F 7B B5 
01 00 00 00 8D 00 00 00 78 EA 01 00 01 00 16 00 
31 00 00 00 07 01 01 03 03 03 04 00 01 01 01 01 
01 01 01 00 05 00 00 00 81 A2 02 00 

[BINARY DATA]
25 08 00 C0 15 02 00 3C AB 88 44 F6 00 00 00 00 75 18 1A 05 00 00 00 00 7C 00 31 00 3B 00 36 00 31 00 0E 00 0C 00 DE 41 C8 41 D5 41 A2 41 79 38 90 3B 7D 3F CB 0C BB 00 BB 00 BC 00 01 00 E1 46 ED 47 AA 48 5C 44 D4 45 D4 45 3A 03 E1 03 8E 03 37 03 CA 00 B6 00 01 01 01 00 A3 02 AB 02 B2 02 8B 02 9B 02 99 02 78 2F 7B B5 01 00 00 00 8D 00 00 00 78 EA 01 00 01 00 16 00 31 00 00 00 07 01 01 03 03 03 04 00 01 01 01 01 01 01 01 00 05 00 00 00 81 A2 02 00 00 00 00 00 00 00 00 00 00 00 00 00 00 00 00 00 00 00 00 00 00 00 00 00 00 00 00 00 00 00 00 00 00 00 00 00 00 00 00 00 00 00 00 00 00 00 00 00 00 00 00 00 00 00 00 00 00 00 00 00 00 00 00 00 00 00 00 00 00 00 00 00 00 00 00 00 00 00 00 00 00 00 00 00 00 00 00 00 00 00 00 00 00 00 00 00 00 00 00 00 00 00 00 00 00 00 00 00 00 00 00 00 00 00 00 00 00 00 00 00 00 00 00 00 00 00 00 00 00 00 00 00 00 00 00 00 00 00 00 00 00 00 00 00 00 00 00 00 00 00 00 00 00 00 00 00 00 00 00 00 00 00 00 00 00 00 00 00 00 00 00 00 00 00 00 00 00 00 00 00 00 00 00 00 00 00 00 00 00 00 00 00 00 00 00 00 00 00 00 00 00 00 00 00 00 00 00 00 00 00 00 00 00 00 00 00 00 00 00 00 00 00 00 00 00 00 00 00 00 00 00 00 00 00 00 00 00 00 00 00 00 00 00 00 00 00 00 00 00 00 00 00 00 00 00 00 00 00 00 00 00 00 00 00 00 00 00 00 00 00 00 00 00 00 00 00 00 00 00 00 00 00 00 00 00 00 00 00 00 00 00 00 00 00 00 00 00 00 00 00 00 00 00 00 00 00 00 00 00 00 00 00 00 00 00 00 00 00 00 00 00 00 00 00 00 00 00 00 00 00 00 00 00 00 00 00 00 00 00 00 00 00 00 00 00 00 00 00 00 00 00 00 00 00 00 00 00 00 00 00 00 00 00 00 00 00 00 00 00 00 00 00 00 00 00 00 00 00 00 00 00 00 00 00 00 00 00 00 00 00 
