================= REPORT SAVE =================

[CCSDS HEADER]
MsgId      : 0x0825
Seq        : 0xC000
Len        : 0x0215
TimeCode   : 00 3A 1A 98 CA D3
Padding    : 0x00000000

[REPORT BODY]
Reflected MID  : 0x1875
Reflected CC   : 0x17
RetType        : 0x05
RetCode        : 0
RetValSize     : 144

================= PARSED BY MID/CC =================
ReflectedMID : 0x1875
ReflectedCC  : 0x17
PayloadLen   : 144

[EPS P60 PDU GET TABLE HK]

[Report Data]
c_out[0..8]: 23 29 23 20 15 18 12 24 20
v_out[0..8]: 0 0 0 0 1094 0 0 0 0
out_en[0..8]: 0 0 0 0 0 0 0 0 0
conv_en[0..2]: 0 0 0

[Power]
vcc                    : 3278
vbat                   : 16237
temp                   : 222

[Boot/Time]
bootcause              : 1
bootcnt                : 121
uptime                 : 431180
resetcause             : 0x0001

[Modes]
batt_mode              : 3

[Latchups]
latchup[0..8]: 0 0 0 0 0 0 0 0 0

[Device]
device_type[0..7]: 7 2 2 4 0 0 0 0
device_status[0..7]: 1 1 1 1 0 0 0 0

[WDT Counters]
wdt_cnt_gnd            : 5
wdt_cnt_i2c            : 0
wdt_cnt_can            : 0
wdt_cnt_csp[0..1]: 0 0

[WDT Left]
wdt_gnd_left           : 134061
wdt_i2c_left           : 0
wdt_can_left           : 0
wdt_csp_left[0..1]: 5 5

[PAYLOAD HEX]
17 00 1D 00 17 00 14 00 0F 00 12 00 0C 00 18 00 
14 00 00 00 00 00 00 00 00 00 46 04 00 00 00 00 
00 00 00 00 CE 0C 6D 3F DE 00 00 00 00 00 00 00 
00 00 00 00 00 00 00 00 01 00 00 00 79 00 00 00 
4C 94 06 00 01 00 03 00 00 00 00 00 00 00 00 00 
00 00 00 00 00 00 00 00 00 00 07 02 02 04 00 00 
00 00 01 01 01 01 00 00 00 00 00 00 05 00 00 00 
00 00 00 00 00 00 00 00 00 00 00 00 00 00 00 00 
AD 0B 02 00 00 00 00 00 00 00 00 00 05 05 00 00 

[RETURN VALUE]
17 00 1D 00 17 00 14 00 0F 00 12 00 0C 00 18 00 
14 00 00 00 00 00 00 00 00 00 46 04 00 00 00 00 
00 00 00 00 CE 0C 6D 3F DE 00 00 00 00 00 00 00 
00 00 00 00 00 00 00 00 01 00 00 00 79 00 00 00 
4C 94 06 00 01 00 03 00 00 00 00 00 00 00 00 00 
00 00 00 00 00 00 00 00 00 00 07 02 02 04 00 00 
00 00 01 01 01 01 00 00 00 00 00 00 05 00 00 00 
00 00 00 00 00 00 00 00 00 00 00 00 00 00 00 00 
AD 0B 02 00 00 00 00 00 00 00 00 00 05 05 00 00 

[BINARY DATA]
25 08 00 C0 15 02 00 3A 1A 98 CA D3 00 00 00 00 75 18 17 05 00 00 00 00 90 00 17 00 1D 00 17 00 14 00 0F 00 12 00 0C 00 18 00 14 00 00 00 00 00 00 00 00 00 46 04 00 00 00 00 00 00 00 00 CE 0C 6D 3F DE 00 00 00 00 00 00 00 00 00 00 00 00 00 00 00 01 00 00 00 79 00 00 00 4C 94 06 00 01 00 03 00 00 00 00 00 00 00 00 00 00 00 00 00 00 00 00 00 00 00 07 02 02 04 00 00 00 00 01 01 01 01 00 00 00 00 00 00 05 00 00 00 00 00 00 00 00 00 00 00 00 00 00 00 00 00 00 00 AD 0B 02 00 00 00 00 00 00 00 00 00 05 05 00 00 00 00 00 00 00 00 00 00 00 00 00 00 00 00 00 00 00 00 00 00 00 00 00 00 00 00 00 00 00 00 00 00 00 00 00 00 00 00 00 00 00 00 00 00 00 00 00 00 00 00 00 00 00 00 00 00 00 00 00 00 00 00 00 00 00 00 00 00 00 00 00 00 00 00 00 00 00 00 00 00 00 00 00 00 00 00 00 00 00 00 00 00 00 00 00 00 00 00 00 00 00 00 00 00 00 00 00 00 00 00 00 00 00 00 00 00 00 00 00 00 00 00 00 00 00 00 00 00 00 00 00 00 00 00 00 00 00 00 00 00 00 00 00 00 00 00 00 00 00 00 00 00 00 00 00 00 00 00 00 00 00 00 00 00 00 00 00 00 00 00 00 00 00 00 00 00 00 00 00 00 00 00 00 00 00 00 00 00 00 00 00 00 00 00 00 00 00 00 00 00 00 00 00 00 00 00 00 00 00 00 00 00 00 00 00 00 00 00 00 00 00 00 00 00 00 00 00 00 00 00 00 00 00 00 00 00 00 00 00 00 00 00 00 00 00 00 00 00 00 00 00 00 00 00 00 00 00 00 00 00 00 00 00 00 00 00 00 00 00 00 00 00 00 00 00 00 00 00 00 00 00 00 00 00 00 00 00 00 00 00 00 00 00 00 00 00 00 00 00 00 00 00 00 00 00 00 00 00 00 00 00 00 00 00 00 00 00 00 00 00 00 00 00 00 00 00 00 00 00 00 00 00 00 00 00 00 00 00 00 00 00 00 00 00 00 00 00 00 00 00 00 00 00 00 00 00 00 00 00 00 00 00 00 00 00 00 00 00 00 00 
