================= REPORT SAVE =================

[CCSDS HEADER]
MsgId      : 0x2508
Seq        : 0x00C0
Len        : 0x1502
TimeCode   : 00 2B 9D 56 32 3F
Padding    : 0x00000000

[REPORT BODY]
Reflected MID  : 0x1875
Reflected CC   : 0x1A
RetType        : 0x05
RetCode        : 0
RetValSize     : 124

[RETURN VALUE]
0E 00 1B 00 50 01 51 01 61 00 10 00 27 19 0F 19 
2A 19 0E 19 1C 19 CA 18 9D 3F CB 0C F5 00 F3 00 
F5 00 01 00 4E 19 33 19 33 19 33 19 33 19 4E 19 
5A 00 AD 00 74 08 71 08 6F 02 65 00 01 01 01 00 
F2 00 F2 00 F2 00 F2 00 F2 00 F2 00 00 00 00 00 
01 00 00 00 8B 00 00 00 11 47 0F 00 01 00 16 00 
31 00 00 00 07 01 01 03 03 03 04 00 01 01 01 01 
01 01 01 00 05 00 00 00 74 A2 02 00 

[BINARY DATA]
08 25 C0 00 02 15 00 2B 9D 56 32 3F 00 00 00 00 75 18 1A 05 00 00 00 00 7C 00 0E 00 1B 00 50 01 51 01 61 00 10 00 27 19 0F 19 2A 19 0E 19 1C 19 CA 18 9D 3F CB 0C F5 00 F3 00 F5 00 01 00 4E 19 33 19 33 19 33 19 33 19 4E 19 5A 00 AD 00 74 08 71 08 6F 02 65 00 01 01 01 00 F2 00 F2 00 F2 00 F2 00 F2 00 F2 00 00 00 00 00 01 00 00 00 8B 00 00 00 11 47 0F 00 01 00 16 00 31 00 00 00 07 01 01 03 03 03 04 00 01 01 01 01 01 01 01 00 05 00 00 00 74 A2 02 00 00 00 00 00 00 00 00 00 00 00 00 00 00 00 00 00 00 00 00 00 00 00 00 00 00 00 00 00 00 00 00 00 00 00 00 00 00 00 00 00 00 00 00 00 00 00 00 00 00 00 00 00 00 00 00 00 00 00 5F B4 06 9C CA F8 FA 52 00 00 00 00 00 00 00 00 00 00 00 00 00 00 00 00 00 00 00 00 00 00 00 00 00 00 00 00 00 00 00 00 00 00 00 00 00 00 00 00 00 00 00 00 00 00 00 00 00 00 00 00 00 00 00 00 00 00 00 00 00 00 00 00 00 00 00 00 00 00 00 00 00 00 00 00 00 00 00 00 00 00 00 00 00 00 00 00 00 00 00 00 00 00 00 00 00 00 00 00 00 00 00 00 00 00 00 00 00 00 00 00 00 00 00 00 00 00 00 00 00 00 00 00 00 00 00 00 00 00 00 00 00 00 00 00 00 00 00 00 00 00 00 00 00 00 00 00 00 00 00 00 00 00 00 00 00 00 00 00 00 00 00 00 00 00 00 00 00 00 00 00 00 00 00 00 00 00 00 00 00 00 00 00 00 00 00 00 00 00 00 00 00 00 00 00 00 00 00 00 00 00 00 00 00 00 00 00 00 00 00 00 00 00 00 00 00 00 00 00 00 00 00 00 00 00 00 00 00 00 00 00 00 00 00 00 00 00 00 00 00 00 00 00 00 00 00 00 00 00 00 00 00 00 00 00 00 00 00 00 00 00 00 00 00 00 00 00 00 00 00 00 00 00 00 00 00 00 00 00 00 00 00 00 00 00 00 00 00 00 00 00 00 00 00 00 00 00 00 00 00 00 00 00 00 00 00 00 00 00 00 00 00 00 00 00 00 00 00 00 00 00 00 00 
