================= REPORT SAVE =================

[CCSDS HEADER]
MsgId      : 0x0825
Seq        : 0xC000
Len        : 0x0215
TimeCode   : 00 2F 80 E0 10 44
Padding    : 0x00000000

[REPORT BODY]
Reflected MID  : 0x1875
Reflected CC   : 0x1A
RetType        : 0x05
RetCode        : 0
RetValSize     : 124

================= PARSED BY MID/CC =================
ReflectedMID : 0x1875
ReflectedCC  : 0x1A
PayloadLen   : 124

[EPS P60 ACU GET TABLE HK]

[Inputs]
c_in[0..5]: 8 19 280 279 231 27
v_in[0..5]: 6023 5986 6028 6028 6042 6055

[Bus/Temp]
vbat: 16285
vcc : 3275
temp[0..2]: 225 222 225

[MPPT]
mppt_mode: 1
vboost[0..5]: 6075 6075 6048 6048 6048 6048
power[0..5]: 48 113 1687 1681 1395 163

[DAC]
dac_en[0..2]: 1 1 1
dac_val[0..5]: 223 223 223 223 223 221

[Boot/Time]
bootcause : 0
bootcnt   : 1
uptime    : 139
resetcause: 0x2B15

[MPPT Timing]
mppt_time  : 19
mppt_period: 1

[Device]
device_type[0..7]: 22 0 49 0 0 0 7 1
device_status[0..7]: 1 3 3 3 4 0 1 1

[WDT]
wdt_cnt_gnd : 65793
wdt_gnd_left: 5

[PAYLOAD HEX]
08 00 13 00 18 01 17 01 E7 00 1B 00 87 17 62 17 
8C 17 8C 17 9A 17 A7 17 9D 3F CB 0C E1 00 DE 00 
E1 00 01 00 BB 17 BB 17 A0 17 A0 17 A0 17 A0 17 
30 00 71 00 97 06 91 06 73 05 A3 00 01 01 01 00 
DF 00 DF 00 DF 00 DF 00 DF 00 DD 00 00 00 00 00 
01 00 00 00 8B 00 00 00 15 2B 13 00 01 00 16 00 
31 00 00 00 07 01 01 03 03 03 04 00 01 01 01 01 
01 01 01 00 05 00 00 00 D4 A1 02 00 

[RETURN VALUE]
08 00 13 00 18 01 17 01 E7 00 1B 00 87 17 62 17 
8C 17 8C 17 9A 17 A7 17 9D 3F CB 0C E1 00 DE 00 
E1 00 01 00 BB 17 BB 17 A0 17 A0 17 A0 17 A0 17 
30 00 71 00 97 06 91 06 73 05 A3 00 01 01 01 00 
DF 00 DF 00 DF 00 DF 00 DF 00 DD 00 00 00 00 00 
01 00 00 00 8B 00 00 00 15 2B 13 00 01 00 16 00 
31 00 00 00 07 01 01 03 03 03 04 00 01 01 01 01 
01 01 01 00 05 00 00 00 D4 A1 02 00 

[BINARY DATA]
25 08 00 C0 15 02 00 2F 80 E0 10 44 00 00 00 00 75 18 1A 05 00 00 00 00 7C 00 08 00 13 00 18 01 17 01 E7 00 1B 00 87 17 62 17 8C 17 8C 17 9A 17 A7 17 9D 3F CB 0C E1 00 DE 00 E1 00 01 00 BB 17 BB 17 A0 17 A0 17 A0 17 A0 17 30 00 71 00 97 06 91 06 73 05 A3 00 01 01 01 00 DF 00 DF 00 DF 00 DF 00 DF 00 DD 00 00 00 00 00 01 00 00 00 8B 00 00 00 15 2B 13 00 01 00 16 00 31 00 00 00 07 01 01 03 03 03 04 00 01 01 01 01 01 01 01 00 05 00 00 00 D4 A1 02 00 00 00 00 00 00 00 00 00 00 00 00 00 00 00 00 00 00 00 00 00 00 00 00 00 00 00 00 00 00 00 00 00 00 00 00 00 00 00 00 00 00 00 00 00 00 00 00 00 00 00 00 00 00 00 00 00 00 00 00 00 00 00 00 00 00 00 00 00 00 00 00 00 00 00 00 00 00 00 00 00 00 00 00 00 00 00 00 00 00 00 00 00 00 00 00 00 00 00 00 00 00 00 00 00 00 00 00 00 00 00 00 00 00 00 00 00 00 00 00 00 00 00 00 00 00 00 00 00 00 00 00 00 00 00 00 00 00 00 00 00 00 00 00 00 00 00 00 00 00 00 00 00 00 00 00 00 00 00 00 00 00 00 00 00 00 00 00 00 00 00 00 00 00 00 00 00 00 00 00 00 00 00 00 00 00 00 00 00 00 00 00 00 00 00 00 00 00 00 00 00 00 00 00 00 00 00 00 00 00 00 00 00 00 00 00 00 00 00 00 00 00 00 00 00 00 00 00 00 00 00 00 00 00 00 00 00 00 00 00 00 00 00 00 00 00 00 00 00 00 00 00 00 00 00 00 00 00 00 00 00 00 00 00 00 00 00 00 00 00 00 00 00 00 00 00 00 00 00 00 00 00 00 00 00 00 00 00 00 00 00 00 00 00 00 00 00 00 00 00 00 00 00 00 00 00 00 00 00 00 00 00 00 00 00 00 00 00 00 00 00 00 00 00 00 00 00 00 00 00 00 00 00 00 00 00 00 00 00 00 00 00 00 00 00 00 00 00 00 00 00 00 00 00 00 00 00 00 00 00 00 00 00 00 00 00 00 00 00 00 00 00 00 00 00 00 00 00 00 00 00 00 00 00 00 00 00 00 00 00 00 
