================= REPORT SAVE =================

[CCSDS HEADER]
MsgId      : 0x2508
Seq        : 0x00C0
Len        : 0x1502
TimeCode   : 00 2C 42 98 16 4C
Padding    : 0x00000000

[REPORT BODY]
Reflected MID  : 0x1875
Reflected CC   : 0x14
RetType        : 0x05
RetCode        : 0
RetValSize     : 188

[RETURN VALUE]
36 00 3B 00 10 00 00 00 06 00 00 00 F8 FF FB FF 
1C 00 05 02 12 00 0C 00 12 00 00 00 00 00 00 00 
00 00 19 3F 28 3F 13 01 13 01 22 3F 00 00 00 00 
00 00 00 00 01 01 00 00 01 01 00 00 01 01 01 00 
00 00 00 00 BE 00 BD 00 00 01 00 00 A2 00 00 00 
6E EC 0F 00 01 00 03 00 01 00 00 00 00 00 00 00 
00 00 00 00 00 00 00 00 00 00 00 00 00 00 00 00 
00 00 00 00 24 3F 95 FF 38 FF 27 3F 00 00 00 00 
07 02 02 01 04 06 00 00 01 01 01 01 01 01 00 00 
00 00 00 00 05 00 00 00 00 00 00 00 01 00 00 00 
00 00 00 00 29 00 00 00 33 A2 02 00 00 00 00 00 
2C 01 00 00 05 05 D7 F7 4E E0 39 E5 

[BINARY DATA]
08 25 C0 00 02 15 00 2C 42 98 16 4C 00 00 00 00 75 18 14 05 00 00 00 00 BC 00 36 00 3B 00 10 00 00 00 06 00 00 00 F8 FF FB FF 1C 00 05 02 12 00 0C 00 12 00 00 00 00 00 00 00 00 00 19 3F 28 3F 13 01 13 01 22 3F 00 00 00 00 00 00 00 00 01 01 00 00 01 01 00 00 01 01 01 00 00 00 00 00 BE 00 BD 00 00 01 00 00 A2 00 00 00 6E EC 0F 00 01 00 03 00 01 00 00 00 00 00 00 00 00 00 00 00 00 00 00 00 00 00 00 00 00 00 00 00 00 00 00 00 24 3F 95 FF 38 FF 27 3F 00 00 00 00 07 02 02 01 04 06 00 00 01 01 01 01 01 01 00 00 00 00 00 00 05 00 00 00 00 00 00 00 01 00 00 00 00 00 00 00 29 00 00 00 33 A2 02 00 00 00 00 00 2C 01 00 00 05 05 D7 F7 4E E0 39 E5 95 32 00 00 00 00 00 00 00 00 00 00 00 00 00 00 00 00 00 00 00 00 00 00 00 00 00 00 00 00 00 00 00 00 00 00 00 00 00 00 00 00 00 00 00 00 00 00 00 00 00 00 00 00 00 00 00 00 00 00 00 00 00 00 00 00 00 00 00 00 00 00 00 00 00 00 00 00 00 00 00 00 00 00 00 00 00 00 00 00 00 00 00 00 00 00 00 00 00 00 00 00 00 00 00 00 00 00 00 00 00 00 00 00 00 00 00 00 00 00 00 00 00 00 00 00 00 00 00 00 00 00 00 00 00 00 00 00 00 00 00 00 00 00 00 00 00 00 00 00 00 00 00 00 00 00 00 00 00 00 00 00 00 00 00 00 00 00 00 00 00 00 00 00 00 00 00 00 00 00 00 00 00 00 00 00 00 00 00 00 00 00 00 00 00 00 00 00 00 00 00 00 00 00 00 00 00 00 00 00 00 00 00 00 00 00 00 00 00 00 00 00 00 00 00 00 00 00 00 00 00 00 00 00 00 00 00 00 00 00 00 00 00 00 00 00 00 00 00 00 00 00 00 00 00 00 00 00 00 00 00 00 00 00 00 00 00 00 00 00 00 00 00 00 00 00 00 00 00 00 00 00 00 00 00 00 00 00 00 00 00 00 00 00 00 00 00 00 00 00 00 00 00 00 00 00 00 00 00 00 00 00 00 00 00 00 00 00 00 00 00 00 00 00 00 00 
