================= REPORT SAVE =================

[CCSDS HEADER]
MsgId      : 0x0825
Seq        : 0xC000
Len        : 0x0215
TimeCode   : 00 2F 7F 96 70 3D
Padding    : 0x00000000

[REPORT BODY]
Reflected MID  : 0x1875
Reflected CC   : 0x14
RetType        : 0x05
RetCode        : 0
RetValSize     : 188

================= PARSED BY MID/CC =================
ReflectedMID : 0x1875
ReflectedCC  : 0x14
PayloadLen   : 188

[EPS P60 DOCK GET TABLE HK]

[Report Data]
c_out[0..12]: 51 59 16 3 6 0 -8 -8 25 523 21 9 18
v_out[0..12]: 0 0 0 0 16260 16245 260 275 16254 0 0 0 0
out_en[0..12]: 1 1 0 0 1 1 0 0 1 1 1 0 0

[Temps]
temp[0..1]: 0 202

[Boot/Time]
bootcause              : 256
bootcnt                : 162
uptime                 : 1255892
resetcause             : 0x0001

[Modes/Flags]
batt_mode              : 3
heater_on              : 0
conv_5v_en              : 1

[Latchups]
latchup[0..12]: 0 0 0 0 0 0 0 0 0 0 0 0 0

[Battery/Power]
vbat_v                 : 16256
vcc_c                  : -107
batt_c                 : 70
batt_v                 : 16255
batt_temp[0..1]: 0 0

[Device]
device_type[0..7]: 7 2 2 1 4 6 0 0
device_status[0..7]: 1 1 1 1 1 1 0 0
dearm_status           : 0

[WDT Counters]
wdt_cnt_gnd            : 5
wdt_cnt_i2c            : 0
wdt_cnt_can            : 1
wdt_cnt_csp[0..1]: 0 41

[WDT Left]
wdt_gnd_left           : 91596
wdt_i2c_left           : 0
wdt_can_left           : 298
wdt_csp_left[0..1]: 5 5

[Battery Currents]
batt_chrg              : 275
batt_dischrg           : 211

[Deploy]
ant6_depl              : 3
ar6_depl               : 3

[PAYLOAD HEX]
33 00 3B 00 10 00 03 00 06 00 00 00 F8 FF F8 FF 
19 00 0B 02 15 00 09 00 12 00 00 00 00 00 00 00 
00 00 84 3F 75 3F 04 01 13 01 7E 3F 00 00 00 00 
00 00 00 00 01 01 00 00 01 01 00 00 01 01 01 00 
00 00 00 00 CA 00 C8 00 00 01 00 00 A2 00 00 00 
D4 29 13 00 01 00 03 00 01 00 00 00 00 00 00 00 
00 00 00 00 00 00 00 00 00 00 00 00 00 00 00 00 
00 00 00 00 80 3F 95 FF 46 00 7F 3F 00 00 00 00 
07 02 02 01 04 06 00 00 01 01 01 01 01 01 00 00 
00 00 00 00 05 00 00 00 00 00 00 00 01 00 00 00 
00 00 00 00 29 00 00 00 CC 65 01 00 00 00 00 00 
2A 01 00 00 05 05 13 01 D3 00 03 03 

[RETURN VALUE]
33 00 3B 00 10 00 03 00 06 00 00 00 F8 FF F8 FF 
19 00 0B 02 15 00 09 00 12 00 00 00 00 00 00 00 
00 00 84 3F 75 3F 04 01 13 01 7E 3F 00 00 00 00 
00 00 00 00 01 01 00 00 01 01 00 00 01 01 01 00 
00 00 00 00 CA 00 C8 00 00 01 00 00 A2 00 00 00 
D4 29 13 00 01 00 03 00 01 00 00 00 00 00 00 00 
00 00 00 00 00 00 00 00 00 00 00 00 00 00 00 00 
00 00 00 00 80 3F 95 FF 46 00 7F 3F 00 00 00 00 
07 02 02 01 04 06 00 00 01 01 01 01 01 01 00 00 
00 00 00 00 05 00 00 00 00 00 00 00 01 00 00 00 
00 00 00 00 29 00 00 00 CC 65 01 00 00 00 00 00 
2A 01 00 00 05 05 13 01 D3 00 03 03 

[BINARY DATA]
25 08 00 C0 15 02 00 2F 7F 96 70 3D 00 00 00 00 75 18 14 05 00 00 00 00 BC 00 33 00 3B 00 10 00 03 00 06 00 00 00 F8 FF F8 FF 19 00 0B 02 15 00 09 00 12 00 00 00 00 00 00 00 00 00 84 3F 75 3F 04 01 13 01 7E 3F 00 00 00 00 00 00 00 00 01 01 00 00 01 01 00 00 01 01 01 00 00 00 00 00 CA 00 C8 00 00 01 00 00 A2 00 00 00 D4 29 13 00 01 00 03 00 01 00 00 00 00 00 00 00 00 00 00 00 00 00 00 00 00 00 00 00 00 00 00 00 00 00 00 00 80 3F 95 FF 46 00 7F 3F 00 00 00 00 07 02 02 01 04 06 00 00 01 01 01 01 01 01 00 00 00 00 00 00 05 00 00 00 00 00 00 00 01 00 00 00 00 00 00 00 29 00 00 00 CC 65 01 00 00 00 00 00 2A 01 00 00 05 05 13 01 D3 00 03 03 00 00 00 00 00 00 00 00 00 00 00 00 00 00 00 00 00 00 00 00 00 00 00 00 00 00 00 00 00 00 00 00 00 00 00 00 00 00 00 00 00 00 00 00 00 00 00 00 00 00 00 00 00 00 00 00 00 00 00 00 00 00 00 00 00 00 00 00 00 00 00 00 00 00 00 00 00 00 00 00 00 00 00 00 00 00 00 00 00 00 00 00 00 00 00 00 00 00 00 00 00 00 00 00 00 00 00 00 00 00 00 00 00 00 00 00 00 00 00 00 00 00 00 00 00 00 00 00 00 00 00 00 00 00 00 00 00 00 00 00 00 00 00 00 00 00 00 00 00 00 00 00 00 00 00 00 00 00 00 00 00 00 00 00 00 00 00 00 00 00 00 00 00 00 00 00 00 00 00 00 00 00 00 00 00 00 00 00 00 00 00 00 00 00 00 00 00 00 00 00 00 00 00 00 00 00 00 00 00 00 00 00 00 00 00 00 00 00 00 00 00 00 00 00 00 00 00 00 00 00 00 00 00 00 00 00 00 00 00 00 00 00 00 00 00 00 00 00 00 00 00 00 00 00 00 00 00 00 00 00 00 00 00 00 00 00 00 00 00 00 00 00 00 00 00 00 00 00 00 00 00 00 00 00 00 00 00 00 00 00 00 00 00 00 00 00 00 00 00 00 00 00 00 00 00 00 00 00 00 00 00 00 00 00 00 00 00 00 00 00 00 00 00 00 00 00 
