================= REPORT SAVE =================

[CCSDS HEADER]
MsgId      : 0x0825
Seq        : 0xC000
Len        : 0x0215
TimeCode   : 00 3D 66 46 36 EA
Padding    : 0x00000000

[REPORT BODY]
Reflected MID  : 0x1875
Reflected CC   : 0x14
RetType        : 0x05
RetCode        : 0
RetValSize     : 188

================= PARSED BY MID/CC =================
ReflectedMID : 0x1875
ReflectedCC  : 0x14
PayloadLen   : 188

[EPS P60 DOCK GET TABLE HK]

[Report Data]
c_out[0..12]: 54 56 16 6 6 9 -11 -5 28 520 18 9 18
v_out[0..12]: 0 0 0 0 16061 16061 260 275 16071 0 0 0 0
out_en[0..12]: 1 1 0 0 1 1 0 0 1 1 1 0 0

[Temps]
temp[0..1]: 0 220

[Boot/Time]
bootcause              : 256
bootcnt                : 163
uptime                 : 647268
resetcause             : 0x0301

[Modes/Flags]
batt_mode              : 3
heater_on              : 0
conv_5v_en              : 1

[Latchups]
latchup[0..12]: 0 0 0 0 0 0 0 0 0 0 0 0 0

[Battery/Power]
vbat_v                 : 16057
vcc_c                  : -108
batt_c                 : -204
batt_v                 : 16071
batt_temp[0..1]: 0 0

[Device]
device_type[0..7]: 7 2 2 1 4 6 0 0
device_status[0..7]: 1 1 1 1 1 1 0 0
dearm_status           : 0

[WDT Counters]
wdt_cnt_gnd            : 5
wdt_cnt_i2c            : 0
wdt_cnt_can            : 2
wdt_cnt_csp[0..1]: 0 41

[WDT Left]
wdt_gnd_left           : 124844
wdt_i2c_left           : 0
wdt_can_left           : 298
wdt_csp_left[0..1]: 5 5

[Battery Currents]
batt_chrg              : -2
batt_dischrg           : 202

[Deploy]
ant6_depl              : 3
ar6_depl               : 3

[PAYLOAD HEX]
36 00 38 00 10 00 06 00 06 00 09 00 F5 FF FB FF 
1C 00 08 02 12 00 09 00 12 00 00 00 00 00 00 00 
00 00 BD 3E BD 3E 04 01 13 01 C7 3E 00 00 00 00 
00 00 00 00 01 01 00 00 01 01 00 00 01 01 01 00 
00 00 00 00 DC 00 DA 00 00 01 00 00 A3 00 00 00 
64 E0 09 00 01 03 03 00 01 00 00 00 00 00 00 00 
00 00 00 00 00 00 00 00 00 00 00 00 00 00 00 00 
00 00 00 00 B9 3E 94 FF 34 FF C7 3E 00 00 00 00 
07 02 02 01 04 06 00 00 01 01 01 01 01 01 00 00 
00 00 00 00 05 00 00 00 00 00 00 00 02 00 00 00 
00 00 00 00 29 00 00 00 AC E7 01 00 00 00 00 00 
2A 01 00 00 05 05 FE FF CA 00 03 03 

[RETURN VALUE]
36 00 38 00 10 00 06 00 06 00 09 00 F5 FF FB FF 
1C 00 08 02 12 00 09 00 12 00 00 00 00 00 00 00 
00 00 BD 3E BD 3E 04 01 13 01 C7 3E 00 00 00 00 
00 00 00 00 01 01 00 00 01 01 00 00 01 01 01 00 
00 00 00 00 DC 00 DA 00 00 01 00 00 A3 00 00 00 
64 E0 09 00 01 03 03 00 01 00 00 00 00 00 00 00 
00 00 00 00 00 00 00 00 00 00 00 00 00 00 00 00 
00 00 00 00 B9 3E 94 FF 34 FF C7 3E 00 00 00 00 
07 02 02 01 04 06 00 00 01 01 01 01 01 01 00 00 
00 00 00 00 05 00 00 00 00 00 00 00 02 00 00 00 
00 00 00 00 29 00 00 00 AC E7 01 00 00 00 00 00 
2A 01 00 00 05 05 FE FF CA 00 03 03 

[BINARY DATA]
25 08 00 C0 15 02 00 3D 66 46 36 EA 00 00 00 00 75 18 14 05 00 00 00 00 BC 00 36 00 38 00 10 00 06 00 06 00 09 00 F5 FF FB FF 1C 00 08 02 12 00 09 00 12 00 00 00 00 00 00 00 00 00 BD 3E BD 3E 04 01 13 01 C7 3E 00 00 00 00 00 00 00 00 01 01 00 00 01 01 00 00 01 01 01 00 00 00 00 00 DC 00 DA 00 00 01 00 00 A3 00 00 00 64 E0 09 00 01 03 03 00 01 00 00 00 00 00 00 00 00 00 00 00 00 00 00 00 00 00 00 00 00 00 00 00 00 00 00 00 B9 3E 94 FF 34 FF C7 3E 00 00 00 00 07 02 02 01 04 06 00 00 01 01 01 01 01 01 00 00 00 00 00 00 05 00 00 00 00 00 00 00 02 00 00 00 00 00 00 00 29 00 00 00 AC E7 01 00 00 00 00 00 2A 01 00 00 05 05 FE FF CA 00 03 03 00 00 00 00 00 00 00 00 00 00 00 00 00 00 00 00 00 00 00 00 00 00 00 00 00 00 00 00 00 00 00 00 00 00 00 00 00 00 00 00 00 00 00 00 00 00 00 00 00 00 00 00 00 00 00 00 00 00 00 00 00 00 00 00 00 00 00 00 00 00 00 00 00 00 00 00 00 00 00 00 00 00 00 00 00 00 00 00 00 00 00 00 00 00 00 00 00 00 00 00 00 00 00 00 00 00 00 00 00 00 00 00 00 00 00 00 00 00 00 00 00 00 00 00 00 00 00 00 00 00 00 00 00 00 00 00 00 00 00 00 00 00 00 00 00 00 00 00 00 00 00 00 00 00 00 00 00 00 00 00 00 00 00 00 00 00 00 00 00 00 00 00 00 00 00 00 00 00 00 00 00 00 00 00 00 00 00 00 00 00 00 00 00 00 00 00 00 00 00 00 00 00 00 00 00 00 00 00 00 00 00 00 00 00 00 00 00 00 00 00 00 00 00 00 00 00 00 00 00 00 00 00 00 00 00 00 00 00 00 00 00 00 00 00 00 00 00 00 00 00 00 00 00 00 00 00 00 00 00 00 00 00 00 00 00 00 00 00 00 00 00 00 00 00 00 00 00 00 00 00 00 00 00 00 00 00 00 00 00 00 00 00 00 00 00 00 00 00 00 00 00 00 00 00 00 00 00 00 00 00 00 00 00 00 00 00 00 00 00 00 00 00 00 00 00 00 
