================= REPORT SAVE =================

[CCSDS HEADER]
MsgId      : 0x2508
Seq        : 0x00C0
Len        : 0x1502
TimeCode   : 00 29 9B 2E EE 37
Padding    : 0x00000000

[REPORT BODY]
Reflected MID  : 0x1875
Reflected CC   : 0x1A
RetType        : 0x05
RetCode        : 0
RetValSize     : 124

[RETURN VALUE]
09 00 12 00 0F 00 14 00 10 00 13 00 07 01 06 01 
06 01 21 01 3D 01 23 01 5E 3F CB 0C E1 00 DF 00 
E1 00 01 00 0A 46 3F 46 3F 46 AB 46 3F 46 75 46 
02 00 04 00 03 00 05 00 05 00 05 00 01 01 01 00 
9F 02 9D 02 9F 02 9D 02 9D 02 9D 02 00 00 00 00 
01 00 00 00 8B 00 00 00 AA 44 0D 00 01 00 16 00 
31 00 00 00 07 01 01 03 03 03 04 00 01 01 01 01 
01 01 01 00 05 00 00 00 34 A2 02 00 

[BINARY DATA]
08 25 C0 00 02 15 00 29 9B 2E EE 37 00 00 00 00 75 18 1A 05 00 00 00 00 7C 00 09 00 12 00 0F 00 14 00 10 00 13 00 07 01 06 01 06 01 21 01 3D 01 23 01 5E 3F CB 0C E1 00 DF 00 E1 00 01 00 0A 46 3F 46 3F 46 AB 46 3F 46 75 46 02 00 04 00 03 00 05 00 05 00 05 00 01 01 01 00 9F 02 9D 02 9F 02 9D 02 9D 02 9D 02 00 00 00 00 01 00 00 00 8B 00 00 00 AA 44 0D 00 01 00 16 00 31 00 00 00 07 01 01 03 03 03 04 00 01 01 01 01 01 01 01 00 05 00 00 00 34 A2 02 00 00 00 00 00 00 00 00 00 00 00 00 00 00 00 00 00 00 00 00 00 00 00 00 00 00 00 00 00 00 00 00 00 00 00 00 00 00 00 00 00 00 00 00 00 00 00 00 00 00 00 00 00 00 00 00 00 00 00 4A 55 AA B1 43 47 59 13 00 00 00 00 00 00 00 00 00 00 00 00 00 00 00 00 00 00 00 00 00 00 00 00 00 00 00 00 00 00 00 00 00 00 00 00 00 00 00 00 00 00 00 00 00 00 00 00 00 00 00 00 00 00 00 00 00 00 00 00 00 00 00 00 00 00 00 00 00 00 00 00 00 00 00 00 00 00 00 00 00 00 00 00 00 00 00 00 00 00 00 00 00 00 00 00 00 00 00 00 00 00 00 00 00 00 00 00 00 00 00 00 00 00 00 00 00 00 00 00 00 00 00 00 00 00 00 00 00 00 00 00 00 00 00 00 00 00 00 00 00 00 00 00 00 00 00 00 00 00 00 00 00 00 00 00 00 00 00 00 00 00 00 00 00 00 00 00 00 00 00 00 00 00 00 00 00 00 00 00 00 00 00 00 00 00 00 00 00 00 00 00 00 00 00 00 00 00 00 00 00 00 00 00 00 00 00 00 00 00 00 00 00 00 00 00 00 00 00 00 00 00 00 00 00 00 00 00 00 00 00 00 00 00 00 00 00 00 00 00 00 00 00 00 00 00 00 00 00 00 00 00 00 00 00 00 00 00 00 00 00 00 00 00 00 00 00 00 00 00 00 00 00 00 00 00 00 00 00 00 00 00 00 00 00 00 00 00 00 00 00 00 00 00 00 00 00 00 00 00 00 00 00 00 00 00 00 00 00 00 00 00 00 00 00 00 00 00 00 00 00 00 00 00 
