================= REPORT SAVE =================

[CCSDS HEADER]
MsgId      : 0x0825
Seq        : 0xC000
Len        : 0x0215
TimeCode   : 00 2F 80 E9 6A 4B
Padding    : 0x00000000

[REPORT BODY]
Reflected MID  : 0x1875
Reflected CC   : 0x1A
RetType        : 0x05
RetCode        : 0
RetValSize     : 124

================= PARSED BY MID/CC =================
ReflectedMID : 0x1875
ReflectedCC  : 0x1A
PayloadLen   : 124

[EPS P60 ACU GET TABLE HK]

[Inputs]
c_in[0..5]: 7 18 271 270 198 27
v_in[0..5]: 6314 6290 6304 6304 6332 6319

[Bus/Temp]
vbat: 16316
vcc : 3275
temp[0..2]: 225 222 226

[MPPT]
mppt_mode: 1
vboost[0..5]: 6317 6317 6317 6317 6317 6317
power[0..5]: 44 113 1708 1702 1253 170

[DAC]
dac_en[0..2]: 1 1 1
dac_val[0..5]: 235 235 235 235 235 235

[Boot/Time]
bootcause : 0
bootcnt   : 1
uptime    : 139
resetcause: 0x2B1F

[MPPT Timing]
mppt_time  : 19
mppt_period: 1

[Device]
device_type[0..7]: 22 0 49 0 0 0 7 1
device_status[0..7]: 1 3 3 3 4 0 1 1

[WDT]
wdt_cnt_gnd : 65793
wdt_gnd_left: 5

[PAYLOAD HEX]
07 00 12 00 0F 01 0E 01 C6 00 1B 00 AA 18 92 18 
A0 18 A0 18 BC 18 AF 18 BC 3F CB 0C E1 00 DE 00 
E2 00 01 00 AD 18 AD 18 AD 18 AD 18 AD 18 AD 18 
2C 00 71 00 AC 06 A6 06 E5 04 AA 00 01 01 01 00 
EB 00 EB 00 EB 00 EB 00 EB 00 EB 00 00 00 00 00 
01 00 00 00 8B 00 00 00 1F 2B 13 00 01 00 16 00 
31 00 00 00 07 01 01 03 03 03 04 00 01 01 01 01 
01 01 01 00 05 00 00 00 CA A1 02 00 

[RETURN VALUE]
07 00 12 00 0F 01 0E 01 C6 00 1B 00 AA 18 92 18 
A0 18 A0 18 BC 18 AF 18 BC 3F CB 0C E1 00 DE 00 
E2 00 01 00 AD 18 AD 18 AD 18 AD 18 AD 18 AD 18 
2C 00 71 00 AC 06 A6 06 E5 04 AA 00 01 01 01 00 
EB 00 EB 00 EB 00 EB 00 EB 00 EB 00 00 00 00 00 
01 00 00 00 8B 00 00 00 1F 2B 13 00 01 00 16 00 
31 00 00 00 07 01 01 03 03 03 04 00 01 01 01 01 
01 01 01 00 05 00 00 00 CA A1 02 00 

[BINARY DATA]
25 08 00 C0 15 02 00 2F 80 E9 6A 4B 00 00 00 00 75 18 1A 05 00 00 00 00 7C 00 07 00 12 00 0F 01 0E 01 C6 00 1B 00 AA 18 92 18 A0 18 A0 18 BC 18 AF 18 BC 3F CB 0C E1 00 DE 00 E2 00 01 00 AD 18 AD 18 AD 18 AD 18 AD 18 AD 18 2C 00 71 00 AC 06 A6 06 E5 04 AA 00 01 01 01 00 EB 00 EB 00 EB 00 EB 00 EB 00 EB 00 00 00 00 00 01 00 00 00 8B 00 00 00 1F 2B 13 00 01 00 16 00 31 00 00 00 07 01 01 03 03 03 04 00 01 01 01 01 01 01 01 00 05 00 00 00 CA A1 02 00 00 00 00 00 00 00 00 00 00 00 00 00 00 00 00 00 00 00 00 00 00 00 00 00 00 00 00 00 00 00 00 00 00 00 00 00 00 00 00 00 00 00 00 00 00 00 00 00 00 00 00 00 00 00 00 00 00 00 00 00 00 00 00 00 00 00 00 00 00 00 00 00 00 00 00 00 00 00 00 00 00 00 00 00 00 00 00 00 00 00 00 00 00 00 00 00 00 00 00 00 00 00 00 00 00 00 00 00 00 00 00 00 00 00 00 00 00 00 00 00 00 00 00 00 00 00 00 00 00 00 00 00 00 00 00 00 00 00 00 00 00 00 00 00 00 00 00 00 00 00 00 00 00 00 00 00 00 00 00 00 00 00 00 00 00 00 00 00 00 00 00 00 00 00 00 00 00 00 00 00 00 00 00 00 00 00 00 00 00 00 00 00 00 00 00 00 00 00 00 00 00 00 00 00 00 00 00 00 00 00 00 00 00 00 00 00 00 00 00 00 00 00 00 00 00 00 00 00 00 00 00 00 00 00 00 00 00 00 00 00 00 00 00 00 00 00 00 00 00 00 00 00 00 00 00 00 00 00 00 00 00 00 00 00 00 00 00 00 00 00 00 00 00 00 00 00 00 00 00 00 00 00 00 00 00 00 00 00 00 00 00 00 00 00 00 00 00 00 00 00 00 00 00 00 00 00 00 00 00 00 00 00 00 00 00 00 00 00 00 00 00 00 00 00 00 00 00 00 00 00 00 00 00 00 00 00 00 00 00 00 00 00 00 00 00 00 00 00 00 00 00 00 00 00 00 00 00 00 00 00 00 00 00 00 00 00 00 00 00 00 00 00 00 00 00 00 00 00 00 00 00 00 00 00 00 00 00 00 00 00 
