================= REPORT SAVE =================

[CCSDS HEADER]
MsgId      : 0x0825
Seq        : 0xC000
Len        : 0x0215
TimeCode   : 00 30 D4 05 D8 40
Padding    : 0x00000000

[REPORT BODY]
Reflected MID  : 0x1875
Reflected CC   : 0x1A
RetType        : 0x05
RetCode        : 0
RetValSize     : 124

================= PARSED BY MID/CC =================
ReflectedMID : 0x1875
ReflectedCC  : 0x1A
PayloadLen   : 124

[EPS P60 ACU GET TABLE HK]

[Inputs]
c_in[0..5]: 32 41 560 559 56 78
v_in[0..5]: 3983 3954 4009 3986 4000 3999

[Bus/Temp]
vbat: 16253
vcc : 3267
temp[0..2]: 210 209 212

[MPPT]
mppt_mode: 1
vboost[0..5]: 4032 4032 4032 4032 4032 4032
power[0..5]: 127 162 2245 2228 224 311

[DAC]
dac_en[0..2]: 1 1 1
dac_val[0..5]: 150 150 150 150 150 150

[Boot/Time]
bootcause : 0
bootcnt   : 1
uptime    : 139
resetcause: 0x7E65

[MPPT Timing]
mppt_time  : 20
mppt_period: 1

[Device]
device_type[0..7]: 22 0 49 0 0 0 7 1
device_status[0..7]: 1 3 3 3 4 0 1 1

[WDT]
wdt_cnt_gnd : 65793
wdt_gnd_left: 5

[PAYLOAD HEX]
20 00 29 00 30 02 2F 02 38 00 4E 00 8F 0F 72 0F 
A9 0F 92 0F A0 0F 9F 0F 7D 3F C3 0C D2 00 D1 00 
D4 00 01 00 C0 0F C0 0F C0 0F C0 0F C0 0F C0 0F 
7F 00 A2 00 C5 08 B4 08 E0 00 37 01 01 01 01 00 
96 00 96 00 96 00 96 00 96 00 96 00 00 00 00 00 
01 00 00 00 8B 00 00 00 65 7E 14 00 01 00 16 00 
31 00 00 00 07 01 01 03 03 03 04 00 01 01 01 01 
01 01 01 00 05 00 00 00 B4 A1 02 00 

[RETURN VALUE]
20 00 29 00 30 02 2F 02 38 00 4E 00 8F 0F 72 0F 
A9 0F 92 0F A0 0F 9F 0F 7D 3F C3 0C D2 00 D1 00 
D4 00 01 00 C0 0F C0 0F C0 0F C0 0F C0 0F C0 0F 
7F 00 A2 00 C5 08 B4 08 E0 00 37 01 01 01 01 00 
96 00 96 00 96 00 96 00 96 00 96 00 00 00 00 00 
01 00 00 00 8B 00 00 00 65 7E 14 00 01 00 16 00 
31 00 00 00 07 01 01 03 03 03 04 00 01 01 01 01 
01 01 01 00 05 00 00 00 B4 A1 02 00 

[BINARY DATA]
25 08 00 C0 15 02 00 30 D4 05 D8 40 00 00 00 00 75 18 1A 05 00 00 00 00 7C 00 20 00 29 00 30 02 2F 02 38 00 4E 00 8F 0F 72 0F A9 0F 92 0F A0 0F 9F 0F 7D 3F C3 0C D2 00 D1 00 D4 00 01 00 C0 0F C0 0F C0 0F C0 0F C0 0F C0 0F 7F 00 A2 00 C5 08 B4 08 E0 00 37 01 01 01 01 00 96 00 96 00 96 00 96 00 96 00 96 00 00 00 00 00 01 00 00 00 8B 00 00 00 65 7E 14 00 01 00 16 00 31 00 00 00 07 01 01 03 03 03 04 00 01 01 01 01 01 01 01 00 05 00 00 00 B4 A1 02 00 00 00 00 00 00 00 00 00 00 00 00 00 00 00 00 00 00 00 00 00 00 00 00 00 00 00 00 00 00 00 00 00 00 00 00 00 00 00 00 00 00 00 00 00 00 00 00 00 00 00 00 00 00 00 00 00 00 00 00 00 00 00 00 00 00 00 00 00 00 00 00 00 00 00 00 00 00 00 00 00 00 00 00 00 00 00 00 00 00 00 00 00 00 00 00 00 00 00 00 00 00 00 00 00 00 00 00 00 00 00 00 00 00 00 00 00 00 00 00 00 00 00 00 00 00 00 00 00 00 00 00 00 00 00 00 00 00 00 00 00 00 00 00 00 00 00 00 00 00 00 00 00 00 00 00 00 00 00 00 00 00 00 00 00 00 00 00 00 00 00 00 00 00 00 00 00 00 00 00 00 00 00 00 00 00 00 00 00 00 00 00 00 00 00 00 00 00 00 00 00 00 00 00 00 00 00 00 00 00 00 00 00 00 00 00 00 00 00 00 00 00 00 00 00 00 00 00 00 00 00 00 00 00 00 00 00 00 00 00 00 00 00 00 00 00 00 00 00 00 00 00 00 00 00 00 00 00 00 00 00 00 00 00 00 00 00 00 00 00 00 00 00 00 00 00 00 00 00 00 00 00 00 00 00 00 00 00 00 00 00 00 00 00 00 00 00 00 00 00 00 00 00 00 00 00 00 00 00 00 00 00 00 00 00 00 00 00 00 00 00 00 00 00 00 00 00 00 00 00 00 00 00 00 00 00 00 00 00 00 00 00 00 00 00 00 00 00 00 00 00 00 00 00 00 00 00 00 00 00 00 00 00 00 00 00 00 00 00 00 00 00 00 00 00 00 00 00 00 00 00 00 00 00 00 00 00 00 00 00 00 
