================= REPORT SAVE =================

[CCSDS HEADER]
MsgId      : 0x2508
Seq        : 0x00C0
Len        : 0x1502
TimeCode   : 00 2B 9D 81 12 38
Padding    : 0x00000000

[REPORT BODY]
Reflected MID  : 0x1875
Reflected CC   : 0x1A
RetType        : 0x05
RetCode        : 0
RetValSize     : 124

[RETURN VALUE]
11 00 1D 00 5B 01 5C 01 5A 00 11 00 51 19 2A 19 
62 19 61 19 01 19 6A 11 9D 3F CB 0C F5 00 F5 00 
F7 00 01 00 4E 19 4E 19 4E 19 4E 19 FD 18 4E 19 
6E 00 BA 00 CE 08 D4 08 40 02 4B 00 01 01 01 00 
F0 00 F0 00 F0 00 F0 00 EE 00 F0 00 00 00 00 00 
01 00 00 00 8B 00 00 00 3C 47 0F 00 01 00 16 00 
31 00 00 00 07 01 01 03 03 03 04 00 01 01 01 01 
01 01 01 00 05 00 00 00 49 A2 02 00 

[BINARY DATA]
08 25 C0 00 02 15 00 2B 9D 81 12 38 00 00 00 00 75 18 1A 05 00 00 00 00 7C 00 11 00 1D 00 5B 01 5C 01 5A 00 11 00 51 19 2A 19 62 19 61 19 01 19 6A 11 9D 3F CB 0C F5 00 F5 00 F7 00 01 00 4E 19 4E 19 4E 19 4E 19 FD 18 4E 19 6E 00 BA 00 CE 08 D4 08 40 02 4B 00 01 01 01 00 F0 00 F0 00 F0 00 F0 00 EE 00 F0 00 00 00 00 00 01 00 00 00 8B 00 00 00 3C 47 0F 00 01 00 16 00 31 00 00 00 07 01 01 03 03 03 04 00 01 01 01 01 01 01 01 00 05 00 00 00 49 A2 02 00 00 00 00 00 00 00 00 00 00 00 00 00 00 00 00 00 00 00 00 00 00 00 00 00 00 00 00 00 00 00 00 00 00 00 00 00 00 00 00 00 00 00 00 00 00 00 00 00 00 00 00 00 00 00 00 00 00 00 A7 93 A4 9C 94 1F DF 15 00 00 00 00 00 00 00 00 00 00 00 00 00 00 00 00 00 00 00 00 00 00 00 00 00 00 00 00 00 00 00 00 00 00 00 00 00 00 00 00 00 00 00 00 00 00 00 00 00 00 00 00 00 00 00 00 00 00 00 00 00 00 00 00 00 00 00 00 00 00 00 00 00 00 00 00 00 00 00 00 00 00 00 00 00 00 00 00 00 00 00 00 00 00 00 00 00 00 00 00 00 00 00 00 00 00 00 00 00 00 00 00 00 00 00 00 00 00 00 00 00 00 00 00 00 00 00 00 00 00 00 00 00 00 00 00 00 00 00 00 00 00 00 00 00 00 00 00 00 00 00 00 00 00 00 00 00 00 00 00 00 00 00 00 00 00 00 00 00 00 00 00 00 00 00 00 00 00 00 00 00 00 00 00 00 00 00 00 00 00 00 00 00 00 00 00 00 00 00 00 00 00 00 00 00 00 00 00 00 00 00 00 00 00 00 00 00 00 00 00 00 00 00 00 00 00 00 00 00 00 00 00 00 00 00 00 00 00 00 00 00 00 00 00 00 00 00 00 00 00 00 00 00 00 00 00 00 00 00 00 00 00 00 00 00 00 00 00 00 00 00 00 00 00 00 00 00 00 00 00 00 00 00 00 00 00 00 00 00 00 00 00 00 00 00 00 00 00 00 00 00 00 00 00 00 00 00 00 00 00 00 00 00 00 00 00 00 00 00 00 00 00 00 00 
