================= REPORT SAVE =================

[CCSDS HEADER]
MsgId      : 0x0825
Seq        : 0xC000
Len        : 0x0215
TimeCode   : 00 30 D3 6E 42 4C
Padding    : 0x00000000

[REPORT BODY]
Reflected MID  : 0x1875
Reflected CC   : 0x1A
RetType        : 0x05
RetCode        : 0
RetValSize     : 124

================= PARSED BY MID/CC =================
ReflectedMID : 0x1875
ReflectedCC  : 0x1A
PayloadLen   : 124

[EPS P60 ACU GET TABLE HK]

[Inputs]
c_in[0..5]: 7 18 174 177 143 65
v_in[0..5]: 9950 9913 9927 9918 9960 9985

[Bus/Temp]
vbat: 16316
vcc : 3271
temp[0..2]: 205 203 208

[MPPT]
mppt_mode: 1
vboost[0..5]: 9838 9838 9838 9838 9838 9838
power[0..5]: 69 178 1727 1755 1424 649

[DAC]
dac_en[0..2]: 1 1 1
dac_val[0..5]: 364 364 364 364 364 364

[Boot/Time]
bootcause : 0
bootcnt   : 1
uptime    : 139
resetcause: 0x7DCD

[MPPT Timing]
mppt_time  : 20
mppt_period: 1

[Device]
device_type[0..7]: 22 0 49 0 0 0 7 1
device_status[0..7]: 1 3 3 3 4 0 1 1

[WDT]
wdt_cnt_gnd : 65793
wdt_gnd_left: 5

[PAYLOAD HEX]
07 00 12 00 AE 00 B1 00 8F 00 41 00 DE 26 B9 26 
C7 26 BE 26 E8 26 01 27 BC 3F C7 0C CD 00 CB 00 
D0 00 01 00 6E 26 6E 26 6E 26 6E 26 6E 26 6E 26 
45 00 B2 00 BF 06 DB 06 90 05 89 02 01 01 01 00 
6C 01 6C 01 6C 01 6C 01 6C 01 6C 01 00 00 00 00 
01 00 00 00 8B 00 00 00 CD 7D 14 00 01 00 16 00 
31 00 00 00 07 01 01 03 03 03 04 00 01 01 01 01 
01 01 01 00 05 00 00 00 4C A2 02 00 

[RETURN VALUE]
07 00 12 00 AE 00 B1 00 8F 00 41 00 DE 26 B9 26 
C7 26 BE 26 E8 26 01 27 BC 3F C7 0C CD 00 CB 00 
D0 00 01 00 6E 26 6E 26 6E 26 6E 26 6E 26 6E 26 
45 00 B2 00 BF 06 DB 06 90 05 89 02 01 01 01 00 
6C 01 6C 01 6C 01 6C 01 6C 01 6C 01 00 00 00 00 
01 00 00 00 8B 00 00 00 CD 7D 14 00 01 00 16 00 
31 00 00 00 07 01 01 03 03 03 04 00 01 01 01 01 
01 01 01 00 05 00 00 00 4C A2 02 00 

[BINARY DATA]
25 08 00 C0 15 02 00 30 D3 6E 42 4C 00 00 00 00 75 18 1A 05 00 00 00 00 7C 00 07 00 12 00 AE 00 B1 00 8F 00 41 00 DE 26 B9 26 C7 26 BE 26 E8 26 01 27 BC 3F C7 0C CD 00 CB 00 D0 00 01 00 6E 26 6E 26 6E 26 6E 26 6E 26 6E 26 45 00 B2 00 BF 06 DB 06 90 05 89 02 01 01 01 00 6C 01 6C 01 6C 01 6C 01 6C 01 6C 01 00 00 00 00 01 00 00 00 8B 00 00 00 CD 7D 14 00 01 00 16 00 31 00 00 00 07 01 01 03 03 03 04 00 01 01 01 01 01 01 01 00 05 00 00 00 4C A2 02 00 00 00 00 00 00 00 00 00 00 00 00 00 00 00 00 00 00 00 00 00 00 00 00 00 00 00 00 00 00 00 00 00 00 00 00 00 00 00 00 00 00 00 00 00 00 00 00 00 00 00 00 00 00 00 00 00 00 00 00 00 00 00 00 00 00 00 00 00 00 00 00 00 00 00 00 00 00 00 00 00 00 00 00 00 00 00 00 00 00 00 00 00 00 00 00 00 00 00 00 00 00 00 00 00 00 00 00 00 00 00 00 00 00 00 00 00 00 00 00 00 00 00 00 00 00 00 00 00 00 00 00 00 00 00 00 00 00 00 00 00 00 00 00 00 00 00 00 00 00 00 00 00 00 00 00 00 00 00 00 00 00 00 00 00 00 00 00 00 00 00 00 00 00 00 00 00 00 00 00 00 00 00 00 00 00 00 00 00 00 00 00 00 00 00 00 00 00 00 00 00 00 00 00 00 00 00 00 00 00 00 00 00 00 00 00 00 00 00 00 00 00 00 00 00 00 00 00 00 00 00 00 00 00 00 00 00 00 00 00 00 00 00 00 00 00 00 00 00 00 00 00 00 00 00 00 00 00 00 00 00 00 00 00 00 00 00 00 00 00 00 00 00 00 00 00 00 00 00 00 00 00 00 00 00 00 00 00 00 00 00 00 00 00 00 00 00 00 00 00 00 00 00 00 00 00 00 00 00 00 00 00 00 00 00 00 00 00 00 00 00 00 00 00 00 00 00 00 00 00 00 00 00 00 00 00 00 00 00 00 00 00 00 00 00 00 00 00 00 00 00 00 00 00 00 00 00 00 00 00 00 00 00 00 00 00 00 00 00 00 00 00 00 00 00 00 00 00 00 00 00 00 00 00 00 00 00 00 00 00 00 
