================= REPORT SAVE =================

[CCSDS HEADER]
MsgId      : 0x0825
Seq        : 0xC000
Len        : 0x0215
TimeCode   : 00 2E 42 B6 18 4B
Padding    : 0x00000000

[REPORT BODY]
Reflected MID  : 0x1875
Reflected CC   : 0x1A
RetType        : 0x05
RetCode        : 0
RetValSize     : 124

================= PARSED BY MID/CC =================
ReflectedMID : 0x1875
ReflectedCC  : 0x1A
PayloadLen   : 124

[EPS P60 ACU GET TABLE HK]

[Inputs]
c_in[0..5]: 69 81 55 57 40 309
v_in[0..5]: 9478 9470 9498 9477 9518 9568

[Bus/Temp]
vbat: 16316
vcc : 3275
temp[0..2]: 205 204 207

[MPPT]
mppt_mode: 1
vboost[0..5]: 9354 9354 9354 9354 9354 9354
power[0..5]: 653 767 522 540 380 2956

[DAC]
dac_en[0..2]: 1 1 1
dac_val[0..5]: 348 348 348 348 348 348

[Boot/Time]
bootcause : 0
bootcnt   : 1
uptime    : 139
resetcause: 0xECC4

[MPPT Timing]
mppt_time  : 17
mppt_period: 1

[Device]
device_type[0..7]: 22 0 49 0 0 0 7 1
device_status[0..7]: 1 3 3 3 4 0 1 1

[WDT]
wdt_cnt_gnd : 65793
wdt_gnd_left: 5

[PAYLOAD HEX]
45 00 51 00 37 00 39 00 28 00 35 01 06 25 FE 24 
1A 25 05 25 2E 25 60 25 BC 3F CB 0C CD 00 CC 00 
CF 00 01 00 8A 24 8A 24 8A 24 8A 24 8A 24 8A 24 
8D 02 FF 02 0A 02 1C 02 7C 01 8C 0B 01 01 01 00 
5C 01 5C 01 5C 01 5C 01 5C 01 5C 01 00 00 00 00 
01 00 00 00 8B 00 00 00 C4 EC 11 00 01 00 16 00 
31 00 00 00 07 01 01 03 03 03 04 00 01 01 01 01 
01 01 01 00 05 00 00 00 D4 A2 02 00 

[RETURN VALUE]
45 00 51 00 37 00 39 00 28 00 35 01 06 25 FE 24 
1A 25 05 25 2E 25 60 25 BC 3F CB 0C CD 00 CC 00 
CF 00 01 00 8A 24 8A 24 8A 24 8A 24 8A 24 8A 24 
8D 02 FF 02 0A 02 1C 02 7C 01 8C 0B 01 01 01 00 
5C 01 5C 01 5C 01 5C 01 5C 01 5C 01 00 00 00 00 
01 00 00 00 8B 00 00 00 C4 EC 11 00 01 00 16 00 
31 00 00 00 07 01 01 03 03 03 04 00 01 01 01 01 
01 01 01 00 05 00 00 00 D4 A2 02 00 

[BINARY DATA]
25 08 00 C0 15 02 00 2E 42 B6 18 4B 00 00 00 00 75 18 1A 05 00 00 00 00 7C 00 45 00 51 00 37 00 39 00 28 00 35 01 06 25 FE 24 1A 25 05 25 2E 25 60 25 BC 3F CB 0C CD 00 CC 00 CF 00 01 00 8A 24 8A 24 8A 24 8A 24 8A 24 8A 24 8D 02 FF 02 0A 02 1C 02 7C 01 8C 0B 01 01 01 00 5C 01 5C 01 5C 01 5C 01 5C 01 5C 01 00 00 00 00 01 00 00 00 8B 00 00 00 C4 EC 11 00 01 00 16 00 31 00 00 00 07 01 01 03 03 03 04 00 01 01 01 01 01 01 01 00 05 00 00 00 D4 A2 02 00 00 00 00 00 00 00 00 00 00 00 00 00 00 00 00 00 00 00 00 00 00 00 00 00 00 00 00 00 00 00 00 00 00 00 00 00 00 00 00 00 00 00 00 00 00 00 00 00 00 00 00 00 00 00 00 00 00 00 00 00 00 00 00 00 00 00 00 00 00 00 00 00 00 00 00 00 00 00 00 00 00 00 00 00 00 00 00 00 00 00 00 00 00 00 00 00 00 00 00 00 00 00 00 00 00 00 00 00 00 00 00 00 00 00 00 00 00 00 00 00 00 00 00 00 00 00 00 00 00 00 00 00 00 00 00 00 00 00 00 00 00 00 00 00 00 00 00 00 00 00 00 00 00 00 00 00 00 00 00 00 00 00 00 00 00 00 00 00 00 00 00 00 00 00 00 00 00 00 00 00 00 00 00 00 00 00 00 00 00 00 00 00 00 00 00 00 00 00 00 00 00 00 00 00 00 00 00 00 00 00 00 00 00 00 00 00 00 00 00 00 00 00 00 00 00 00 00 00 00 00 00 00 00 00 00 00 00 00 00 00 00 00 00 00 00 00 00 00 00 00 00 00 00 00 00 00 00 00 00 00 00 00 00 00 00 00 00 00 00 00 00 00 00 00 00 00 00 00 00 00 00 00 00 00 00 00 00 00 00 00 00 00 00 00 00 00 00 00 00 00 00 00 00 00 00 00 00 00 00 00 00 00 00 00 00 00 00 00 00 00 00 00 00 00 00 00 00 00 00 00 00 00 00 00 00 00 00 00 00 00 00 00 00 00 00 00 00 00 00 00 00 00 00 00 00 00 00 00 00 00 00 00 00 00 00 00 00 00 00 00 00 00 00 00 00 00 00 00 00 00 00 00 00 00 00 00 00 00 00 00 
