================= REPORT SAVE =================

[CCSDS HEADER]
MsgId      : 0x0825
Seq        : 0xC000
Len        : 0x0215
TimeCode   : 00 3A C1 3A E6 CF
Padding    : 0x00000000

[REPORT BODY]
Reflected MID  : 0x1875
Reflected CC   : 0x14
RetType        : 0x05
RetCode        : -2004
RetValSize     : 188

================= PARSED BY MID/CC =================
ReflectedMID : 0x1875
ReflectedCC  : 0x14
PayloadLen   : 188

[EPS P60 DOCK GET TABLE HK]

[Report Data]
c_out[0..12]: 13 59 16 3 9 12 -8 -5 28 535 18 9 18
v_out[0..12]: 0 0 0 0 16168 16168 275 275 16162 0 0 0 0
out_en[0..12]: 0 1 0 0 1 1 0 0 1 1 1 0 0

[Temps]
temp[0..1]: 0 200

[Boot/Time]
bootcause              : 256
bootcnt                : 163
uptime                 : 473862
resetcause             : 0x0301

[Modes/Flags]
batt_mode              : 3
heater_on              : 0
conv_5v_en              : 1

[Latchups]
latchup[0..12]: 0 0 0 0 0 0 0 0 0 0 0 0 0

[Battery/Power]
vbat_v                 : 16180
vcc_c                  : -108
batt_c                 : -201
batt_v                 : 16184
batt_temp[0..1]: 0 0

[Device]
device_type[0..7]: 7 2 2 1 4 6 0 0
device_status[0..7]: 1 1 1 1 1 1 0 0
dearm_status           : 0

[WDT Counters]
wdt_cnt_gnd            : 5
wdt_cnt_i2c            : 0
wdt_cnt_can            : 2
wdt_cnt_csp[0..1]: 0 41

[WDT Left]
wdt_gnd_left           : 130509
wdt_i2c_left           : 0
wdt_can_left           : 300
wdt_csp_left[0..1]: 5 5

[Battery Currents]
batt_chrg              : -3
batt_dischrg           : 203

[Deploy]
ant6_depl              : 3
ar6_depl               : 3

[PAYLOAD HEX]
0D 00 3B 00 10 00 03 00 09 00 0C 00 F8 FF FB FF 
1C 00 17 02 12 00 09 00 12 00 00 00 00 00 00 00 
00 00 28 3F 28 3F 13 01 13 01 22 3F 00 00 00 00 
00 00 00 00 00 01 00 00 01 01 00 00 01 01 01 00 
00 00 00 00 C8 00 C6 00 00 01 00 00 A3 00 00 00 
06 3B 07 00 01 03 03 00 01 00 00 00 00 00 00 00 
00 00 00 00 00 00 00 00 00 00 00 00 00 00 00 00 
00 00 00 00 34 3F 94 FF 37 FF 38 3F 00 00 00 00 
07 02 02 01 04 06 00 00 01 01 01 01 01 01 00 00 
00 00 00 00 05 00 00 00 00 00 00 00 02 00 00 00 
00 00 00 00 29 00 00 00 CD FD 01 00 00 00 00 00 
2C 01 00 00 05 05 FD FF CB 00 03 03 

[RETURN VALUE]
0D 00 3B 00 10 00 03 00 09 00 0C 00 F8 FF FB FF 
1C 00 17 02 12 00 09 00 12 00 00 00 00 00 00 00 
00 00 28 3F 28 3F 13 01 13 01 22 3F 00 00 00 00 
00 00 00 00 00 01 00 00 01 01 00 00 01 01 01 00 
00 00 00 00 C8 00 C6 00 00 01 00 00 A3 00 00 00 
06 3B 07 00 01 03 03 00 01 00 00 00 00 00 00 00 
00 00 00 00 00 00 00 00 00 00 00 00 00 00 00 00 
00 00 00 00 34 3F 94 FF 37 FF 38 3F 00 00 00 00 
07 02 02 01 04 06 00 00 01 01 01 01 01 01 00 00 
00 00 00 00 05 00 00 00 00 00 00 00 02 00 00 00 
00 00 00 00 29 00 00 00 CD FD 01 00 00 00 00 00 
2C 01 00 00 05 05 FD FF CB 00 03 03 

[BINARY DATA]
25 08 00 C0 15 02 00 3A C1 3A E6 CF 00 00 00 00 75 18 14 05 2C F8 FF FF BC 00 0D 00 3B 00 10 00 03 00 09 00 0C 00 F8 FF FB FF 1C 00 17 02 12 00 09 00 12 00 00 00 00 00 00 00 00 00 28 3F 28 3F 13 01 13 01 22 3F 00 00 00 00 00 00 00 00 00 01 00 00 01 01 00 00 01 01 01 00 00 00 00 00 C8 00 C6 00 00 01 00 00 A3 00 00 00 06 3B 07 00 01 03 03 00 01 00 00 00 00 00 00 00 00 00 00 00 00 00 00 00 00 00 00 00 00 00 00 00 00 00 00 00 34 3F 94 FF 37 FF 38 3F 00 00 00 00 07 02 02 01 04 06 00 00 01 01 01 01 01 01 00 00 00 00 00 00 05 00 00 00 00 00 00 00 02 00 00 00 00 00 00 00 29 00 00 00 CD FD 01 00 00 00 00 00 2C 01 00 00 05 05 FD FF CB 00 03 03 00 00 00 00 00 00 00 00 00 00 00 00 00 00 00 00 00 00 00 00 00 00 00 00 00 00 00 00 00 00 00 00 00 00 00 00 00 00 00 00 00 00 00 00 00 00 00 00 00 00 00 00 00 00 00 00 00 00 00 00 00 00 00 00 00 00 00 00 00 00 00 00 00 00 00 00 00 00 00 00 00 00 00 00 00 00 00 00 00 00 00 00 00 00 00 00 00 00 00 00 00 00 00 00 00 00 00 00 00 00 00 00 00 00 00 00 00 00 00 00 00 00 00 00 00 00 00 00 00 00 00 00 00 00 00 00 00 00 00 00 00 00 00 00 00 00 00 00 00 00 00 00 00 00 00 00 00 00 00 00 00 00 00 00 00 00 00 00 00 00 00 00 00 00 00 00 00 00 00 00 00 00 00 00 00 00 00 00 00 00 00 00 00 00 00 00 00 00 00 00 00 00 00 00 00 00 00 00 00 00 00 00 00 00 00 00 00 00 00 00 00 00 00 00 00 00 00 00 00 00 00 00 00 00 00 00 00 00 00 00 00 00 00 00 00 00 00 00 00 00 00 00 00 00 00 00 00 00 00 00 00 00 00 00 00 00 00 00 00 00 00 00 00 00 00 00 00 00 00 00 00 00 00 00 00 00 00 00 00 00 00 00 00 00 00 00 00 00 00 00 00 00 00 00 00 00 00 00 00 00 00 00 00 00 00 00 00 00 00 00 00 00 00 00 00 00 
