================= REPORT SAVE =================

[CCSDS HEADER]
MsgId      : 0x0825
Seq        : 0xC000
Len        : 0x0215
TimeCode   : 00 3C AB 54 B8 C5
Padding    : 0x00000000

[REPORT BODY]
Reflected MID  : 0x1875
Reflected CC   : 0x1A
RetType        : 0x05
RetCode        : 0
RetValSize     : 124

================= PARSED BY MID/CC =================
ReflectedMID : 0x1875
ReflectedCC  : 0x1A
PayloadLen   : 124

[EPS P60 ACU GET TABLE HK]

[Inputs]
c_in[0..5]: 54 63 55 50 14 12
v_in[0..5]: 16862 16840 16840 16816 14691 15276

[Bus/Temp]
vbat: 16253
vcc : 3275
temp[0..2]: 185 184 185

[MPPT]
mppt_mode: 1
vboost[0..5]: 17177 17392 18467 17231 17876 17822
power[0..5]: 910 1060 926 840 205 183

[DAC]
dac_en[0..2]: 1 1 1
dac_val[0..5]: 639 647 687 641 665 663

[Boot/Time]
bootcause : 3044749176
bootcnt   : 1
uptime    : 141
resetcause: 0xEA45

[MPPT Timing]
mppt_time  : 1
mppt_period: 1

[Device]
device_type[0..7]: 22 0 49 0 0 0 7 1
device_status[0..7]: 1 3 3 3 4 0 1 1

[WDT]
wdt_cnt_gnd : 65793
wdt_gnd_left: 5

[PAYLOAD HEX]
36 00 3F 00 37 00 32 00 0E 00 0C 00 DE 41 C8 41 
C8 41 B0 41 63 39 AC 3B 7D 3F CB 0C B9 00 B8 00 
B9 00 01 00 19 43 F0 43 23 48 4F 43 D4 45 9E 45 
8E 03 24 04 9E 03 48 03 CD 00 B7 00 01 01 01 00 
7F 02 87 02 AF 02 81 02 99 02 97 02 78 2F 7B B5 
01 00 00 00 8D 00 00 00 45 EA 01 00 01 00 16 00 
31 00 00 00 07 01 01 03 03 03 04 00 01 01 01 01 
01 01 01 00 05 00 00 00 B4 A2 02 00 

[RETURN VALUE]
36 00 3F 00 37 00 32 00 0E 00 0C 00 DE 41 C8 41 
C8 41 B0 41 63 39 AC 3B 7D 3F CB 0C B9 00 B8 00 
B9 00 01 00 19 43 F0 43 23 48 4F 43 D4 45 9E 45 
8E 03 24 04 9E 03 48 03 CD 00 B7 00 01 01 01 00 
7F 02 87 02 AF 02 81 02 99 02 97 02 78 2F 7B B5 
01 00 00 00 8D 00 00 00 45 EA 01 00 01 00 16 00 
31 00 00 00 07 01 01 03 03 03 04 00 01 01 01 01 
01 01 01 00 05 00 00 00 B4 A2 02 00 

[BINARY DATA]
25 08 00 C0 15 02 00 3C AB 54 B8 C5 00 00 00 00 75 18 1A 05 00 00 00 00 7C 00 36 00 3F 00 37 00 32 00 0E 00 0C 00 DE 41 C8 41 C8 41 B0 41 63 39 AC 3B 7D 3F CB 0C B9 00 B8 00 B9 00 01 00 19 43 F0 43 23 48 4F 43 D4 45 9E 45 8E 03 24 04 9E 03 48 03 CD 00 B7 00 01 01 01 00 7F 02 87 02 AF 02 81 02 99 02 97 02 78 2F 7B B5 01 00 00 00 8D 00 00 00 45 EA 01 00 01 00 16 00 31 00 00 00 07 01 01 03 03 03 04 00 01 01 01 01 01 01 01 00 05 00 00 00 B4 A2 02 00 00 00 00 00 00 00 00 00 00 00 00 00 00 00 00 00 00 00 00 00 00 00 00 00 00 00 00 00 00 00 00 00 00 00 00 00 00 00 00 00 00 00 00 00 00 00 00 00 00 00 00 00 00 00 00 00 00 00 00 00 00 00 00 00 00 00 00 00 00 00 00 00 00 00 00 00 00 00 00 00 00 00 00 00 00 00 00 00 00 00 00 00 00 00 00 00 00 00 00 00 00 00 00 00 00 00 00 00 00 00 00 00 00 00 00 00 00 00 00 00 00 00 00 00 00 00 00 00 00 00 00 00 00 00 00 00 00 00 00 00 00 00 00 00 00 00 00 00 00 00 00 00 00 00 00 00 00 00 00 00 00 00 00 00 00 00 00 00 00 00 00 00 00 00 00 00 00 00 00 00 00 00 00 00 00 00 00 00 00 00 00 00 00 00 00 00 00 00 00 00 00 00 00 00 00 00 00 00 00 00 00 00 00 00 00 00 00 00 00 00 00 00 00 00 00 00 00 00 00 00 00 00 00 00 00 00 00 00 00 00 00 00 00 00 00 00 00 00 00 00 00 00 00 00 00 00 00 00 00 00 00 00 00 00 00 00 00 00 00 00 00 00 00 00 00 00 00 00 00 00 00 00 00 00 00 00 00 00 00 00 00 00 00 00 00 00 00 00 00 00 00 00 00 00 00 00 00 00 00 00 00 00 00 00 00 00 00 00 00 00 00 00 00 00 00 00 00 00 00 00 00 00 00 00 00 00 00 00 00 00 00 00 00 00 00 00 00 00 00 00 00 00 00 00 00 00 00 00 00 00 00 00 00 00 00 00 00 00 00 00 00 00 00 00 00 00 00 00 00 00 00 00 00 00 00 00 00 00 00 00 
