================= REPORT SAVE =================

[CCSDS HEADER]
MsgId      : 0x0825
Seq        : 0xC000
Len        : 0x0215
TimeCode   : 00 2E 42 90 30 41
Padding    : 0x00000000

[REPORT BODY]
Reflected MID  : 0x1875
Reflected CC   : 0x1A
RetType        : 0x05
RetCode        : 0
RetValSize     : 124

================= PARSED BY MID/CC =================
ReflectedMID : 0x1875
ReflectedCC  : 0x1A
PayloadLen   : 124

[EPS P60 ACU GET TABLE HK]

[Inputs]
c_in[0..5]: 127 131 20 19 55 323
v_in[0..5]: 6980 6982 6968 6952 6980 7055

[Bus/Temp]
vbat: 16316
vcc : 3275
temp[0..2]: 205 204 206

[MPPT]
mppt_mode: 1
vboost[0..5]: 7043 7043 7043 7043 7043 7043
power[0..5]: 886 914 139 132 383 2278

[DAC]
dac_en[0..2]: 1 1 1
dac_val[0..5]: 262 262 262 262 262 262

[Boot/Time]
bootcause : 0
bootcnt   : 1
uptime    : 139
resetcause: 0xEC9E

[MPPT Timing]
mppt_time  : 17
mppt_period: 1

[Device]
device_type[0..7]: 22 0 49 0 0 0 7 1
device_status[0..7]: 1 3 3 3 4 0 1 1

[WDT]
wdt_cnt_gnd : 65793
wdt_gnd_left: 5

[PAYLOAD HEX]
7F 00 83 00 14 00 13 00 37 00 43 01 44 1B 46 1B 
38 1B 28 1B 44 1B 8F 1B BC 3F CB 0C CD 00 CC 00 
CE 00 01 00 83 1B 83 1B 83 1B 83 1B 83 1B 83 1B 
76 03 92 03 8B 00 84 00 7F 01 E6 08 01 01 01 00 
06 01 06 01 06 01 06 01 06 01 06 01 00 00 00 00 
01 00 00 00 8B 00 00 00 9E EC 11 00 01 00 16 00 
31 00 00 00 07 01 01 03 03 03 04 00 01 01 01 01 
01 01 01 00 05 00 00 00 FA A2 02 00 

[RETURN VALUE]
7F 00 83 00 14 00 13 00 37 00 43 01 44 1B 46 1B 
38 1B 28 1B 44 1B 8F 1B BC 3F CB 0C CD 00 CC 00 
CE 00 01 00 83 1B 83 1B 83 1B 83 1B 83 1B 83 1B 
76 03 92 03 8B 00 84 00 7F 01 E6 08 01 01 01 00 
06 01 06 01 06 01 06 01 06 01 06 01 00 00 00 00 
01 00 00 00 8B 00 00 00 9E EC 11 00 01 00 16 00 
31 00 00 00 07 01 01 03 03 03 04 00 01 01 01 01 
01 01 01 00 05 00 00 00 FA A2 02 00 

[BINARY DATA]
25 08 00 C0 15 02 00 2E 42 90 30 41 00 00 00 00 75 18 1A 05 00 00 00 00 7C 00 7F 00 83 00 14 00 13 00 37 00 43 01 44 1B 46 1B 38 1B 28 1B 44 1B 8F 1B BC 3F CB 0C CD 00 CC 00 CE 00 01 00 83 1B 83 1B 83 1B 83 1B 83 1B 83 1B 76 03 92 03 8B 00 84 00 7F 01 E6 08 01 01 01 00 06 01 06 01 06 01 06 01 06 01 06 01 00 00 00 00 01 00 00 00 8B 00 00 00 9E EC 11 00 01 00 16 00 31 00 00 00 07 01 01 03 03 03 04 00 01 01 01 01 01 01 01 00 05 00 00 00 FA A2 02 00 00 00 00 00 00 00 00 00 00 00 00 00 00 00 00 00 00 00 00 00 00 00 00 00 00 00 00 00 00 00 00 00 00 00 00 00 00 00 00 00 00 00 00 00 00 00 00 00 00 00 00 00 00 00 00 00 00 00 00 00 00 00 00 00 00 00 00 00 00 00 00 00 00 00 00 00 00 00 00 00 00 00 00 00 00 00 00 00 00 00 00 00 00 00 00 00 00 00 00 00 00 00 00 00 00 00 00 00 00 00 00 00 00 00 00 00 00 00 00 00 00 00 00 00 00 00 00 00 00 00 00 00 00 00 00 00 00 00 00 00 00 00 00 00 00 00 00 00 00 00 00 00 00 00 00 00 00 00 00 00 00 00 00 00 00 00 00 00 00 00 00 00 00 00 00 00 00 00 00 00 00 00 00 00 00 00 00 00 00 00 00 00 00 00 00 00 00 00 00 00 00 00 00 00 00 00 00 00 00 00 00 00 00 00 00 00 00 00 00 00 00 00 00 00 00 00 00 00 00 00 00 00 00 00 00 00 00 00 00 00 00 00 00 00 00 00 00 00 00 00 00 00 00 00 00 00 00 00 00 00 00 00 00 00 00 00 00 00 00 00 00 00 00 00 00 00 00 00 00 00 00 00 00 00 00 00 00 00 00 00 00 00 00 00 00 00 00 00 00 00 00 00 00 00 00 00 00 00 00 00 00 00 00 00 00 00 00 00 00 00 00 00 00 00 00 00 00 00 00 00 00 00 00 00 00 00 00 00 00 00 00 00 00 00 00 00 00 00 00 00 00 00 00 00 00 00 00 00 00 00 00 00 00 00 00 00 00 00 00 00 00 00 00 00 00 00 00 00 00 00 00 00 00 00 00 00 00 00 00 00 
