================= REPORT SAVE =================

[CCSDS HEADER]
MsgId      : 0x0825
Seq        : 0xC000
Len        : 0x0215
TimeCode   : 00 3A 04 7D D0 C6
Padding    : 0x00000000

[REPORT BODY]
Reflected MID  : 0x1875
Reflected CC   : 0x1A
RetType        : 0x05
RetCode        : 0
RetValSize     : 124

================= PARSED BY MID/CC =================
ReflectedMID : 0x1875
ReflectedCC  : 0x1A
PayloadLen   : 124

[EPS P60 ACU GET TABLE HK]

[Inputs]
c_in[0..5]: 52 61 549 551 115 20
v_in[0..5]: 3566 3622 3663 3655 3586 3583

[Bus/Temp]
vbat: 16316
vcc : 3275
temp[0..2]: 222 221 223

[MPPT]
mppt_mode: 1
vboost[0..5]: 3709 3709 3709 3709 3709 3709
power[0..5]: 185 220 2010 2013 412 71

[DAC]
dac_en[0..2]: 1 1 1
dac_val[0..5]: 137 137 137 137 137 137

[Boot/Time]
bootcause : 3044749176
bootcnt   : 1
uptime    : 140
resetcause: 0x7E2D

[MPPT Timing]
mppt_time  : 6
mppt_period: 1

[Device]
device_type[0..7]: 22 0 49 0 0 0 7 1
device_status[0..7]: 1 3 3 3 4 0 1 1

[WDT]
wdt_cnt_gnd : 65793
wdt_gnd_left: 5

[PAYLOAD HEX]
34 00 3D 00 25 02 27 02 73 00 14 00 EE 0D 26 0E 
4F 0E 47 0E 02 0E FF 0D BC 3F CB 0C DE 00 DD 00 
DF 00 01 00 7D 0E 7D 0E 7D 0E 7D 0E 7D 0E 7D 0E 
B9 00 DC 00 DA 07 DD 07 9C 01 47 00 01 01 01 00 
89 00 89 00 89 00 89 00 89 00 89 00 78 2F 7B B5 
01 00 00 00 8C 00 00 00 2D 7E 06 00 01 00 16 00 
31 00 00 00 07 01 01 03 03 03 04 00 01 01 01 01 
01 01 01 00 05 00 00 00 CB 21 02 00 

[RETURN VALUE]
34 00 3D 00 25 02 27 02 73 00 14 00 EE 0D 26 0E 
4F 0E 47 0E 02 0E FF 0D BC 3F CB 0C DE 00 DD 00 
DF 00 01 00 7D 0E 7D 0E 7D 0E 7D 0E 7D 0E 7D 0E 
B9 00 DC 00 DA 07 DD 07 9C 01 47 00 01 01 01 00 
89 00 89 00 89 00 89 00 89 00 89 00 78 2F 7B B5 
01 00 00 00 8C 00 00 00 2D 7E 06 00 01 00 16 00 
31 00 00 00 07 01 01 03 03 03 04 00 01 01 01 01 
01 01 01 00 05 00 00 00 CB 21 02 00 

[BINARY DATA]
25 08 00 C0 15 02 00 3A 04 7D D0 C6 00 00 00 00 75 18 1A 05 00 00 00 00 7C 00 34 00 3D 00 25 02 27 02 73 00 14 00 EE 0D 26 0E 4F 0E 47 0E 02 0E FF 0D BC 3F CB 0C DE 00 DD 00 DF 00 01 00 7D 0E 7D 0E 7D 0E 7D 0E 7D 0E 7D 0E B9 00 DC 00 DA 07 DD 07 9C 01 47 00 01 01 01 00 89 00 89 00 89 00 89 00 89 00 89 00 78 2F 7B B5 01 00 00 00 8C 00 00 00 2D 7E 06 00 01 00 16 00 31 00 00 00 07 01 01 03 03 03 04 00 01 01 01 01 01 01 01 00 05 00 00 00 CB 21 02 00 00 00 00 00 00 00 00 00 00 00 00 00 00 00 00 00 00 00 00 00 00 00 00 00 00 00 00 00 00 00 00 00 00 00 00 00 00 00 00 00 00 00 00 00 00 00 00 00 00 00 00 00 00 00 00 00 00 00 00 00 00 00 00 00 00 00 00 00 00 00 00 00 00 00 00 00 00 00 00 00 00 00 00 00 00 00 00 00 00 00 00 00 00 00 00 00 00 00 00 00 00 00 00 00 00 00 00 00 00 00 00 00 00 00 00 00 00 00 00 00 00 00 00 00 00 00 00 00 00 00 00 00 00 00 00 00 00 00 00 00 00 00 00 00 00 00 00 00 00 00 00 00 00 00 00 00 00 00 00 00 00 00 00 00 00 00 00 00 00 00 00 00 00 00 00 00 00 00 00 00 00 00 00 00 00 00 00 00 00 00 00 00 00 00 00 00 00 00 00 00 00 00 00 00 00 00 00 00 00 00 00 00 00 00 00 00 00 00 00 00 00 00 00 00 00 00 00 00 00 00 00 00 00 00 00 00 00 00 00 00 00 00 00 00 00 00 00 00 00 00 00 00 00 00 00 00 00 00 00 00 00 00 00 00 00 00 00 00 00 00 00 00 00 00 00 00 00 00 00 00 00 00 00 00 00 00 00 00 00 00 00 00 00 00 00 00 00 00 00 00 00 00 00 00 00 00 00 00 00 00 00 00 00 00 00 00 00 00 00 00 00 00 00 00 00 00 00 00 00 00 00 00 00 00 00 00 00 00 00 00 00 00 00 00 00 00 00 00 00 00 00 00 00 00 00 00 00 00 00 00 00 00 00 00 00 00 00 00 00 00 00 00 00 00 00 00 00 00 00 00 00 00 00 00 00 00 00 00 00 00 
