================= REPORT SAVE =================

[CCSDS HEADER]
MsgId      : 0x0825
Seq        : 0xC000
Len        : 0x0215
TimeCode   : 00 2F 80 CE 4A 4E
Padding    : 0x00000000

[REPORT BODY]
Reflected MID  : 0x1875
Reflected CC   : 0x1A
RetType        : 0x05
RetCode        : 0
RetValSize     : 124

================= PARSED BY MID/CC =================
ReflectedMID : 0x1875
ReflectedCC  : 0x1A
PayloadLen   : 124

[EPS P60 ACU GET TABLE HK]

[Inputs]
c_in[0..5]: 9 21 285 285 296 28
v_in[0..5]: 5273 5240 5309 5297 5255 5249

[Bus/Temp]
vbat: 16285
vcc : 3275
temp[0..2]: 225 222 225

[MPPT]
mppt_mode: 1
vboost[0..5]: 5268 5268 5268 5268 5268 5268
power[0..5]: 47 110 1513 1509 1555 146

[DAC]
dac_en[0..2]: 1 1 1
dac_val[0..5]: 195 195 193 195 195 195

[Boot/Time]
bootcause : 0
bootcnt   : 1
uptime    : 139
resetcause: 0x2B03

[MPPT Timing]
mppt_time  : 19
mppt_period: 1

[Device]
device_type[0..7]: 22 0 49 0 0 0 7 1
device_status[0..7]: 1 3 3 3 4 0 1 1

[WDT]
wdt_cnt_gnd : 65793
wdt_gnd_left: 5

[PAYLOAD HEX]
09 00 15 00 1D 01 1D 01 28 01 1C 00 99 14 78 14 
BD 14 B1 14 87 14 81 14 9D 3F CB 0C E1 00 DE 00 
E1 00 01 00 94 14 94 14 94 14 94 14 94 14 94 14 
2F 00 6E 00 E9 05 E5 05 13 06 92 00 01 01 01 00 
C3 00 C3 00 C1 00 C3 00 C3 00 C3 00 00 00 00 00 
01 00 00 00 8B 00 00 00 03 2B 13 00 01 00 16 00 
31 00 00 00 07 01 01 03 03 03 04 00 01 01 01 01 
01 01 01 00 05 00 00 00 E6 A1 02 00 

[RETURN VALUE]
09 00 15 00 1D 01 1D 01 28 01 1C 00 99 14 78 14 
BD 14 B1 14 87 14 81 14 9D 3F CB 0C E1 00 DE 00 
E1 00 01 00 94 14 94 14 94 14 94 14 94 14 94 14 
2F 00 6E 00 E9 05 E5 05 13 06 92 00 01 01 01 00 
C3 00 C3 00 C1 00 C3 00 C3 00 C3 00 00 00 00 00 
01 00 00 00 8B 00 00 00 03 2B 13 00 01 00 16 00 
31 00 00 00 07 01 01 03 03 03 04 00 01 01 01 01 
01 01 01 00 05 00 00 00 E6 A1 02 00 

[BINARY DATA]
25 08 00 C0 15 02 00 2F 80 CE 4A 4E 00 00 00 00 75 18 1A 05 00 00 00 00 7C 00 09 00 15 00 1D 01 1D 01 28 01 1C 00 99 14 78 14 BD 14 B1 14 87 14 81 14 9D 3F CB 0C E1 00 DE 00 E1 00 01 00 94 14 94 14 94 14 94 14 94 14 94 14 2F 00 6E 00 E9 05 E5 05 13 06 92 00 01 01 01 00 C3 00 C3 00 C1 00 C3 00 C3 00 C3 00 00 00 00 00 01 00 00 00 8B 00 00 00 03 2B 13 00 01 00 16 00 31 00 00 00 07 01 01 03 03 03 04 00 01 01 01 01 01 01 01 00 05 00 00 00 E6 A1 02 00 00 00 00 00 00 00 00 00 00 00 00 00 00 00 00 00 00 00 00 00 00 00 00 00 00 00 00 00 00 00 00 00 00 00 00 00 00 00 00 00 00 00 00 00 00 00 00 00 00 00 00 00 00 00 00 00 00 00 00 00 00 00 00 00 00 00 00 00 00 00 00 00 00 00 00 00 00 00 00 00 00 00 00 00 00 00 00 00 00 00 00 00 00 00 00 00 00 00 00 00 00 00 00 00 00 00 00 00 00 00 00 00 00 00 00 00 00 00 00 00 00 00 00 00 00 00 00 00 00 00 00 00 00 00 00 00 00 00 00 00 00 00 00 00 00 00 00 00 00 00 00 00 00 00 00 00 00 00 00 00 00 00 00 00 00 00 00 00 00 00 00 00 00 00 00 00 00 00 00 00 00 00 00 00 00 00 00 00 00 00 00 00 00 00 00 00 00 00 00 00 00 00 00 00 00 00 00 00 00 00 00 00 00 00 00 00 00 00 00 00 00 00 00 00 00 00 00 00 00 00 00 00 00 00 00 00 00 00 00 00 00 00 00 00 00 00 00 00 00 00 00 00 00 00 00 00 00 00 00 00 00 00 00 00 00 00 00 00 00 00 00 00 00 00 00 00 00 00 00 00 00 00 00 00 00 00 00 00 00 00 00 00 00 00 00 00 00 00 00 00 00 00 00 00 00 00 00 00 00 00 00 00 00 00 00 00 00 00 00 00 00 00 00 00 00 00 00 00 00 00 00 00 00 00 00 00 00 00 00 00 00 00 00 00 00 00 00 00 00 00 00 00 00 00 00 00 00 00 00 00 00 00 00 00 00 00 00 00 00 00 00 00 00 00 00 00 00 00 00 00 00 00 00 00 00 00 00 00 00 00 
