================= REPORT SAVE =================

[CCSDS HEADER]
MsgId      : 0x0825
Seq        : 0xC000
Len        : 0x0215
TimeCode   : 00 2E 42 C6 0E 37
Padding    : 0x00000000

[REPORT BODY]
Reflected MID  : 0x1875
Reflected CC   : 0x1A
RetType        : 0x05
RetCode        : 0
RetValSize     : 124

================= PARSED BY MID/CC =================
ReflectedMID : 0x1875
ReflectedCC  : 0x1A
PayloadLen   : 124

[EPS P60 ACU GET TABLE HK]

[Inputs]
c_in[0..5]: 71 82 119 124 34 276
v_in[0..5]: 10658 10632 10673 10622 10663 10749

[Bus/Temp]
vbat: 16253
vcc : 3271
temp[0..2]: 207 205 208

[MPPT]
mppt_mode: 1
vboost[0..5]: 10456 10483 10483 10483 10483 10483
power[0..5]: 756 871 1270 1317 362 2966

[DAC]
dac_en[0..2]: 1 1 1
dac_val[0..5]: 389 390 390 390 390 390

[Boot/Time]
bootcause : 0
bootcnt   : 1
uptime    : 139
resetcause: 0xECD4

[MPPT Timing]
mppt_time  : 17
mppt_period: 1

[Device]
device_type[0..7]: 22 0 49 0 0 0 7 1
device_status[0..7]: 1 3 3 3 4 0 1 1

[WDT]
wdt_cnt_gnd : 65793
wdt_gnd_left: 5

[PAYLOAD HEX]
47 00 52 00 77 00 7C 00 22 00 14 01 A2 29 88 29 
B1 29 7E 29 A7 29 FD 29 7D 3F C7 0C CF 00 CD 00 
D0 00 01 00 D8 28 F3 28 F3 28 F3 28 F3 28 F3 28 
F4 02 67 03 F6 04 25 05 6A 01 96 0B 01 01 01 00 
85 01 86 01 86 01 86 01 86 01 86 01 00 00 00 00 
01 00 00 00 8B 00 00 00 D4 EC 11 00 01 00 16 00 
31 00 00 00 07 01 01 03 03 03 04 00 01 01 01 01 
01 01 01 00 05 00 00 00 C4 A2 02 00 

[RETURN VALUE]
47 00 52 00 77 00 7C 00 22 00 14 01 A2 29 88 29 
B1 29 7E 29 A7 29 FD 29 7D 3F C7 0C CF 00 CD 00 
D0 00 01 00 D8 28 F3 28 F3 28 F3 28 F3 28 F3 28 
F4 02 67 03 F6 04 25 05 6A 01 96 0B 01 01 01 00 
85 01 86 01 86 01 86 01 86 01 86 01 00 00 00 00 
01 00 00 00 8B 00 00 00 D4 EC 11 00 01 00 16 00 
31 00 00 00 07 01 01 03 03 03 04 00 01 01 01 01 
01 01 01 00 05 00 00 00 C4 A2 02 00 

[BINARY DATA]
25 08 00 C0 15 02 00 2E 42 C6 0E 37 00 00 00 00 75 18 1A 05 00 00 00 00 7C 00 47 00 52 00 77 00 7C 00 22 00 14 01 A2 29 88 29 B1 29 7E 29 A7 29 FD 29 7D 3F C7 0C CF 00 CD 00 D0 00 01 00 D8 28 F3 28 F3 28 F3 28 F3 28 F3 28 F4 02 67 03 F6 04 25 05 6A 01 96 0B 01 01 01 00 85 01 86 01 86 01 86 01 86 01 86 01 00 00 00 00 01 00 00 00 8B 00 00 00 D4 EC 11 00 01 00 16 00 31 00 00 00 07 01 01 03 03 03 04 00 01 01 01 01 01 01 01 00 05 00 00 00 C4 A2 02 00 00 00 00 00 00 00 00 00 00 00 00 00 00 00 00 00 00 00 00 00 00 00 00 00 00 00 00 00 00 00 00 00 00 00 00 00 00 00 00 00 00 00 00 00 00 00 00 00 00 00 00 00 00 00 00 00 00 00 00 00 00 00 00 00 00 00 00 00 00 00 00 00 00 00 00 00 00 00 00 00 00 00 00 00 00 00 00 00 00 00 00 00 00 00 00 00 00 00 00 00 00 00 00 00 00 00 00 00 00 00 00 00 00 00 00 00 00 00 00 00 00 00 00 00 00 00 00 00 00 00 00 00 00 00 00 00 00 00 00 00 00 00 00 00 00 00 00 00 00 00 00 00 00 00 00 00 00 00 00 00 00 00 00 00 00 00 00 00 00 00 00 00 00 00 00 00 00 00 00 00 00 00 00 00 00 00 00 00 00 00 00 00 00 00 00 00 00 00 00 00 00 00 00 00 00 00 00 00 00 00 00 00 00 00 00 00 00 00 00 00 00 00 00 00 00 00 00 00 00 00 00 00 00 00 00 00 00 00 00 00 00 00 00 00 00 00 00 00 00 00 00 00 00 00 00 00 00 00 00 00 00 00 00 00 00 00 00 00 00 00 00 00 00 00 00 00 00 00 00 00 00 00 00 00 00 00 00 00 00 00 00 00 00 00 00 00 00 00 00 00 00 00 00 00 00 00 00 00 00 00 00 00 00 00 00 00 00 00 00 00 00 00 00 00 00 00 00 00 00 00 00 00 00 00 00 00 00 00 00 00 00 00 00 00 00 00 00 00 00 00 00 00 00 00 00 00 00 00 00 00 00 00 00 00 00 00 00 00 00 00 00 00 00 00 00 00 00 00 00 00 00 00 00 00 00 00 00 00 00 00 
