================= REPORT SAVE =================

[CCSDS HEADER]
MsgId      : 0x0825
Seq        : 0xC000
Len        : 0x0215
TimeCode   : 00 3C AC 95 AC DD
Padding    : 0x00000000

[REPORT BODY]
Reflected MID  : 0x1875
Reflected CC   : 0x1A
RetType        : 0x05
RetCode        : 0
RetValSize     : 124

================= PARSED BY MID/CC =================
ReflectedMID : 0x1875
ReflectedCC  : 0x1A
PayloadLen   : 124

[EPS P60 ACU GET TABLE HK]

[Inputs]
c_in[0..5]: 48 61 51 48 14 12
v_in[0..5]: 16862 16840 16840 16802 14084 14457

[Bus/Temp]
vbat: 16222
vcc : 3275
temp[0..2]: 202 201 202

[MPPT]
mppt_mode: 1
vboost[0..5]: 18387 17715 18548 18817 17983 17930
power[0..5]: 809 1027 858 806 197 173

[DAC]
dac_en[0..2]: 1 1 1
dac_val[0..5]: 686 661 692 702 669 669

[Boot/Time]
bootcause : 3044749176
bootcnt   : 1
uptime    : 141
resetcause: 0xEB86

[MPPT Timing]
mppt_time  : 1
mppt_period: 1

[Device]
device_type[0..7]: 22 0 49 0 0 0 7 1
device_status[0..7]: 1 3 3 3 4 0 1 1

[WDT]
wdt_cnt_gnd : 65793
wdt_gnd_left: 5

[PAYLOAD HEX]
30 00 3D 00 33 00 30 00 0E 00 0C 00 DE 41 C8 41 
C8 41 A2 41 04 37 79 38 5E 3F CB 0C CA 00 C9 00 
CA 00 01 00 D3 47 33 45 74 48 81 49 3F 46 0A 46 
29 03 03 04 5A 03 26 03 C5 00 AD 00 01 01 01 00 
AE 02 95 02 B4 02 BE 02 9D 02 9D 02 78 2F 7B B5 
01 00 00 00 8D 00 00 00 86 EB 01 00 01 00 16 00 
31 00 00 00 07 01 01 03 03 03 04 00 01 01 01 01 
01 01 01 00 05 00 00 00 73 A1 02 00 

[RETURN VALUE]
30 00 3D 00 33 00 30 00 0E 00 0C 00 DE 41 C8 41 
C8 41 A2 41 04 37 79 38 5E 3F CB 0C CA 00 C9 00 
CA 00 01 00 D3 47 33 45 74 48 81 49 3F 46 0A 46 
29 03 03 04 5A 03 26 03 C5 00 AD 00 01 01 01 00 
AE 02 95 02 B4 02 BE 02 9D 02 9D 02 78 2F 7B B5 
01 00 00 00 8D 00 00 00 86 EB 01 00 01 00 16 00 
31 00 00 00 07 01 01 03 03 03 04 00 01 01 01 01 
01 01 01 00 05 00 00 00 73 A1 02 00 

[BINARY DATA]
25 08 00 C0 15 02 00 3C AC 95 AC DD 00 00 00 00 75 18 1A 05 00 00 00 00 7C 00 30 00 3D 00 33 00 30 00 0E 00 0C 00 DE 41 C8 41 C8 41 A2 41 04 37 79 38 5E 3F CB 0C CA 00 C9 00 CA 00 01 00 D3 47 33 45 74 48 81 49 3F 46 0A 46 29 03 03 04 5A 03 26 03 C5 00 AD 00 01 01 01 00 AE 02 95 02 B4 02 BE 02 9D 02 9D 02 78 2F 7B B5 01 00 00 00 8D 00 00 00 86 EB 01 00 01 00 16 00 31 00 00 00 07 01 01 03 03 03 04 00 01 01 01 01 01 01 01 00 05 00 00 00 73 A1 02 00 00 00 00 00 00 00 00 00 00 00 00 00 00 00 00 00 00 00 00 00 00 00 00 00 00 00 00 00 00 00 00 00 00 00 00 00 00 00 00 00 00 00 00 00 00 00 00 00 00 00 00 00 00 00 00 00 00 00 00 00 00 00 00 00 00 00 00 00 00 00 00 00 00 00 00 00 00 00 00 00 00 00 00 00 00 00 00 00 00 00 00 00 00 00 00 00 00 00 00 00 00 00 00 00 00 00 00 00 00 00 00 00 00 00 00 00 00 00 00 00 00 00 00 00 00 00 00 00 00 00 00 00 00 00 00 00 00 00 00 00 00 00 00 00 00 00 00 00 00 00 00 00 00 00 00 00 00 00 00 00 00 00 00 00 00 00 00 00 00 00 00 00 00 00 00 00 00 00 00 00 00 00 00 00 00 00 00 00 00 00 00 00 00 00 00 00 00 00 00 00 00 00 00 00 00 00 00 00 00 00 00 00 00 00 00 00 00 00 00 00 00 00 00 00 00 00 00 00 00 00 00 00 00 00 00 00 00 00 00 00 00 00 00 00 00 00 00 00 00 00 00 00 00 00 00 00 00 00 00 00 00 00 00 00 00 00 00 00 00 00 00 00 00 00 00 00 00 00 00 00 00 00 00 00 00 00 00 00 00 00 00 00 00 00 00 00 00 00 00 00 00 00 00 00 00 00 00 00 00 00 00 00 00 00 00 00 00 00 00 00 00 00 00 00 00 00 00 00 00 00 00 00 00 00 00 00 00 00 00 00 00 00 00 00 00 00 00 00 00 00 00 00 00 00 00 00 00 00 00 00 00 00 00 00 00 00 00 00 00 00 00 00 00 00 00 00 00 00 00 00 00 00 00 00 00 00 00 00 00 00 
