================= REPORT SAVE =================

[CCSDS HEADER]
MsgId      : 0x0825
Seq        : 0xC000
Len        : 0x0215
TimeCode   : 00 2F 81 A7 9E 44
Padding    : 0x00000000

[REPORT BODY]
Reflected MID  : 0x1875
Reflected CC   : 0x1A
RetType        : 0x05
RetCode        : 0
RetValSize     : 124

================= PARSED BY MID/CC =================
ReflectedMID : 0x1875
ReflectedCC  : 0x1A
PayloadLen   : 124

[EPS P60 ACU GET TABLE HK]

[Inputs]
c_in[0..5]: 273 284 21 20 162 37
v_in[0..5]: 6481 6498 6484 6497 6525 6541

[Bus/Temp]
vbat: 16316
vcc : 3275
temp[0..2]: 222 223 224

[MPPT]
mppt_mode: 1
vboost[0..5]: 6559 6559 6559 6559 6559 6559
power[0..5]: 1769 1845 136 129 1057 242

[DAC]
dac_en[0..2]: 1 1 1
dac_val[0..5]: 246 246 246 246 246 246

[Boot/Time]
bootcause : 0
bootcnt   : 1
uptime    : 139
resetcause: 0x2BDD

[MPPT Timing]
mppt_time  : 19
mppt_period: 1

[Device]
device_type[0..7]: 22 0 49 0 0 0 7 1
device_status[0..7]: 1 3 3 3 4 0 1 1

[WDT]
wdt_cnt_gnd : 65793
wdt_gnd_left: 5

[PAYLOAD HEX]
11 01 1C 01 15 00 14 00 A2 00 25 00 51 19 62 19 
54 19 61 19 7D 19 8D 19 BC 3F CB 0C DE 00 DF 00 
E0 00 01 00 9F 19 9F 19 9F 19 9F 19 9F 19 9F 19 
E9 06 35 07 88 00 81 00 21 04 F2 00 01 01 01 00 
F6 00 F6 00 F6 00 F6 00 F6 00 F6 00 00 00 00 00 
01 00 00 00 8B 00 00 00 DD 2B 13 00 01 00 16 00 
31 00 00 00 07 01 01 03 03 03 04 00 01 01 01 01 
01 01 01 00 05 00 00 00 0C A1 02 00 

[RETURN VALUE]
11 01 1C 01 15 00 14 00 A2 00 25 00 51 19 62 19 
54 19 61 19 7D 19 8D 19 BC 3F CB 0C DE 00 DF 00 
E0 00 01 00 9F 19 9F 19 9F 19 9F 19 9F 19 9F 19 
E9 06 35 07 88 00 81 00 21 04 F2 00 01 01 01 00 
F6 00 F6 00 F6 00 F6 00 F6 00 F6 00 00 00 00 00 
01 00 00 00 8B 00 00 00 DD 2B 13 00 01 00 16 00 
31 00 00 00 07 01 01 03 03 03 04 00 01 01 01 01 
01 01 01 00 05 00 00 00 0C A1 02 00 

[BINARY DATA]
25 08 00 C0 15 02 00 2F 81 A7 9E 44 00 00 00 00 75 18 1A 05 00 00 00 00 7C 00 11 01 1C 01 15 00 14 00 A2 00 25 00 51 19 62 19 54 19 61 19 7D 19 8D 19 BC 3F CB 0C DE 00 DF 00 E0 00 01 00 9F 19 9F 19 9F 19 9F 19 9F 19 9F 19 E9 06 35 07 88 00 81 00 21 04 F2 00 01 01 01 00 F6 00 F6 00 F6 00 F6 00 F6 00 F6 00 00 00 00 00 01 00 00 00 8B 00 00 00 DD 2B 13 00 01 00 16 00 31 00 00 00 07 01 01 03 03 03 04 00 01 01 01 01 01 01 01 00 05 00 00 00 0C A1 02 00 00 00 00 00 00 00 00 00 00 00 00 00 00 00 00 00 00 00 00 00 00 00 00 00 00 00 00 00 00 00 00 00 00 00 00 00 00 00 00 00 00 00 00 00 00 00 00 00 00 00 00 00 00 00 00 00 00 00 00 00 00 00 00 00 00 00 00 00 00 00 00 00 00 00 00 00 00 00 00 00 00 00 00 00 00 00 00 00 00 00 00 00 00 00 00 00 00 00 00 00 00 00 00 00 00 00 00 00 00 00 00 00 00 00 00 00 00 00 00 00 00 00 00 00 00 00 00 00 00 00 00 00 00 00 00 00 00 00 00 00 00 00 00 00 00 00 00 00 00 00 00 00 00 00 00 00 00 00 00 00 00 00 00 00 00 00 00 00 00 00 00 00 00 00 00 00 00 00 00 00 00 00 00 00 00 00 00 00 00 00 00 00 00 00 00 00 00 00 00 00 00 00 00 00 00 00 00 00 00 00 00 00 00 00 00 00 00 00 00 00 00 00 00 00 00 00 00 00 00 00 00 00 00 00 00 00 00 00 00 00 00 00 00 00 00 00 00 00 00 00 00 00 00 00 00 00 00 00 00 00 00 00 00 00 00 00 00 00 00 00 00 00 00 00 00 00 00 00 00 00 00 00 00 00 00 00 00 00 00 00 00 00 00 00 00 00 00 00 00 00 00 00 00 00 00 00 00 00 00 00 00 00 00 00 00 00 00 00 00 00 00 00 00 00 00 00 00 00 00 00 00 00 00 00 00 00 00 00 00 00 00 00 00 00 00 00 00 00 00 00 00 00 00 00 00 00 00 00 00 00 00 00 00 00 00 00 00 00 00 00 00 00 00 00 00 00 00 00 00 00 00 00 00 00 00 00 00 00 00 00 
