================= REPORT SAVE =================

[CCSDS HEADER]
MsgId      : 0x0825
Seq        : 0xC000
Len        : 0x0215
TimeCode   : 00 2F 81 3B A6 60
Padding    : 0x00000000

[REPORT BODY]
Reflected MID  : 0x1875
Reflected CC   : 0x1A
RetType        : 0x05
RetCode        : 0
RetValSize     : 124

================= PARSED BY MID/CC =================
ReflectedMID : 0x1875
ReflectedCC  : 0x1A
PayloadLen   : 124

[EPS P60 ACU GET TABLE HK]

[Inputs]
c_in[0..5]: 9 17 77 70 14 12
v_in[0..5]: 541 4880 16895 16857 14512 15429

[Bus/Temp]
vbat: 16285
vcc : 3275
temp[0..2]: 222 221 223

[MPPT]
mppt_mode: 1
vboost[0..5]: 18037 17983 17016 18467 18091 18145
power[0..5]: 4 82 1300 1179 203 185

[DAC]
dac_en[0..2]: 1 1 1
dac_val[0..5]: 669 669 633 681 671 671

[Boot/Time]
bootcause : 0
bootcnt   : 1
uptime    : 139
resetcause: 0x2B71

[MPPT Timing]
mppt_time  : 19
mppt_period: 1

[Device]
device_type[0..7]: 22 0 49 0 0 0 7 1
device_status[0..7]: 1 3 3 3 4 0 1 1

[WDT]
wdt_cnt_gnd : 65793
wdt_gnd_left: 5

[PAYLOAD HEX]
09 00 11 00 4D 00 46 00 0E 00 0C 00 1D 02 10 13 
FF 41 D9 41 B0 38 45 3C 9D 3F CB 0C DE 00 DD 00 
DF 00 01 00 75 46 3F 46 78 42 23 48 AB 46 E1 46 
04 00 52 00 14 05 9B 04 CB 00 B9 00 01 01 01 00 
9D 02 9D 02 79 02 A9 02 9F 02 9F 02 00 00 00 00 
01 00 00 00 8B 00 00 00 71 2B 13 00 01 00 16 00 
31 00 00 00 07 01 01 03 03 03 04 00 01 01 01 01 
01 01 01 00 05 00 00 00 78 A1 02 00 

[RETURN VALUE]
09 00 11 00 4D 00 46 00 0E 00 0C 00 1D 02 10 13 
FF 41 D9 41 B0 38 45 3C 9D 3F CB 0C DE 00 DD 00 
DF 00 01 00 75 46 3F 46 78 42 23 48 AB 46 E1 46 
04 00 52 00 14 05 9B 04 CB 00 B9 00 01 01 01 00 
9D 02 9D 02 79 02 A9 02 9F 02 9F 02 00 00 00 00 
01 00 00 00 8B 00 00 00 71 2B 13 00 01 00 16 00 
31 00 00 00 07 01 01 03 03 03 04 00 01 01 01 01 
01 01 01 00 05 00 00 00 78 A1 02 00 

[BINARY DATA]
25 08 00 C0 15 02 00 2F 81 3B A6 60 00 00 00 00 75 18 1A 05 00 00 00 00 7C 00 09 00 11 00 4D 00 46 00 0E 00 0C 00 1D 02 10 13 FF 41 D9 41 B0 38 45 3C 9D 3F CB 0C DE 00 DD 00 DF 00 01 00 75 46 3F 46 78 42 23 48 AB 46 E1 46 04 00 52 00 14 05 9B 04 CB 00 B9 00 01 01 01 00 9D 02 9D 02 79 02 A9 02 9F 02 9F 02 00 00 00 00 01 00 00 00 8B 00 00 00 71 2B 13 00 01 00 16 00 31 00 00 00 07 01 01 03 03 03 04 00 01 01 01 01 01 01 01 00 05 00 00 00 78 A1 02 00 00 00 00 00 00 00 00 00 00 00 00 00 00 00 00 00 00 00 00 00 00 00 00 00 00 00 00 00 00 00 00 00 00 00 00 00 00 00 00 00 00 00 00 00 00 00 00 00 00 00 00 00 00 00 00 00 00 00 00 00 00 00 00 00 00 00 00 00 00 00 00 00 00 00 00 00 00 00 00 00 00 00 00 00 00 00 00 00 00 00 00 00 00 00 00 00 00 00 00 00 00 00 00 00 00 00 00 00 00 00 00 00 00 00 00 00 00 00 00 00 00 00 00 00 00 00 00 00 00 00 00 00 00 00 00 00 00 00 00 00 00 00 00 00 00 00 00 00 00 00 00 00 00 00 00 00 00 00 00 00 00 00 00 00 00 00 00 00 00 00 00 00 00 00 00 00 00 00 00 00 00 00 00 00 00 00 00 00 00 00 00 00 00 00 00 00 00 00 00 00 00 00 00 00 00 00 00 00 00 00 00 00 00 00 00 00 00 00 00 00 00 00 00 00 00 00 00 00 00 00 00 00 00 00 00 00 00 00 00 00 00 00 00 00 00 00 00 00 00 00 00 00 00 00 00 00 00 00 00 00 00 00 00 00 00 00 00 00 00 00 00 00 00 00 00 00 00 00 00 00 00 00 00 00 00 00 00 00 00 00 00 00 00 00 00 00 00 00 00 00 00 00 00 00 00 00 00 00 00 00 00 00 00 00 00 00 00 00 00 00 00 00 00 00 00 00 00 00 00 00 00 00 00 00 00 00 00 00 00 00 00 00 00 00 00 00 00 00 00 00 00 00 00 00 00 00 00 00 00 00 00 00 00 00 00 00 00 00 00 00 00 00 00 00 00 00 00 00 00 00 00 00 00 00 00 00 00 00 00 00 
