================= REPORT SAVE =================

[CCSDS HEADER]
MsgId      : 0x0825
Seq        : 0xC000
Len        : 0x0215
TimeCode   : 00 3B 6E 9A F2 CA
Padding    : 0x00000000

[REPORT BODY]
Reflected MID  : 0x1875
Reflected CC   : 0x1A
RetType        : 0x05
RetCode        : 0
RetValSize     : 124

================= PARSED BY MID/CC =================
ReflectedMID : 0x1875
ReflectedCC  : 0x1A
PayloadLen   : 124

[EPS P60 ACU GET TABLE HK]

[Inputs]
c_in[0..5]: 76 81 120 105 58 71
v_in[0..5]: 16445 16425 16439 16416 16430 16471

[Bus/Temp]
vbat: 15817
vcc : 3271
temp[0..2]: 292 290 292

[MPPT]
mppt_mode: 1
vboost[0..5]: 18010 17956 18817 17500 18387 18870
power[0..5]: 1249 1330 1972 1723 952 1169

[DAC]
dac_en[0..2]: 1 1 1
dac_val[0..5]: 670 668 700 651 686 702

[Boot/Time]
bootcause : 3044749176
bootcnt   : 1
uptime    : 141
resetcause: 0xAD65

[MPPT Timing]
mppt_time  : 0
mppt_period: 1

[Device]
device_type[0..7]: 22 0 49 0 0 0 7 1
device_status[0..7]: 1 3 3 3 4 0 1 1

[WDT]
wdt_cnt_gnd : 65793
wdt_gnd_left: 5

[PAYLOAD HEX]
4C 00 51 00 78 00 69 00 3A 00 47 00 3D 40 29 40 
37 40 20 40 2E 40 57 40 C9 3D C7 0C 24 01 22 01 
24 01 01 00 5A 46 24 46 81 49 5C 44 D3 47 B6 49 
E1 04 32 05 B4 07 BB 06 B8 03 91 04 01 01 01 00 
9E 02 9C 02 BC 02 8B 02 AE 02 BE 02 78 2F 7B B5 
01 00 00 00 8D 00 00 00 65 AD 00 00 01 00 16 00 
31 00 00 00 07 01 01 03 03 03 04 00 01 01 01 01 
01 01 01 00 05 00 00 00 D7 F4 01 00 

[RETURN VALUE]
4C 00 51 00 78 00 69 00 3A 00 47 00 3D 40 29 40 
37 40 20 40 2E 40 57 40 C9 3D C7 0C 24 01 22 01 
24 01 01 00 5A 46 24 46 81 49 5C 44 D3 47 B6 49 
E1 04 32 05 B4 07 BB 06 B8 03 91 04 01 01 01 00 
9E 02 9C 02 BC 02 8B 02 AE 02 BE 02 78 2F 7B B5 
01 00 00 00 8D 00 00 00 65 AD 00 00 01 00 16 00 
31 00 00 00 07 01 01 03 03 03 04 00 01 01 01 01 
01 01 01 00 05 00 00 00 D7 F4 01 00 

[BINARY DATA]
25 08 00 C0 15 02 00 3B 6E 9A F2 CA 00 00 00 00 75 18 1A 05 00 00 00 00 7C 00 4C 00 51 00 78 00 69 00 3A 00 47 00 3D 40 29 40 37 40 20 40 2E 40 57 40 C9 3D C7 0C 24 01 22 01 24 01 01 00 5A 46 24 46 81 49 5C 44 D3 47 B6 49 E1 04 32 05 B4 07 BB 06 B8 03 91 04 01 01 01 00 9E 02 9C 02 BC 02 8B 02 AE 02 BE 02 78 2F 7B B5 01 00 00 00 8D 00 00 00 65 AD 00 00 01 00 16 00 31 00 00 00 07 01 01 03 03 03 04 00 01 01 01 01 01 01 01 00 05 00 00 00 D7 F4 01 00 00 00 00 00 00 00 00 00 00 00 00 00 00 00 00 00 00 00 00 00 00 00 00 00 00 00 00 00 00 00 00 00 00 00 00 00 00 00 00 00 00 00 00 00 00 00 00 00 00 00 00 00 00 00 00 00 00 00 00 00 00 00 00 00 00 00 00 00 00 00 00 00 00 00 00 00 00 00 00 00 00 00 00 00 00 00 00 00 00 00 00 00 00 00 00 00 00 00 00 00 00 00 00 00 00 00 00 00 00 00 00 00 00 00 00 00 00 00 00 00 00 00 00 00 00 00 00 00 00 00 00 00 00 00 00 00 00 00 00 00 00 00 00 00 00 00 00 00 00 00 00 00 00 00 00 00 00 00 00 00 00 00 00 00 00 00 00 00 00 00 00 00 00 00 00 00 00 00 00 00 00 00 00 00 00 00 00 00 00 00 00 00 00 00 00 00 00 00 00 00 00 00 00 00 00 00 00 00 00 00 00 00 00 00 00 00 00 00 00 00 00 00 00 00 00 00 00 00 00 00 00 00 00 00 00 00 00 00 00 00 00 00 00 00 00 00 00 00 00 00 00 00 00 00 00 00 00 00 00 00 00 00 00 00 00 00 00 00 00 00 00 00 00 00 00 00 00 00 00 00 00 00 00 00 00 00 00 00 00 00 00 00 00 00 00 00 00 00 00 00 00 00 00 00 00 00 00 00 00 00 00 00 00 00 00 00 00 00 00 00 00 00 00 00 00 00 00 00 00 00 00 00 00 00 00 00 00 00 00 00 00 00 00 00 00 00 00 00 00 00 00 00 00 00 00 00 00 00 00 00 00 00 00 00 00 00 00 00 00 00 00 00 00 00 00 00 00 00 00 00 00 00 00 00 00 00 00 00 00 00 
