================= REPORT SAVE =================

[CCSDS HEADER]
MsgId      : 0x0825
Seq        : 0xC000
Len        : 0x0215
TimeCode   : 00 3A C1 D1 46 CE
Padding    : 0x00000000

[REPORT BODY]
Reflected MID  : 0x1875
Reflected CC   : 0x1A
RetType        : 0x05
RetCode        : 0
RetValSize     : 124

================= PARSED BY MID/CC =================
ReflectedMID : 0x1875
ReflectedCC  : 0x1A
PayloadLen   : 124

[EPS P60 ACU GET TABLE HK]

[Inputs]
c_in[0..5]: 9 19 15 20 16 19
v_in[0..5]: 249 248 248 275 303 319

[Bus/Temp]
vbat: 16191
vcc : 3275
temp[0..2]: 192 192 194

[MPPT]
mppt_mode: 1
vboost[0..5]: 17983 17930 18037 17983 18037 18037
power[0..5]: 2 4 3 5 4 6

[DAC]
dac_en[0..2]: 1 1 1
dac_val[0..5]: 669 669 671 669 671 661

[Boot/Time]
bootcause : 3044749176
bootcnt   : 1
uptime    : 141
resetcause: 0x0086

[MPPT Timing]
mppt_time  : 0
mppt_period: 1

[Device]
device_type[0..7]: 22 0 49 0 0 0 7 1
device_status[0..7]: 1 3 3 3 4 0 1 1

[WDT]
wdt_cnt_gnd : 65793
wdt_gnd_left: 5

[PAYLOAD HEX]
09 00 13 00 0F 00 14 00 10 00 13 00 F9 00 F8 00 
F8 00 13 01 2F 01 3F 01 3F 3F CB 0C C0 00 C0 00 
C2 00 01 00 3F 46 0A 46 75 46 3F 46 75 46 75 46 
02 00 04 00 03 00 05 00 04 00 06 00 01 01 01 00 
9D 02 9D 02 9F 02 9D 02 9F 02 95 02 78 2F 7B B5 
01 00 00 00 8D 00 00 00 86 00 00 00 01 00 16 00 
31 00 00 00 07 01 01 03 03 03 04 00 01 01 01 01 
01 01 01 00 05 00 00 00 B6 A1 02 00 

[RETURN VALUE]
09 00 13 00 0F 00 14 00 10 00 13 00 F9 00 F8 00 
F8 00 13 01 2F 01 3F 01 3F 3F CB 0C C0 00 C0 00 
C2 00 01 00 3F 46 0A 46 75 46 3F 46 75 46 75 46 
02 00 04 00 03 00 05 00 04 00 06 00 01 01 01 00 
9D 02 9D 02 9F 02 9D 02 9F 02 95 02 78 2F 7B B5 
01 00 00 00 8D 00 00 00 86 00 00 00 01 00 16 00 
31 00 00 00 07 01 01 03 03 03 04 00 01 01 01 01 
01 01 01 00 05 00 00 00 B6 A1 02 00 

[BINARY DATA]
25 08 00 C0 15 02 00 3A C1 D1 46 CE 00 00 00 00 75 18 1A 05 00 00 00 00 7C 00 09 00 13 00 0F 00 14 00 10 00 13 00 F9 00 F8 00 F8 00 13 01 2F 01 3F 01 3F 3F CB 0C C0 00 C0 00 C2 00 01 00 3F 46 0A 46 75 46 3F 46 75 46 75 46 02 00 04 00 03 00 05 00 04 00 06 00 01 01 01 00 9D 02 9D 02 9F 02 9D 02 9F 02 95 02 78 2F 7B B5 01 00 00 00 8D 00 00 00 86 00 00 00 01 00 16 00 31 00 00 00 07 01 01 03 03 03 04 00 01 01 01 01 01 01 01 00 05 00 00 00 B6 A1 02 00 00 00 00 00 00 00 00 00 00 00 00 00 00 00 00 00 00 00 00 00 00 00 00 00 00 00 00 00 00 00 00 00 00 00 00 00 00 00 00 00 00 00 00 00 00 00 00 00 00 00 00 00 00 00 00 00 00 00 00 00 00 00 00 00 00 00 00 00 00 00 00 00 00 00 00 00 00 00 00 00 00 00 00 00 00 00 00 00 00 00 00 00 00 00 00 00 00 00 00 00 00 00 00 00 00 00 00 00 00 00 00 00 00 00 00 00 00 00 00 00 00 00 00 00 00 00 00 00 00 00 00 00 00 00 00 00 00 00 00 00 00 00 00 00 00 00 00 00 00 00 00 00 00 00 00 00 00 00 00 00 00 00 00 00 00 00 00 00 00 00 00 00 00 00 00 00 00 00 00 00 00 00 00 00 00 00 00 00 00 00 00 00 00 00 00 00 00 00 00 00 00 00 00 00 00 00 00 00 00 00 00 00 00 00 00 00 00 00 00 00 00 00 00 00 00 00 00 00 00 00 00 00 00 00 00 00 00 00 00 00 00 00 00 00 00 00 00 00 00 00 00 00 00 00 00 00 00 00 00 00 00 00 00 00 00 00 00 00 00 00 00 00 00 00 00 00 00 00 00 00 00 00 00 00 00 00 00 00 00 00 00 00 00 00 00 00 00 00 00 00 00 00 00 00 00 00 00 00 00 00 00 00 00 00 00 00 00 00 00 00 00 00 00 00 00 00 00 00 00 00 00 00 00 00 00 00 00 00 00 00 00 00 00 00 00 00 00 00 00 00 00 00 00 00 00 00 00 00 00 00 00 00 00 00 00 00 00 00 00 00 00 00 00 00 00 00 00 00 00 00 00 00 00 00 00 00 00 00 00 00 
