================= REPORT SAVE =================

[CCSDS HEADER]
MsgId      : 0x0825
Seq        : 0xC000
Len        : 0x0215
TimeCode   : 00 32 E2 B4 0C 39
Padding    : 0x00000000

[REPORT BODY]
Reflected MID  : 0x1875
Reflected CC   : 0x1A
RetType        : 0x05
RetCode        : -110
RetValSize     : 124

================= PARSED BY MID/CC =================
ReflectedMID : 0x1875
ReflectedCC  : 0x1A
PayloadLen   : 124

[EPS P60 ACU GET TABLE HK]

[Inputs]
c_in[0..5]: 9 18 15 20 16 19
v_in[0..5]: 249 248 248 275 303 291

[Bus/Temp]
vbat: 16222
vcc : 3275
temp[0..2]: 210 210 211

[MPPT]
mppt_mode: 1
vboost[0..5]: 18037 17876 17876 18091 18145 17983
power[0..5]: 2 4 3 5 4 5

[DAC]
dac_en[0..2]: 1 1 1
dac_val[0..5]: 671 665 667 671 673 667

[Boot/Time]
bootcause : 0
bootcnt   : 1
uptime    : 139
resetcause: 0x8D53

[MPPT Timing]
mppt_time  : 22
mppt_period: 1

[Device]
device_type[0..7]: 22 0 49 0 0 0 7 1
device_status[0..7]: 1 3 3 3 4 0 1 1

[WDT]
wdt_cnt_gnd : 65793
wdt_gnd_left: 5

[PAYLOAD HEX]
09 00 12 00 0F 00 14 00 10 00 13 00 F9 00 F8 00 
F8 00 13 01 2F 01 23 01 5E 3F CB 0C D2 00 D2 00 
D3 00 01 00 75 46 D4 45 D4 45 AB 46 E1 46 3F 46 
02 00 04 00 03 00 05 00 04 00 05 00 01 01 01 00 
9F 02 99 02 9B 02 9F 02 A1 02 9B 02 00 00 00 00 
01 00 00 00 8B 00 00 00 53 8D 16 00 01 00 16 00 
31 00 00 00 07 01 01 03 03 03 04 00 01 01 01 01 
01 01 01 00 05 00 00 00 39 A2 02 00 

[RETURN VALUE]
09 00 12 00 0F 00 14 00 10 00 13 00 F9 00 F8 00 
F8 00 13 01 2F 01 23 01 5E 3F CB 0C D2 00 D2 00 
D3 00 01 00 75 46 D4 45 D4 45 AB 46 E1 46 3F 46 
02 00 04 00 03 00 05 00 04 00 05 00 01 01 01 00 
9F 02 99 02 9B 02 9F 02 A1 02 9B 02 00 00 00 00 
01 00 00 00 8B 00 00 00 53 8D 16 00 01 00 16 00 
31 00 00 00 07 01 01 03 03 03 04 00 01 01 01 01 
01 01 01 00 05 00 00 00 39 A2 02 00 

[BINARY DATA]
25 08 00 C0 15 02 00 32 E2 B4 0C 39 00 00 00 00 75 18 1A 05 92 FF FF FF 7C 00 09 00 12 00 0F 00 14 00 10 00 13 00 F9 00 F8 00 F8 00 13 01 2F 01 23 01 5E 3F CB 0C D2 00 D2 00 D3 00 01 00 75 46 D4 45 D4 45 AB 46 E1 46 3F 46 02 00 04 00 03 00 05 00 04 00 05 00 01 01 01 00 9F 02 99 02 9B 02 9F 02 A1 02 9B 02 00 00 00 00 01 00 00 00 8B 00 00 00 53 8D 16 00 01 00 16 00 31 00 00 00 07 01 01 03 03 03 04 00 01 01 01 01 01 01 01 00 05 00 00 00 39 A2 02 00 00 00 00 00 00 00 00 00 00 00 00 00 00 00 00 00 00 00 00 00 00 00 00 00 00 00 00 00 00 00 00 00 00 00 00 00 00 00 00 00 00 00 00 00 00 00 00 00 00 00 00 00 00 00 00 00 00 00 00 00 00 00 00 00 00 00 00 00 00 00 00 00 00 00 00 00 00 00 00 00 00 00 00 00 00 00 00 00 00 00 00 00 00 00 00 00 00 00 00 00 00 00 00 00 00 00 00 00 00 00 00 00 00 00 00 00 00 00 00 00 00 00 00 00 00 00 00 00 00 00 00 00 00 00 00 00 00 00 00 00 00 00 00 00 00 00 00 00 00 00 00 00 00 00 00 00 00 00 00 00 00 00 00 00 00 00 00 00 00 00 00 00 00 00 00 00 00 00 00 00 00 00 00 00 00 00 00 00 00 00 00 00 00 00 00 00 00 00 00 00 00 00 00 00 00 00 00 00 00 00 00 00 00 00 00 00 00 00 00 00 00 00 00 00 00 00 00 00 00 00 00 00 00 00 00 00 00 00 00 00 00 00 00 00 00 00 00 00 00 00 00 00 00 00 00 00 00 00 00 00 00 00 00 00 00 00 00 00 00 00 00 00 00 00 00 00 00 00 00 00 00 00 00 00 00 00 00 00 00 00 00 00 00 00 00 00 00 00 00 00 00 00 00 00 00 00 00 00 00 00 00 00 00 00 00 00 00 00 00 00 00 00 00 00 00 00 00 00 00 00 00 00 00 00 00 00 00 00 00 00 00 00 00 00 00 00 00 00 00 00 00 00 00 00 00 00 00 00 00 00 00 00 00 00 00 00 00 00 00 00 00 00 00 00 00 00 00 00 00 00 00 00 00 00 00 00 00 00 00 00 
