================= REPORT SAVE =================

[CCSDS HEADER]
MsgId      : 0x0825
Seq        : 0xC000
Len        : 0x0215
TimeCode   : 00 2E 42 EE C2 4A
Padding    : 0x00000000

[REPORT BODY]
Reflected MID  : 0x1875
Reflected CC   : 0x1A
RetType        : 0x05
RetCode        : 0
RetValSize     : 124

================= PARSED BY MID/CC =================
ReflectedMID : 0x1875
ReflectedCC  : 0x1A
PayloadLen   : 124

[EPS P60 ACU GET TABLE HK]

[Inputs]
c_in[0..5]: 68 80 245 256 15 134
v_in[0..5]: 6037 6028 6055 6056 6069 6082

[Bus/Temp]
vbat: 16316
vcc : 3275
temp[0..2]: 207 206 209

[MPPT]
mppt_mode: 1
vboost[0..5]: 6048 6048 6048 6048 6048 6048
power[0..5]: 410 482 1483 1550 91 814

[DAC]
dac_en[0..2]: 1 1 1
dac_val[0..5]: 224 224 224 224 224 224

[Boot/Time]
bootcause : 0
bootcnt   : 1
uptime    : 139
resetcause: 0xECFD

[MPPT Timing]
mppt_time  : 17
mppt_period: 1

[Device]
device_type[0..7]: 22 0 49 0 0 0 7 1
device_status[0..7]: 1 3 3 3 4 0 1 1

[WDT]
wdt_cnt_gnd : 65793
wdt_gnd_left: 5

[PAYLOAD HEX]
44 00 50 00 F5 00 00 01 0F 00 86 00 95 17 8C 17 
A7 17 A8 17 B5 17 C2 17 BC 3F CB 0C CF 00 CE 00 
D1 00 01 00 A0 17 A0 17 A0 17 A0 17 A0 17 A0 17 
9A 01 E2 01 CB 05 0E 06 5B 00 2E 03 01 01 01 00 
E0 00 E0 00 E0 00 E0 00 E0 00 E0 00 00 00 00 00 
01 00 00 00 8B 00 00 00 FD EC 11 00 01 00 16 00 
31 00 00 00 07 01 01 03 03 03 04 00 01 01 01 01 
01 01 01 00 05 00 00 00 9B A2 02 00 

[RETURN VALUE]
44 00 50 00 F5 00 00 01 0F 00 86 00 95 17 8C 17 
A7 17 A8 17 B5 17 C2 17 BC 3F CB 0C CF 00 CE 00 
D1 00 01 00 A0 17 A0 17 A0 17 A0 17 A0 17 A0 17 
9A 01 E2 01 CB 05 0E 06 5B 00 2E 03 01 01 01 00 
E0 00 E0 00 E0 00 E0 00 E0 00 E0 00 00 00 00 00 
01 00 00 00 8B 00 00 00 FD EC 11 00 01 00 16 00 
31 00 00 00 07 01 01 03 03 03 04 00 01 01 01 01 
01 01 01 00 05 00 00 00 9B A2 02 00 

[BINARY DATA]
25 08 00 C0 15 02 00 2E 42 EE C2 4A 00 00 00 00 75 18 1A 05 00 00 00 00 7C 00 44 00 50 00 F5 00 00 01 0F 00 86 00 95 17 8C 17 A7 17 A8 17 B5 17 C2 17 BC 3F CB 0C CF 00 CE 00 D1 00 01 00 A0 17 A0 17 A0 17 A0 17 A0 17 A0 17 9A 01 E2 01 CB 05 0E 06 5B 00 2E 03 01 01 01 00 E0 00 E0 00 E0 00 E0 00 E0 00 E0 00 00 00 00 00 01 00 00 00 8B 00 00 00 FD EC 11 00 01 00 16 00 31 00 00 00 07 01 01 03 03 03 04 00 01 01 01 01 01 01 01 00 05 00 00 00 9B A2 02 00 00 00 00 00 00 00 00 00 00 00 00 00 00 00 00 00 00 00 00 00 00 00 00 00 00 00 00 00 00 00 00 00 00 00 00 00 00 00 00 00 00 00 00 00 00 00 00 00 00 00 00 00 00 00 00 00 00 00 00 00 00 00 00 00 00 00 00 00 00 00 00 00 00 00 00 00 00 00 00 00 00 00 00 00 00 00 00 00 00 00 00 00 00 00 00 00 00 00 00 00 00 00 00 00 00 00 00 00 00 00 00 00 00 00 00 00 00 00 00 00 00 00 00 00 00 00 00 00 00 00 00 00 00 00 00 00 00 00 00 00 00 00 00 00 00 00 00 00 00 00 00 00 00 00 00 00 00 00 00 00 00 00 00 00 00 00 00 00 00 00 00 00 00 00 00 00 00 00 00 00 00 00 00 00 00 00 00 00 00 00 00 00 00 00 00 00 00 00 00 00 00 00 00 00 00 00 00 00 00 00 00 00 00 00 00 00 00 00 00 00 00 00 00 00 00 00 00 00 00 00 00 00 00 00 00 00 00 00 00 00 00 00 00 00 00 00 00 00 00 00 00 00 00 00 00 00 00 00 00 00 00 00 00 00 00 00 00 00 00 00 00 00 00 00 00 00 00 00 00 00 00 00 00 00 00 00 00 00 00 00 00 00 00 00 00 00 00 00 00 00 00 00 00 00 00 00 00 00 00 00 00 00 00 00 00 00 00 00 00 00 00 00 00 00 00 00 00 00 00 00 00 00 00 00 00 00 00 00 00 00 00 00 00 00 00 00 00 00 00 00 00 00 00 00 00 00 00 00 00 00 00 00 00 00 00 00 00 00 00 00 00 00 00 00 00 00 00 00 00 00 00 00 00 00 00 00 00 00 00 00 
