================= REPORT SAVE =================

[CCSDS HEADER]
MsgId      : 0x0825
Seq        : 0xC000
Len        : 0x0215
TimeCode   : 00 32 26 26 10 4B
Padding    : 0x00000000

[REPORT BODY]
Reflected MID  : 0x1875
Reflected CC   : 0x1A
RetType        : 0x05
RetCode        : 0
RetValSize     : 124

================= PARSED BY MID/CC =================
ReflectedMID : 0x1875
ReflectedCC  : 0x1A
PayloadLen   : 124

[EPS P60 ACU GET TABLE HK]

[Inputs]
c_in[0..5]: 52 62 84 85 375 116
v_in[0..5]: 7799 7770 7797 7794 7835 7860

[Bus/Temp]
vbat: 16316
vcc : 3275
temp[0..2]: 212 210 215

[MPPT]
mppt_mode: 1
vboost[0..5]: 7661 7661 7661 7661 7661 7661
power[0..5]: 405 481 654 662 2938 911

[DAC]
dac_en[0..2]: 1 1 1
dac_val[0..5]: 286 286 286 286 286 286

[Boot/Time]
bootcause : 0
bootcnt   : 1
uptime    : 139
resetcause: 0xD0AF

[MPPT Timing]
mppt_time  : 21
mppt_period: 1

[Device]
device_type[0..7]: 22 0 49 0 0 0 7 1
device_status[0..7]: 1 3 3 3 4 0 1 1

[WDT]
wdt_cnt_gnd : 65793
wdt_gnd_left: 5

[PAYLOAD HEX]
34 00 3E 00 54 00 55 00 77 01 74 00 77 1E 5A 1E 
75 1E 72 1E 9B 1E B4 1E BC 3F CB 0C D4 00 D2 00 
D7 00 01 00 ED 1D ED 1D ED 1D ED 1D ED 1D ED 1D 
95 01 E1 01 8E 02 96 02 7A 0B 8F 03 01 01 01 00 
1E 01 1E 01 1E 01 1E 01 1E 01 1E 01 00 00 00 00 
01 00 00 00 8B 00 00 00 AF D0 15 00 01 00 16 00 
31 00 00 00 07 01 01 03 03 03 04 00 01 01 01 01 
01 01 01 00 05 00 00 00 6D 0B 02 00 

[RETURN VALUE]
34 00 3E 00 54 00 55 00 77 01 74 00 77 1E 5A 1E 
75 1E 72 1E 9B 1E B4 1E BC 3F CB 0C D4 00 D2 00 
D7 00 01 00 ED 1D ED 1D ED 1D ED 1D ED 1D ED 1D 
95 01 E1 01 8E 02 96 02 7A 0B 8F 03 01 01 01 00 
1E 01 1E 01 1E 01 1E 01 1E 01 1E 01 00 00 00 00 
01 00 00 00 8B 00 00 00 AF D0 15 00 01 00 16 00 
31 00 00 00 07 01 01 03 03 03 04 00 01 01 01 01 
01 01 01 00 05 00 00 00 6D 0B 02 00 

[BINARY DATA]
25 08 00 C0 15 02 00 32 26 26 10 4B 00 00 00 00 75 18 1A 05 00 00 00 00 7C 00 34 00 3E 00 54 00 55 00 77 01 74 00 77 1E 5A 1E 75 1E 72 1E 9B 1E B4 1E BC 3F CB 0C D4 00 D2 00 D7 00 01 00 ED 1D ED 1D ED 1D ED 1D ED 1D ED 1D 95 01 E1 01 8E 02 96 02 7A 0B 8F 03 01 01 01 00 1E 01 1E 01 1E 01 1E 01 1E 01 1E 01 00 00 00 00 01 00 00 00 8B 00 00 00 AF D0 15 00 01 00 16 00 31 00 00 00 07 01 01 03 03 03 04 00 01 01 01 01 01 01 01 00 05 00 00 00 6D 0B 02 00 00 00 00 00 00 00 00 00 00 00 00 00 00 00 00 00 00 00 00 00 00 00 00 00 00 00 00 00 00 00 00 00 00 00 00 00 00 00 00 00 00 00 00 00 00 00 00 00 00 00 00 00 00 00 00 00 00 00 00 00 00 00 00 00 00 00 00 00 00 00 00 00 00 00 00 00 00 00 00 00 00 00 00 00 00 00 00 00 00 00 00 00 00 00 00 00 00 00 00 00 00 00 00 00 00 00 00 00 00 00 00 00 00 00 00 00 00 00 00 00 00 00 00 00 00 00 00 00 00 00 00 00 00 00 00 00 00 00 00 00 00 00 00 00 00 00 00 00 00 00 00 00 00 00 00 00 00 00 00 00 00 00 00 00 00 00 00 00 00 00 00 00 00 00 00 00 00 00 00 00 00 00 00 00 00 00 00 00 00 00 00 00 00 00 00 00 00 00 00 00 00 00 00 00 00 00 00 00 00 00 00 00 00 00 00 00 00 00 00 00 00 00 00 00 00 00 00 00 00 00 00 00 00 00 00 00 00 00 00 00 00 00 00 00 00 00 00 00 00 00 00 00 00 00 00 00 00 00 00 00 00 00 00 00 00 00 00 00 00 00 00 00 00 00 00 00 00 00 00 00 00 00 00 00 00 00 00 00 00 00 00 00 00 00 00 00 00 00 00 00 00 00 00 00 00 00 00 00 00 00 00 00 00 00 00 00 00 00 00 00 00 00 00 00 00 00 00 00 00 00 00 00 00 00 00 00 00 00 00 00 00 00 00 00 00 00 00 00 00 00 00 00 00 00 00 00 00 00 00 00 00 00 00 00 00 00 00 00 00 00 00 00 00 00 00 00 00 00 00 00 00 00 00 00 00 00 00 00 00 00 
