================= REPORT SAVE =================

[CCSDS HEADER]
MsgId      : 0x0825
Seq        : 0xC000
Len        : 0x0215
TimeCode   : 00 3C AB 67 BA D2
Padding    : 0x00000000

[REPORT BODY]
Reflected MID  : 0x1875
Reflected CC   : 0x1A
RetType        : 0x05
RetCode        : 0
RetValSize     : 124

================= PARSED BY MID/CC =================
ReflectedMID : 0x1875
ReflectedCC  : 0x1A
PayloadLen   : 124

[EPS P60 ACU GET TABLE HK]

[Inputs]
c_in[0..5]: 51 61 53 49 14 12
v_in[0..5]: 16862 16840 16840 16816 14581 15262

[Bus/Temp]
vbat: 16253
vcc : 3275
temp[0..2]: 185 185 186

[MPPT]
mppt_mode: 1
vboost[0..5]: 17876 17392 18467 17016 18145 17930
power[0..5]: 859 1027 892 823 204 183

[DAC]
dac_en[0..2]: 1 1 1
dac_val[0..5]: 665 647 685 633 677 669

[Boot/Time]
bootcause : 3044749176
bootcnt   : 1
uptime    : 141
resetcause: 0xEA58

[MPPT Timing]
mppt_time  : 1
mppt_period: 1

[Device]
device_type[0..7]: 22 0 49 0 0 0 7 1
device_status[0..7]: 1 3 3 3 4 0 1 1

[WDT]
wdt_cnt_gnd : 65793
wdt_gnd_left: 5

[PAYLOAD HEX]
33 00 3D 00 35 00 31 00 0E 00 0C 00 DE 41 C8 41 
C8 41 B0 41 F5 38 9E 3B 7D 3F CB 0C B9 00 B9 00 
BA 00 01 00 D4 45 F0 43 23 48 78 42 E1 46 0A 46 
5B 03 03 04 7C 03 37 03 CC 00 B7 00 01 01 01 00 
99 02 87 02 AD 02 79 02 A5 02 9D 02 78 2F 7B B5 
01 00 00 00 8D 00 00 00 58 EA 01 00 01 00 16 00 
31 00 00 00 07 01 01 03 03 03 04 00 01 01 01 01 
01 01 01 00 05 00 00 00 A1 A2 02 00 

[RETURN VALUE]
33 00 3D 00 35 00 31 00 0E 00 0C 00 DE 41 C8 41 
C8 41 B0 41 F5 38 9E 3B 7D 3F CB 0C B9 00 B9 00 
BA 00 01 00 D4 45 F0 43 23 48 78 42 E1 46 0A 46 
5B 03 03 04 7C 03 37 03 CC 00 B7 00 01 01 01 00 
99 02 87 02 AD 02 79 02 A5 02 9D 02 78 2F 7B B5 
01 00 00 00 8D 00 00 00 58 EA 01 00 01 00 16 00 
31 00 00 00 07 01 01 03 03 03 04 00 01 01 01 01 
01 01 01 00 05 00 00 00 A1 A2 02 00 

[BINARY DATA]
25 08 00 C0 15 02 00 3C AB 67 BA D2 00 00 00 00 75 18 1A 05 00 00 00 00 7C 00 33 00 3D 00 35 00 31 00 0E 00 0C 00 DE 41 C8 41 C8 41 B0 41 F5 38 9E 3B 7D 3F CB 0C B9 00 B9 00 BA 00 01 00 D4 45 F0 43 23 48 78 42 E1 46 0A 46 5B 03 03 04 7C 03 37 03 CC 00 B7 00 01 01 01 00 99 02 87 02 AD 02 79 02 A5 02 9D 02 78 2F 7B B5 01 00 00 00 8D 00 00 00 58 EA 01 00 01 00 16 00 31 00 00 00 07 01 01 03 03 03 04 00 01 01 01 01 01 01 01 00 05 00 00 00 A1 A2 02 00 00 00 00 00 00 00 00 00 00 00 00 00 00 00 00 00 00 00 00 00 00 00 00 00 00 00 00 00 00 00 00 00 00 00 00 00 00 00 00 00 00 00 00 00 00 00 00 00 00 00 00 00 00 00 00 00 00 00 00 00 00 00 00 00 00 00 00 00 00 00 00 00 00 00 00 00 00 00 00 00 00 00 00 00 00 00 00 00 00 00 00 00 00 00 00 00 00 00 00 00 00 00 00 00 00 00 00 00 00 00 00 00 00 00 00 00 00 00 00 00 00 00 00 00 00 00 00 00 00 00 00 00 00 00 00 00 00 00 00 00 00 00 00 00 00 00 00 00 00 00 00 00 00 00 00 00 00 00 00 00 00 00 00 00 00 00 00 00 00 00 00 00 00 00 00 00 00 00 00 00 00 00 00 00 00 00 00 00 00 00 00 00 00 00 00 00 00 00 00 00 00 00 00 00 00 00 00 00 00 00 00 00 00 00 00 00 00 00 00 00 00 00 00 00 00 00 00 00 00 00 00 00 00 00 00 00 00 00 00 00 00 00 00 00 00 00 00 00 00 00 00 00 00 00 00 00 00 00 00 00 00 00 00 00 00 00 00 00 00 00 00 00 00 00 00 00 00 00 00 00 00 00 00 00 00 00 00 00 00 00 00 00 00 00 00 00 00 00 00 00 00 00 00 00 00 00 00 00 00 00 00 00 00 00 00 00 00 00 00 00 00 00 00 00 00 00 00 00 00 00 00 00 00 00 00 00 00 00 00 00 00 00 00 00 00 00 00 00 00 00 00 00 00 00 00 00 00 00 00 00 00 00 00 00 00 00 00 00 00 00 00 00 00 00 00 00 00 00 00 00 00 00 00 00 00 00 00 00 00 00 
