================= REPORT SAVE =================

[CCSDS HEADER]
MsgId      : 0x0825
Seq        : 0xC000
Len        : 0x0215
TimeCode   : 00 3C AB 4B 96 BF
Padding    : 0x00000000

[REPORT BODY]
Reflected MID  : 0x1875
Reflected CC   : 0x1A
RetType        : 0x05
RetCode        : 0
RetValSize     : 124

================= PARSED BY MID/CC =================
ReflectedMID : 0x1875
ReflectedCC  : 0x1A
PayloadLen   : 124

[EPS P60 ACU GET TABLE HK]

[Inputs]
c_in[0..5]: 55 64 55 51 14 12
v_in[0..5]: 16876 16853 16853 16816 14733 15290

[Bus/Temp]
vbat: 16253
vcc : 3275
temp[0..2]: 185 184 185

[MPPT]
mppt_mode: 1
vboost[0..5]: 17822 17715 17768 17526 17930 18091
power[0..5]: 928 1078 926 857 206 183

[DAC]
dac_en[0..2]: 1 1 1
dac_val[0..5]: 659 663 661 650 673 669

[Boot/Time]
bootcause : 3044749176
bootcnt   : 1
uptime    : 141
resetcause: 0xEA3B

[MPPT Timing]
mppt_time  : 1
mppt_period: 1

[Device]
device_type[0..7]: 22 0 49 0 0 0 7 1
device_status[0..7]: 1 3 3 3 4 0 1 1

[WDT]
wdt_cnt_gnd : 65793
wdt_gnd_left: 5

[PAYLOAD HEX]
37 00 40 00 37 00 33 00 0E 00 0C 00 EC 41 D5 41 
D5 41 B0 41 8D 39 BA 3B 7D 3F CB 0C B9 00 B8 00 
B9 00 01 00 9E 45 33 45 68 45 76 44 0A 46 AB 46 
A0 03 36 04 9E 03 59 03 CE 00 B7 00 01 01 01 00 
93 02 97 02 95 02 8A 02 A1 02 9D 02 78 2F 7B B5 
01 00 00 00 8D 00 00 00 3B EA 01 00 01 00 16 00 
31 00 00 00 07 01 01 03 03 03 04 00 01 01 01 01 
01 01 01 00 05 00 00 00 BE A2 02 00 

[RETURN VALUE]
37 00 40 00 37 00 33 00 0E 00 0C 00 EC 41 D5 41 
D5 41 B0 41 8D 39 BA 3B 7D 3F CB 0C B9 00 B8 00 
B9 00 01 00 9E 45 33 45 68 45 76 44 0A 46 AB 46 
A0 03 36 04 9E 03 59 03 CE 00 B7 00 01 01 01 00 
93 02 97 02 95 02 8A 02 A1 02 9D 02 78 2F 7B B5 
01 00 00 00 8D 00 00 00 3B EA 01 00 01 00 16 00 
31 00 00 00 07 01 01 03 03 03 04 00 01 01 01 01 
01 01 01 00 05 00 00 00 BE A2 02 00 

[BINARY DATA]
25 08 00 C0 15 02 00 3C AB 4B 96 BF 00 00 00 00 75 18 1A 05 00 00 00 00 7C 00 37 00 40 00 37 00 33 00 0E 00 0C 00 EC 41 D5 41 D5 41 B0 41 8D 39 BA 3B 7D 3F CB 0C B9 00 B8 00 B9 00 01 00 9E 45 33 45 68 45 76 44 0A 46 AB 46 A0 03 36 04 9E 03 59 03 CE 00 B7 00 01 01 01 00 93 02 97 02 95 02 8A 02 A1 02 9D 02 78 2F 7B B5 01 00 00 00 8D 00 00 00 3B EA 01 00 01 00 16 00 31 00 00 00 07 01 01 03 03 03 04 00 01 01 01 01 01 01 01 00 05 00 00 00 BE A2 02 00 00 00 00 00 00 00 00 00 00 00 00 00 00 00 00 00 00 00 00 00 00 00 00 00 00 00 00 00 00 00 00 00 00 00 00 00 00 00 00 00 00 00 00 00 00 00 00 00 00 00 00 00 00 00 00 00 00 00 00 00 00 00 00 00 00 00 00 00 00 00 00 00 00 00 00 00 00 00 00 00 00 00 00 00 00 00 00 00 00 00 00 00 00 00 00 00 00 00 00 00 00 00 00 00 00 00 00 00 00 00 00 00 00 00 00 00 00 00 00 00 00 00 00 00 00 00 00 00 00 00 00 00 00 00 00 00 00 00 00 00 00 00 00 00 00 00 00 00 00 00 00 00 00 00 00 00 00 00 00 00 00 00 00 00 00 00 00 00 00 00 00 00 00 00 00 00 00 00 00 00 00 00 00 00 00 00 00 00 00 00 00 00 00 00 00 00 00 00 00 00 00 00 00 00 00 00 00 00 00 00 00 00 00 00 00 00 00 00 00 00 00 00 00 00 00 00 00 00 00 00 00 00 00 00 00 00 00 00 00 00 00 00 00 00 00 00 00 00 00 00 00 00 00 00 00 00 00 00 00 00 00 00 00 00 00 00 00 00 00 00 00 00 00 00 00 00 00 00 00 00 00 00 00 00 00 00 00 00 00 00 00 00 00 00 00 00 00 00 00 00 00 00 00 00 00 00 00 00 00 00 00 00 00 00 00 00 00 00 00 00 00 00 00 00 00 00 00 00 00 00 00 00 00 00 00 00 00 00 00 00 00 00 00 00 00 00 00 00 00 00 00 00 00 00 00 00 00 00 00 00 00 00 00 00 00 00 00 00 00 00 00 00 00 00 00 00 00 00 00 00 00 00 00 00 00 00 00 00 00 00 
