================= REPORT SAVE =================

[CCSDS HEADER]
MsgId      : 0x0825
Seq        : 0xC000
Len        : 0x0215
TimeCode   : 00 2E 43 8E C0 3E
Padding    : 0x00000000

[REPORT BODY]
Reflected MID  : 0x1875
Reflected CC   : 0x1A
RetType        : 0x05
RetCode        : 0
RetValSize     : 124

================= PARSED BY MID/CC =================
ReflectedMID : 0x1875
ReflectedCC  : 0x1A
PayloadLen   : 124

[EPS P60 ACU GET TABLE HK]

[Inputs]
c_in[0..5]: 237 238 103 109 322 38
v_in[0..5]: 4704 4728 4728 4690 4773 4749

[Bus/Temp]
vbat: 16316
vcc : 3275
temp[0..2]: 212 210 214

[MPPT]
mppt_mode: 1
vboost[0..5]: 4784 4784 4784 4731 4784 4784
power[0..5]: 1114 1125 486 511 1536 180

[DAC]
dac_en[0..2]: 1 1 1
dac_val[0..5]: 178 178 178 178 178 178

[Boot/Time]
bootcause : 0
bootcnt   : 1
uptime    : 139
resetcause: 0xED9D

[MPPT Timing]
mppt_time  : 17
mppt_period: 1

[Device]
device_type[0..7]: 22 0 49 0 0 0 7 1
device_status[0..7]: 1 3 3 3 4 0 1 1

[WDT]
wdt_cnt_gnd : 65793
wdt_gnd_left: 5

[PAYLOAD HEX]
ED 00 EE 00 67 00 6D 00 42 01 26 00 60 12 78 12 
78 12 52 12 A5 12 8D 12 BC 3F CB 0C D4 00 D2 00 
D6 00 01 00 B0 12 B0 12 B0 12 7B 12 B0 12 B0 12 
5A 04 65 04 E6 01 FF 01 00 06 B4 00 01 01 01 00 
B2 00 B2 00 B2 00 B2 00 B2 00 B2 00 00 00 00 00 
01 00 00 00 8B 00 00 00 9D ED 11 00 01 00 16 00 
31 00 00 00 07 01 01 03 03 03 04 00 01 01 01 01 
01 01 01 00 05 00 00 00 FB A1 02 00 

[RETURN VALUE]
ED 00 EE 00 67 00 6D 00 42 01 26 00 60 12 78 12 
78 12 52 12 A5 12 8D 12 BC 3F CB 0C D4 00 D2 00 
D6 00 01 00 B0 12 B0 12 B0 12 7B 12 B0 12 B0 12 
5A 04 65 04 E6 01 FF 01 00 06 B4 00 01 01 01 00 
B2 00 B2 00 B2 00 B2 00 B2 00 B2 00 00 00 00 00 
01 00 00 00 8B 00 00 00 9D ED 11 00 01 00 16 00 
31 00 00 00 07 01 01 03 03 03 04 00 01 01 01 01 
01 01 01 00 05 00 00 00 FB A1 02 00 

[BINARY DATA]
25 08 00 C0 15 02 00 2E 43 8E C0 3E 00 00 00 00 75 18 1A 05 00 00 00 00 7C 00 ED 00 EE 00 67 00 6D 00 42 01 26 00 60 12 78 12 78 12 52 12 A5 12 8D 12 BC 3F CB 0C D4 00 D2 00 D6 00 01 00 B0 12 B0 12 B0 12 7B 12 B0 12 B0 12 5A 04 65 04 E6 01 FF 01 00 06 B4 00 01 01 01 00 B2 00 B2 00 B2 00 B2 00 B2 00 B2 00 00 00 00 00 01 00 00 00 8B 00 00 00 9D ED 11 00 01 00 16 00 31 00 00 00 07 01 01 03 03 03 04 00 01 01 01 01 01 01 01 00 05 00 00 00 FB A1 02 00 00 00 00 00 00 00 00 00 00 00 00 00 00 00 00 00 00 00 00 00 00 00 00 00 00 00 00 00 00 00 00 00 00 00 00 00 00 00 00 00 00 00 00 00 00 00 00 00 00 00 00 00 00 00 00 00 00 00 00 00 00 00 00 00 00 00 00 00 00 00 00 00 00 00 00 00 00 00 00 00 00 00 00 00 00 00 00 00 00 00 00 00 00 00 00 00 00 00 00 00 00 00 00 00 00 00 00 00 00 00 00 00 00 00 00 00 00 00 00 00 00 00 00 00 00 00 00 00 00 00 00 00 00 00 00 00 00 00 00 00 00 00 00 00 00 00 00 00 00 00 00 00 00 00 00 00 00 00 00 00 00 00 00 00 00 00 00 00 00 00 00 00 00 00 00 00 00 00 00 00 00 00 00 00 00 00 00 00 00 00 00 00 00 00 00 00 00 00 00 00 00 00 00 00 00 00 00 00 00 00 00 00 00 00 00 00 00 00 00 00 00 00 00 00 00 00 00 00 00 00 00 00 00 00 00 00 00 00 00 00 00 00 00 00 00 00 00 00 00 00 00 00 00 00 00 00 00 00 00 00 00 00 00 00 00 00 00 00 00 00 00 00 00 00 00 00 00 00 00 00 00 00 00 00 00 00 00 00 00 00 00 00 00 00 00 00 00 00 00 00 00 00 00 00 00 00 00 00 00 00 00 00 00 00 00 00 00 00 00 00 00 00 00 00 00 00 00 00 00 00 00 00 00 00 00 00 00 00 00 00 00 00 00 00 00 00 00 00 00 00 00 00 00 00 00 00 00 00 00 00 00 00 00 00 00 00 00 00 00 00 00 00 00 00 00 00 00 00 00 00 00 00 00 00 00 00 00 00 00 00 
