================= REPORT SAVE =================

[CCSDS HEADER]
MsgId      : 0x2508
Seq        : 0x00C0
Len        : 0x1502
TimeCode   : 00 27 A1 1A F2 3D
Padding    : 0x00000000

[REPORT BODY]
Reflected MID  : 0x1875
Reflected CC   : 0x14
RetType        : 0x05
RetCode        : 0
RetValSize     : 188

[RETURN VALUE]
36 00 3B 00 10 00 00 00 09 00 00 00 F8 FF F8 FF 
1C 00 0B 02 12 00 09 00 15 00 00 00 00 00 00 00 
00 00 84 3F 84 3F 04 01 13 01 7E 3F 00 00 00 00 
00 00 00 00 01 01 00 00 01 01 00 00 01 01 01 00 
00 00 00 00 D4 00 D2 00 00 01 00 00 A2 00 00 00 
5E 4A 0B 00 01 00 03 00 01 00 00 00 00 00 00 00 
00 00 00 00 00 00 00 00 00 00 00 00 00 00 00 00 
00 00 00 00 80 3F 94 FF 40 00 83 3F 00 00 

[BINARY DATA]
08 25 C0 00 02 15 00 27 A1 1A F2 3D 00 00 00 00 75 18 14 05 00 00 00 00 BC 00 36 00 3B 00 10 00 00 00 09 00 00 00 F8 FF F8 FF 1C 00 0B 02 12 00 09 00 15 00 00 00 00 00 00 00 00 00 84 3F 84 3F 04 01 13 01 7E 3F 00 00 00 00 00 00 00 00 01 01 00 00 01 01 00 00 01 01 01 00 00 00 00 00 D4 00 D2 00 00 01 00 00 A2 00 00 00 5E 4A 0B 00 01 00 03 00 01 00 00 00 00 00 00 00 00 00 00 00 00 00 00 00 00 00 00 00 00 00 00 00 00 00 00 00 80 3F 94 FF 40 00 83 3F 00 00 
