================= REPORT SAVE =================

[CCSDS HEADER]
MsgId      : 0x0825
Seq        : 0xC000
Len        : 0x0215
TimeCode   : 00 2E 42 DA 8A 43
Padding    : 0x00000000

[REPORT BODY]
Reflected MID  : 0x1875
Reflected CC   : 0x1A
RetType        : 0x05
RetCode        : 0
RetValSize     : 124

================= PARSED BY MID/CC =================
ReflectedMID : 0x1875
ReflectedCC  : 0x1A
PayloadLen   : 124

[EPS P60 ACU GET TABLE HK]

[Inputs]
c_in[0..5]: 71 83 194 203 22 210
v_in[0..5]: 6231 6221 6263 6249 6249 6277

[Bus/Temp]
vbat: 16316
vcc : 3275
temp[0..2]: 207 206 209

[MPPT]
mppt_mode: 1
vboost[0..5]: 6236 6236 6236 6236 6236 6236
power[0..5]: 442 516 1215 1268 137 1318

[DAC]
dac_en[0..2]: 1 1 1
dac_val[0..5]: 232 232 232 232 232 232

[Boot/Time]
bootcause : 0
bootcnt   : 1
uptime    : 139
resetcause: 0xECE9

[MPPT Timing]
mppt_time  : 17
mppt_period: 1

[Device]
device_type[0..7]: 22 0 49 0 0 0 7 1
device_status[0..7]: 1 3 3 3 4 0 1 1

[WDT]
wdt_cnt_gnd : 65793
wdt_gnd_left: 5

[PAYLOAD HEX]
47 00 53 00 C2 00 CB 00 16 00 D2 00 57 18 4D 18 
77 18 69 18 69 18 85 18 BC 3F CB 0C CF 00 CE 00 
D1 00 01 00 5C 18 5C 18 5C 18 5C 18 5C 18 5C 18 
BA 01 04 02 BF 04 F4 04 89 00 26 05 01 01 01 00 
E8 00 E8 00 E8 00 E8 00 E8 00 E8 00 00 00 00 00 
01 00 00 00 8B 00 00 00 E9 EC 11 00 01 00 16 00 
31 00 00 00 07 01 01 03 03 03 04 00 01 01 01 01 
01 01 01 00 05 00 00 00 AF A2 02 00 

[RETURN VALUE]
47 00 53 00 C2 00 CB 00 16 00 D2 00 57 18 4D 18 
77 18 69 18 69 18 85 18 BC 3F CB 0C CF 00 CE 00 
D1 00 01 00 5C 18 5C 18 5C 18 5C 18 5C 18 5C 18 
BA 01 04 02 BF 04 F4 04 89 00 26 05 01 01 01 00 
E8 00 E8 00 E8 00 E8 00 E8 00 E8 00 00 00 00 00 
01 00 00 00 8B 00 00 00 E9 EC 11 00 01 00 16 00 
31 00 00 00 07 01 01 03 03 03 04 00 01 01 01 01 
01 01 01 00 05 00 00 00 AF A2 02 00 

[BINARY DATA]
25 08 00 C0 15 02 00 2E 42 DA 8A 43 00 00 00 00 75 18 1A 05 00 00 00 00 7C 00 47 00 53 00 C2 00 CB 00 16 00 D2 00 57 18 4D 18 77 18 69 18 69 18 85 18 BC 3F CB 0C CF 00 CE 00 D1 00 01 00 5C 18 5C 18 5C 18 5C 18 5C 18 5C 18 BA 01 04 02 BF 04 F4 04 89 00 26 05 01 01 01 00 E8 00 E8 00 E8 00 E8 00 E8 00 E8 00 00 00 00 00 01 00 00 00 8B 00 00 00 E9 EC 11 00 01 00 16 00 31 00 00 00 07 01 01 03 03 03 04 00 01 01 01 01 01 01 01 00 05 00 00 00 AF A2 02 00 00 00 00 00 00 00 00 00 00 00 00 00 00 00 00 00 00 00 00 00 00 00 00 00 00 00 00 00 00 00 00 00 00 00 00 00 00 00 00 00 00 00 00 00 00 00 00 00 00 00 00 00 00 00 00 00 00 00 00 00 00 00 00 00 00 00 00 00 00 00 00 00 00 00 00 00 00 00 00 00 00 00 00 00 00 00 00 00 00 00 00 00 00 00 00 00 00 00 00 00 00 00 00 00 00 00 00 00 00 00 00 00 00 00 00 00 00 00 00 00 00 00 00 00 00 00 00 00 00 00 00 00 00 00 00 00 00 00 00 00 00 00 00 00 00 00 00 00 00 00 00 00 00 00 00 00 00 00 00 00 00 00 00 00 00 00 00 00 00 00 00 00 00 00 00 00 00 00 00 00 00 00 00 00 00 00 00 00 00 00 00 00 00 00 00 00 00 00 00 00 00 00 00 00 00 00 00 00 00 00 00 00 00 00 00 00 00 00 00 00 00 00 00 00 00 00 00 00 00 00 00 00 00 00 00 00 00 00 00 00 00 00 00 00 00 00 00 00 00 00 00 00 00 00 00 00 00 00 00 00 00 00 00 00 00 00 00 00 00 00 00 00 00 00 00 00 00 00 00 00 00 00 00 00 00 00 00 00 00 00 00 00 00 00 00 00 00 00 00 00 00 00 00 00 00 00 00 00 00 00 00 00 00 00 00 00 00 00 00 00 00 00 00 00 00 00 00 00 00 00 00 00 00 00 00 00 00 00 00 00 00 00 00 00 00 00 00 00 00 00 00 00 00 00 00 00 00 00 00 00 00 00 00 00 00 00 00 00 00 00 00 00 00 00 00 00 00 00 00 00 00 00 00 00 00 00 00 00 00 00 
