================= REPORT SAVE =================

[CCSDS HEADER]
MsgId      : 0x0825
Seq        : 0xC000
Len        : 0x0215
TimeCode   : 00 2F 81 11 1E 38
Padding    : 0x00000000

[REPORT BODY]
Reflected MID  : 0x1875
Reflected CC   : 0x1A
RetType        : 0x05
RetCode        : 0
RetValSize     : 124

================= PARSED BY MID/CC =================
ReflectedMID : 0x1875
ReflectedCC  : 0x1A
PayloadLen   : 124

[EPS P60 ACU GET TABLE HK]

[Inputs]
c_in[0..5]: 7 18 192 192 78 29
v_in[0..5]: 4704 3166 11019 11008 11036 11082

[Bus/Temp]
vbat: 16285
vcc : 3275
temp[0..2]: 225 223 227

[MPPT]
mppt_mode: 1
vboost[0..5]: 10806 10806 10806 10806 10806 10806
power[0..5]: 32 56 2115 2113 860 321

[DAC]
dac_en[0..2]: 1 1 1
dac_val[0..5]: 401 401 401 401 399 401

[Boot/Time]
bootcause : 0
bootcnt   : 1
uptime    : 139
resetcause: 0x2B46

[MPPT Timing]
mppt_time  : 19
mppt_period: 1

[Device]
device_type[0..7]: 22 0 49 0 0 0 7 1
device_status[0..7]: 1 3 3 3 4 0 1 1

[WDT]
wdt_cnt_gnd : 65793
wdt_gnd_left: 5

[PAYLOAD HEX]
07 00 12 00 C0 00 C0 00 4E 00 1D 00 60 12 5E 0C 
0B 2B 00 2B 1C 2B 4A 2B 9D 3F CB 0C E1 00 DF 00 
E3 00 01 00 36 2A 36 2A 36 2A 36 2A 36 2A 36 2A 
20 00 38 00 43 08 41 08 5C 03 41 01 01 01 01 00 
91 01 91 01 91 01 91 01 8F 01 91 01 00 00 00 00 
01 00 00 00 8B 00 00 00 46 2B 13 00 01 00 16 00 
31 00 00 00 07 01 01 03 03 03 04 00 01 01 01 01 
01 01 01 00 05 00 00 00 A3 A1 02 00 

[RETURN VALUE]
07 00 12 00 C0 00 C0 00 4E 00 1D 00 60 12 5E 0C 
0B 2B 00 2B 1C 2B 4A 2B 9D 3F CB 0C E1 00 DF 00 
E3 00 01 00 36 2A 36 2A 36 2A 36 2A 36 2A 36 2A 
20 00 38 00 43 08 41 08 5C 03 41 01 01 01 01 00 
91 01 91 01 91 01 91 01 8F 01 91 01 00 00 00 00 
01 00 00 00 8B 00 00 00 46 2B 13 00 01 00 16 00 
31 00 00 00 07 01 01 03 03 03 04 00 01 01 01 01 
01 01 01 00 05 00 00 00 A3 A1 02 00 

[BINARY DATA]
25 08 00 C0 15 02 00 2F 81 11 1E 38 00 00 00 00 75 18 1A 05 00 00 00 00 7C 00 07 00 12 00 C0 00 C0 00 4E 00 1D 00 60 12 5E 0C 0B 2B 00 2B 1C 2B 4A 2B 9D 3F CB 0C E1 00 DF 00 E3 00 01 00 36 2A 36 2A 36 2A 36 2A 36 2A 36 2A 20 00 38 00 43 08 41 08 5C 03 41 01 01 01 01 00 91 01 91 01 91 01 91 01 8F 01 91 01 00 00 00 00 01 00 00 00 8B 00 00 00 46 2B 13 00 01 00 16 00 31 00 00 00 07 01 01 03 03 03 04 00 01 01 01 01 01 01 01 00 05 00 00 00 A3 A1 02 00 00 00 00 00 00 00 00 00 00 00 00 00 00 00 00 00 00 00 00 00 00 00 00 00 00 00 00 00 00 00 00 00 00 00 00 00 00 00 00 00 00 00 00 00 00 00 00 00 00 00 00 00 00 00 00 00 00 00 00 00 00 00 00 00 00 00 00 00 00 00 00 00 00 00 00 00 00 00 00 00 00 00 00 00 00 00 00 00 00 00 00 00 00 00 00 00 00 00 00 00 00 00 00 00 00 00 00 00 00 00 00 00 00 00 00 00 00 00 00 00 00 00 00 00 00 00 00 00 00 00 00 00 00 00 00 00 00 00 00 00 00 00 00 00 00 00 00 00 00 00 00 00 00 00 00 00 00 00 00 00 00 00 00 00 00 00 00 00 00 00 00 00 00 00 00 00 00 00 00 00 00 00 00 00 00 00 00 00 00 00 00 00 00 00 00 00 00 00 00 00 00 00 00 00 00 00 00 00 00 00 00 00 00 00 00 00 00 00 00 00 00 00 00 00 00 00 00 00 00 00 00 00 00 00 00 00 00 00 00 00 00 00 00 00 00 00 00 00 00 00 00 00 00 00 00 00 00 00 00 00 00 00 00 00 00 00 00 00 00 00 00 00 00 00 00 00 00 00 00 00 00 00 00 00 00 00 00 00 00 00 00 00 00 00 00 00 00 00 00 00 00 00 00 00 00 00 00 00 00 00 00 00 00 00 00 00 00 00 00 00 00 00 00 00 00 00 00 00 00 00 00 00 00 00 00 00 00 00 00 00 00 00 00 00 00 00 00 00 00 00 00 00 00 00 00 00 00 00 00 00 00 00 00 00 00 00 00 00 00 00 00 00 00 00 00 00 00 00 00 00 00 00 00 00 00 00 00 00 00 00 
