================= REPORT SAVE =================

[CCSDS HEADER]
MsgId      : 0x0825
Seq        : 0xC000
Len        : 0x0215
TimeCode   : 00 3C AC 17 48 D8
Padding    : 0x00000000

[REPORT BODY]
Reflected MID  : 0x1875
Reflected CC   : 0x1A
RetType        : 0x05
RetCode        : 0
RetValSize     : 124

================= PARSED BY MID/CC =================
ReflectedMID : 0x1875
ReflectedCC  : 0x1A
PayloadLen   : 124

[EPS P60 ACU GET TABLE HK]

[Inputs]
c_in[0..5]: 57 71 63 58 14 12
v_in[0..5]: 16890 16853 16853 16816 14236 14860

[Bus/Temp]
vbat: 16253
vcc : 3275
temp[0..2]: 195 195 196

[MPPT]
mppt_mode: 1
vboost[0..5]: 17016 17258 17741 18279 18091 17822
power[0..5]: 962 1196 1061 975 199 178

[DAC]
dac_en[0..2]: 1 1 1
dac_val[0..5]: 635 640 660 678 675 665

[Boot/Time]
bootcause : 3044749176
bootcnt   : 1
uptime    : 141
resetcause: 0xEB07

[MPPT Timing]
mppt_time  : 1
mppt_period: 1

[Device]
device_type[0..7]: 22 0 49 0 0 0 7 1
device_status[0..7]: 1 3 3 3 4 0 1 1

[WDT]
wdt_cnt_gnd : 65793
wdt_gnd_left: 5

[PAYLOAD HEX]
39 00 47 00 3F 00 3A 00 0E 00 0C 00 FA 41 D5 41 
D5 41 B0 41 9C 37 0C 3A 7D 3F CB 0C C3 00 C3 00 
C4 00 01 00 78 42 6A 43 4D 45 67 47 AB 46 9E 45 
C2 03 AC 04 25 04 CF 03 C7 00 B2 00 01 01 01 00 
7B 02 80 02 94 02 A6 02 A3 02 99 02 78 2F 7B B5 
01 00 00 00 8D 00 00 00 07 EB 01 00 01 00 16 00 
31 00 00 00 07 01 01 03 03 03 04 00 01 01 01 01 
01 01 01 00 05 00 00 00 F2 A1 02 00 

[RETURN VALUE]
39 00 47 00 3F 00 3A 00 0E 00 0C 00 FA 41 D5 41 
D5 41 B0 41 9C 37 0C 3A 7D 3F CB 0C C3 00 C3 00 
C4 00 01 00 78 42 6A 43 4D 45 67 47 AB 46 9E 45 
C2 03 AC 04 25 04 CF 03 C7 00 B2 00 01 01 01 00 
7B 02 80 02 94 02 A6 02 A3 02 99 02 78 2F 7B B5 
01 00 00 00 8D 00 00 00 07 EB 01 00 01 00 16 00 
31 00 00 00 07 01 01 03 03 03 04 00 01 01 01 01 
01 01 01 00 05 00 00 00 F2 A1 02 00 

[BINARY DATA]
25 08 00 C0 15 02 00 3C AC 17 48 D8 00 00 00 00 75 18 1A 05 00 00 00 00 7C 00 39 00 47 00 3F 00 3A 00 0E 00 0C 00 FA 41 D5 41 D5 41 B0 41 9C 37 0C 3A 7D 3F CB 0C C3 00 C3 00 C4 00 01 00 78 42 6A 43 4D 45 67 47 AB 46 9E 45 C2 03 AC 04 25 04 CF 03 C7 00 B2 00 01 01 01 00 7B 02 80 02 94 02 A6 02 A3 02 99 02 78 2F 7B B5 01 00 00 00 8D 00 00 00 07 EB 01 00 01 00 16 00 31 00 00 00 07 01 01 03 03 03 04 00 01 01 01 01 01 01 01 00 05 00 00 00 F2 A1 02 00 00 00 00 00 00 00 00 00 00 00 00 00 00 00 00 00 00 00 00 00 00 00 00 00 00 00 00 00 00 00 00 00 00 00 00 00 00 00 00 00 00 00 00 00 00 00 00 00 00 00 00 00 00 00 00 00 00 00 00 00 00 00 00 00 00 00 00 00 00 00 00 00 00 00 00 00 00 00 00 00 00 00 00 00 00 00 00 00 00 00 00 00 00 00 00 00 00 00 00 00 00 00 00 00 00 00 00 00 00 00 00 00 00 00 00 00 00 00 00 00 00 00 00 00 00 00 00 00 00 00 00 00 00 00 00 00 00 00 00 00 00 00 00 00 00 00 00 00 00 00 00 00 00 00 00 00 00 00 00 00 00 00 00 00 00 00 00 00 00 00 00 00 00 00 00 00 00 00 00 00 00 00 00 00 00 00 00 00 00 00 00 00 00 00 00 00 00 00 00 00 00 00 00 00 00 00 00 00 00 00 00 00 00 00 00 00 00 00 00 00 00 00 00 00 00 00 00 00 00 00 00 00 00 00 00 00 00 00 00 00 00 00 00 00 00 00 00 00 00 00 00 00 00 00 00 00 00 00 00 00 00 00 00 00 00 00 00 00 00 00 00 00 00 00 00 00 00 00 00 00 00 00 00 00 00 00 00 00 00 00 00 00 00 00 00 00 00 00 00 00 00 00 00 00 00 00 00 00 00 00 00 00 00 00 00 00 00 00 00 00 00 00 00 00 00 00 00 00 00 00 00 00 00 00 00 00 00 00 00 00 00 00 00 00 00 00 00 00 00 00 00 00 00 00 00 00 00 00 00 00 00 00 00 00 00 00 00 00 00 00 00 00 00 00 00 00 00 00 00 00 00 00 00 00 00 00 00 00 00 00 
