================= REPORT SAVE =================

[CCSDS HEADER]
MsgId      : 0x0825
Seq        : 0xC000
Len        : 0x0215
TimeCode   : 00 2F 81 6E E8 3E
Padding    : 0x00000000

[REPORT BODY]
Reflected MID  : 0x1875
Reflected CC   : 0x1A
RetType        : 0x05
RetCode        : 0
RetValSize     : 124

================= PARSED BY MID/CC =================
ReflectedMID : 0x1875
ReflectedCC  : 0x1A
PayloadLen   : 124

[EPS P60 ACU GET TABLE HK]

[Inputs]
c_in[0..5]: 105 119 42 37 14 12
v_in[0..5]: 16945 16923 16881 16857 14636 15610

[Bus/Temp]
vbat: 16316
vcc : 3275
temp[0..2]: 220 219 220

[MPPT]
mppt_mode: 1
vboost[0..5]: 18360 18521 18091 18145 17983 18091
power[0..5]: 1779 2013 709 623 204 187

[DAC]
dac_en[0..2]: 1 1 1
dac_val[0..5]: 685 691 675 675 669 671

[Boot/Time]
bootcause : 0
bootcnt   : 1
uptime    : 139
resetcause: 0x2BA4

[MPPT Timing]
mppt_time  : 19
mppt_period: 1

[Device]
device_type[0..7]: 22 0 49 0 0 0 7 1
device_status[0..7]: 1 3 3 3 4 0 1 1

[WDT]
wdt_cnt_gnd : 65793
wdt_gnd_left: 5

[PAYLOAD HEX]
69 00 77 00 2A 00 25 00 0E 00 0C 00 31 42 1B 42 
F1 41 D9 41 2C 39 FA 3C BC 3F CB 0C DC 00 DB 00 
DC 00 01 00 B8 47 59 48 AB 46 E1 46 3F 46 AB 46 
F3 06 DD 07 C5 02 6F 02 CC 00 BB 00 01 01 01 00 
AD 02 B3 02 A3 02 A3 02 9D 02 9F 02 00 00 00 00 
01 00 00 00 8B 00 00 00 A4 2B 13 00 01 00 16 00 
31 00 00 00 07 01 01 03 03 03 04 00 01 01 01 01 
01 01 01 00 05 00 00 00 45 A1 02 00 

[RETURN VALUE]
69 00 77 00 2A 00 25 00 0E 00 0C 00 31 42 1B 42 
F1 41 D9 41 2C 39 FA 3C BC 3F CB 0C DC 00 DB 00 
DC 00 01 00 B8 47 59 48 AB 46 E1 46 3F 46 AB 46 
F3 06 DD 07 C5 02 6F 02 CC 00 BB 00 01 01 01 00 
AD 02 B3 02 A3 02 A3 02 9D 02 9F 02 00 00 00 00 
01 00 00 00 8B 00 00 00 A4 2B 13 00 01 00 16 00 
31 00 00 00 07 01 01 03 03 03 04 00 01 01 01 01 
01 01 01 00 05 00 00 00 45 A1 02 00 

[BINARY DATA]
25 08 00 C0 15 02 00 2F 81 6E E8 3E 00 00 00 00 75 18 1A 05 00 00 00 00 7C 00 69 00 77 00 2A 00 25 00 0E 00 0C 00 31 42 1B 42 F1 41 D9 41 2C 39 FA 3C BC 3F CB 0C DC 00 DB 00 DC 00 01 00 B8 47 59 48 AB 46 E1 46 3F 46 AB 46 F3 06 DD 07 C5 02 6F 02 CC 00 BB 00 01 01 01 00 AD 02 B3 02 A3 02 A3 02 9D 02 9F 02 00 00 00 00 01 00 00 00 8B 00 00 00 A4 2B 13 00 01 00 16 00 31 00 00 00 07 01 01 03 03 03 04 00 01 01 01 01 01 01 01 00 05 00 00 00 45 A1 02 00 00 00 00 00 00 00 00 00 00 00 00 00 00 00 00 00 00 00 00 00 00 00 00 00 00 00 00 00 00 00 00 00 00 00 00 00 00 00 00 00 00 00 00 00 00 00 00 00 00 00 00 00 00 00 00 00 00 00 00 00 00 00 00 00 00 00 00 00 00 00 00 00 00 00 00 00 00 00 00 00 00 00 00 00 00 00 00 00 00 00 00 00 00 00 00 00 00 00 00 00 00 00 00 00 00 00 00 00 00 00 00 00 00 00 00 00 00 00 00 00 00 00 00 00 00 00 00 00 00 00 00 00 00 00 00 00 00 00 00 00 00 00 00 00 00 00 00 00 00 00 00 00 00 00 00 00 00 00 00 00 00 00 00 00 00 00 00 00 00 00 00 00 00 00 00 00 00 00 00 00 00 00 00 00 00 00 00 00 00 00 00 00 00 00 00 00 00 00 00 00 00 00 00 00 00 00 00 00 00 00 00 00 00 00 00 00 00 00 00 00 00 00 00 00 00 00 00 00 00 00 00 00 00 00 00 00 00 00 00 00 00 00 00 00 00 00 00 00 00 00 00 00 00 00 00 00 00 00 00 00 00 00 00 00 00 00 00 00 00 00 00 00 00 00 00 00 00 00 00 00 00 00 00 00 00 00 00 00 00 00 00 00 00 00 00 00 00 00 00 00 00 00 00 00 00 00 00 00 00 00 00 00 00 00 00 00 00 00 00 00 00 00 00 00 00 00 00 00 00 00 00 00 00 00 00 00 00 00 00 00 00 00 00 00 00 00 00 00 00 00 00 00 00 00 00 00 00 00 00 00 00 00 00 00 00 00 00 00 00 00 00 00 00 00 00 00 00 00 00 00 00 00 00 00 00 00 00 00 00 00 
