================= REPORT SAVE =================

[CCSDS HEADER]
MsgId      : 0x0825
Seq        : 0xC000
Len        : 0x0215
TimeCode   : 00 32 26 1A 26 35
Padding    : 0x00000000

[REPORT BODY]
Reflected MID  : 0x1875
Reflected CC   : 0x1A
RetType        : 0x05
RetCode        : 0
RetValSize     : 124

================= PARSED BY MID/CC =================
ReflectedMID : 0x1875
ReflectedCC  : 0x1A
PayloadLen   : 124

[EPS P60 ACU GET TABLE HK]

[Inputs]
c_in[0..5]: 37 48 77 78 386 116
v_in[0..5]: 7799 7770 7784 7794 7849 7846

[Bus/Temp]
vbat: 16285
vcc : 3271
temp[0..2]: 212 210 214

[MPPT]
mppt_mode: 1
vboost[0..5]: 7741 7741 7741 7741 7741 7741
power[0..5]: 288 372 599 607 3029 910

[DAC]
dac_en[0..2]: 1 1 1
dac_val[0..5]: 286 286 286 286 286 286

[Boot/Time]
bootcause : 0
bootcnt   : 1
uptime    : 139
resetcause: 0xD0A3

[MPPT Timing]
mppt_time  : 21
mppt_period: 1

[Device]
device_type[0..7]: 22 0 49 0 0 0 7 1
device_status[0..7]: 1 3 3 3 4 0 1 1

[WDT]
wdt_cnt_gnd : 65793
wdt_gnd_left: 5

[PAYLOAD HEX]
25 00 30 00 4D 00 4E 00 82 01 74 00 77 1E 5A 1E 
68 1E 72 1E A9 1E A6 1E 9D 3F C7 0C D4 00 D2 00 
D6 00 01 00 3D 1E 3D 1E 3D 1E 3D 1E 3D 1E 3D 1E 
20 01 74 01 57 02 5F 02 D5 0B 8E 03 01 01 01 00 
1E 01 1E 01 1E 01 1E 01 1E 01 1E 01 00 00 00 00 
01 00 00 00 8B 00 00 00 A3 D0 15 00 01 00 16 00 
31 00 00 00 07 01 01 03 03 03 04 00 01 01 01 01 
01 01 01 00 05 00 00 00 79 0B 02 00 

[RETURN VALUE]
25 00 30 00 4D 00 4E 00 82 01 74 00 77 1E 5A 1E 
68 1E 72 1E A9 1E A6 1E 9D 3F C7 0C D4 00 D2 00 
D6 00 01 00 3D 1E 3D 1E 3D 1E 3D 1E 3D 1E 3D 1E 
20 01 74 01 57 02 5F 02 D5 0B 8E 03 01 01 01 00 
1E 01 1E 01 1E 01 1E 01 1E 01 1E 01 00 00 00 00 
01 00 00 00 8B 00 00 00 A3 D0 15 00 01 00 16 00 
31 00 00 00 07 01 01 03 03 03 04 00 01 01 01 01 
01 01 01 00 05 00 00 00 79 0B 02 00 

[BINARY DATA]
25 08 00 C0 15 02 00 32 26 1A 26 35 00 00 00 00 75 18 1A 05 00 00 00 00 7C 00 25 00 30 00 4D 00 4E 00 82 01 74 00 77 1E 5A 1E 68 1E 72 1E A9 1E A6 1E 9D 3F C7 0C D4 00 D2 00 D6 00 01 00 3D 1E 3D 1E 3D 1E 3D 1E 3D 1E 3D 1E 20 01 74 01 57 02 5F 02 D5 0B 8E 03 01 01 01 00 1E 01 1E 01 1E 01 1E 01 1E 01 1E 01 00 00 00 00 01 00 00 00 8B 00 00 00 A3 D0 15 00 01 00 16 00 31 00 00 00 07 01 01 03 03 03 04 00 01 01 01 01 01 01 01 00 05 00 00 00 79 0B 02 00 00 00 00 00 00 00 00 00 00 00 00 00 00 00 00 00 00 00 00 00 00 00 00 00 00 00 00 00 00 00 00 00 00 00 00 00 00 00 00 00 00 00 00 00 00 00 00 00 00 00 00 00 00 00 00 00 00 00 00 00 00 00 00 00 00 00 00 00 00 00 00 00 00 00 00 00 00 00 00 00 00 00 00 00 00 00 00 00 00 00 00 00 00 00 00 00 00 00 00 00 00 00 00 00 00 00 00 00 00 00 00 00 00 00 00 00 00 00 00 00 00 00 00 00 00 00 00 00 00 00 00 00 00 00 00 00 00 00 00 00 00 00 00 00 00 00 00 00 00 00 00 00 00 00 00 00 00 00 00 00 00 00 00 00 00 00 00 00 00 00 00 00 00 00 00 00 00 00 00 00 00 00 00 00 00 00 00 00 00 00 00 00 00 00 00 00 00 00 00 00 00 00 00 00 00 00 00 00 00 00 00 00 00 00 00 00 00 00 00 00 00 00 00 00 00 00 00 00 00 00 00 00 00 00 00 00 00 00 00 00 00 00 00 00 00 00 00 00 00 00 00 00 00 00 00 00 00 00 00 00 00 00 00 00 00 00 00 00 00 00 00 00 00 00 00 00 00 00 00 00 00 00 00 00 00 00 00 00 00 00 00 00 00 00 00 00 00 00 00 00 00 00 00 00 00 00 00 00 00 00 00 00 00 00 00 00 00 00 00 00 00 00 00 00 00 00 00 00 00 00 00 00 00 00 00 00 00 00 00 00 00 00 00 00 00 00 00 00 00 00 00 00 00 00 00 00 00 00 00 00 00 00 00 00 00 00 00 00 00 00 00 00 00 00 00 00 00 00 00 00 00 00 00 00 00 00 00 00 00 00 
