================= REPORT SAVE =================

[CCSDS HEADER]
MsgId      : 0x0825
Seq        : 0xC000
Len        : 0x0215
TimeCode   : 00 2E 43 44 B4 3F
Padding    : 0x00000000

[REPORT BODY]
Reflected MID  : 0x1875
Reflected CC   : 0x1A
RetType        : 0x05
RetCode        : 0
RetValSize     : 124

================= PARSED BY MID/CC =================
ReflectedMID : 0x1875
ReflectedCC  : 0x1A
PayloadLen   : 124

[EPS P60 ACU GET TABLE HK]

[Inputs]
c_in[0..5]: 9 20 154 164 265 110
v_in[0..5]: 6606 6595 6622 6607 6649 6638

[Bus/Temp]
vbat: 16316
vcc : 3275
temp[0..2]: 210 208 212

[MPPT]
mppt_mode: 1
vboost[0..5]: 6612 6612 6612 6612 6612 6612
power[0..5]: 59 131 1019 1083 1761 730

[DAC]
dac_en[0..2]: 1 1 1
dac_val[0..5]: 248 248 248 248 248 248

[Boot/Time]
bootcause : 0
bootcnt   : 1
uptime    : 139
resetcause: 0xED53

[MPPT Timing]
mppt_time  : 17
mppt_period: 1

[Device]
device_type[0..7]: 22 0 49 0 0 0 7 1
device_status[0..7]: 1 3 3 3 4 0 1 1

[WDT]
wdt_cnt_gnd : 65793
wdt_gnd_left: 5

[PAYLOAD HEX]
09 00 14 00 9A 00 A4 00 09 01 6E 00 CE 19 C3 19 
DE 19 CF 19 F9 19 EE 19 BC 3F CB 0C D2 00 D0 00 
D4 00 01 00 D4 19 D4 19 D4 19 D4 19 D4 19 D4 19 
3B 00 83 00 FB 03 3B 04 E1 06 DA 02 01 01 01 00 
F8 00 F8 00 F8 00 F8 00 F8 00 F8 00 00 00 00 00 
01 00 00 00 8B 00 00 00 53 ED 11 00 01 00 16 00 
31 00 00 00 07 01 01 03 03 03 04 00 01 01 01 01 
01 01 01 00 05 00 00 00 45 A2 02 00 

[RETURN VALUE]
09 00 14 00 9A 00 A4 00 09 01 6E 00 CE 19 C3 19 
DE 19 CF 19 F9 19 EE 19 BC 3F CB 0C D2 00 D0 00 
D4 00 01 00 D4 19 D4 19 D4 19 D4 19 D4 19 D4 19 
3B 00 83 00 FB 03 3B 04 E1 06 DA 02 01 01 01 00 
F8 00 F8 00 F8 00 F8 00 F8 00 F8 00 00 00 00 00 
01 00 00 00 8B 00 00 00 53 ED 11 00 01 00 16 00 
31 00 00 00 07 01 01 03 03 03 04 00 01 01 01 01 
01 01 01 00 05 00 00 00 45 A2 02 00 

[BINARY DATA]
25 08 00 C0 15 02 00 2E 43 44 B4 3F 00 00 00 00 75 18 1A 05 00 00 00 00 7C 00 09 00 14 00 9A 00 A4 00 09 01 6E 00 CE 19 C3 19 DE 19 CF 19 F9 19 EE 19 BC 3F CB 0C D2 00 D0 00 D4 00 01 00 D4 19 D4 19 D4 19 D4 19 D4 19 D4 19 3B 00 83 00 FB 03 3B 04 E1 06 DA 02 01 01 01 00 F8 00 F8 00 F8 00 F8 00 F8 00 F8 00 00 00 00 00 01 00 00 00 8B 00 00 00 53 ED 11 00 01 00 16 00 31 00 00 00 07 01 01 03 03 03 04 00 01 01 01 01 01 01 01 00 05 00 00 00 45 A2 02 00 00 00 00 00 00 00 00 00 00 00 00 00 00 00 00 00 00 00 00 00 00 00 00 00 00 00 00 00 00 00 00 00 00 00 00 00 00 00 00 00 00 00 00 00 00 00 00 00 00 00 00 00 00 00 00 00 00 00 00 00 00 00 00 00 00 00 00 00 00 00 00 00 00 00 00 00 00 00 00 00 00 00 00 00 00 00 00 00 00 00 00 00 00 00 00 00 00 00 00 00 00 00 00 00 00 00 00 00 00 00 00 00 00 00 00 00 00 00 00 00 00 00 00 00 00 00 00 00 00 00 00 00 00 00 00 00 00 00 00 00 00 00 00 00 00 00 00 00 00 00 00 00 00 00 00 00 00 00 00 00 00 00 00 00 00 00 00 00 00 00 00 00 00 00 00 00 00 00 00 00 00 00 00 00 00 00 00 00 00 00 00 00 00 00 00 00 00 00 00 00 00 00 00 00 00 00 00 00 00 00 00 00 00 00 00 00 00 00 00 00 00 00 00 00 00 00 00 00 00 00 00 00 00 00 00 00 00 00 00 00 00 00 00 00 00 00 00 00 00 00 00 00 00 00 00 00 00 00 00 00 00 00 00 00 00 00 00 00 00 00 00 00 00 00 00 00 00 00 00 00 00 00 00 00 00 00 00 00 00 00 00 00 00 00 00 00 00 00 00 00 00 00 00 00 00 00 00 00 00 00 00 00 00 00 00 00 00 00 00 00 00 00 00 00 00 00 00 00 00 00 00 00 00 00 00 00 00 00 00 00 00 00 00 00 00 00 00 00 00 00 00 00 00 00 00 00 00 00 00 00 00 00 00 00 00 00 00 00 00 00 00 00 00 00 00 00 00 00 00 00 00 00 00 00 00 00 00 00 00 00 
