================= REPORT SAVE =================

[CCSDS HEADER]
MsgId      : 0x0825
Seq        : 0xC000
Len        : 0x0215
TimeCode   : 00 3E 16 94 92 EC
Padding    : 0x00000000

[REPORT BODY]
Reflected MID  : 0x1875
Reflected CC   : 0x1A
RetType        : 0x05
RetCode        : 0
RetValSize     : 124

================= PARSED BY MID/CC =================
ReflectedMID : 0x1875
ReflectedCC  : 0x1A
PayloadLen   : 124

[EPS P60 ACU GET TABLE HK]

[Inputs]
c_in[0..5]: 61 72 65 60 14 13
v_in[0..5]: 16890 16867 16867 16844 14209 14332

[Bus/Temp]
vbat: 16253
vcc : 3275
temp[0..2]: 187 187 187

[MPPT]
mppt_mode: 1
vboost[0..5]: 18870 18118 17876 17876 18037 17930
power[0..5]: 1030 1214 1096 1010 198 186

[DAC]
dac_en[0..2]: 1 1 1
dac_val[0..5]: 702 674 665 663 671 667

[Boot/Time]
bootcause : 3044749176
bootcnt   : 1
uptime    : 141
resetcause: 0x55B0

[MPPT Timing]
mppt_time  : 3
mppt_period: 1

[Device]
device_type[0..7]: 22 0 49 0 0 0 7 1
device_status[0..7]: 1 3 3 3 4 0 1 1

[WDT]
wdt_cnt_gnd : 65793
wdt_gnd_left: 5

[PAYLOAD HEX]
3D 00 48 00 41 00 3C 00 0E 00 0D 00 FA 41 E3 41 
E3 41 CC 41 81 37 FC 37 7D 3F CB 0C BB 00 BB 00 
BB 00 01 00 B6 49 C6 46 D4 45 D4 45 75 46 0A 46 
06 04 BE 04 48 04 F2 03 C6 00 BA 00 01 01 01 00 
BE 02 A2 02 99 02 97 02 9F 02 9B 02 78 2F 7B B5 
01 00 00 00 8D 00 00 00 B0 55 03 00 01 00 16 00 
31 00 00 00 07 01 01 03 03 03 04 00 01 01 01 01 
01 01 01 00 05 00 00 00 AD F2 01 00 

[RETURN VALUE]
3D 00 48 00 41 00 3C 00 0E 00 0D 00 FA 41 E3 41 
E3 41 CC 41 81 37 FC 37 7D 3F CB 0C BB 00 BB 00 
BB 00 01 00 B6 49 C6 46 D4 45 D4 45 75 46 0A 46 
06 04 BE 04 48 04 F2 03 C6 00 BA 00 01 01 01 00 
BE 02 A2 02 99 02 97 02 9F 02 9B 02 78 2F 7B B5 
01 00 00 00 8D 00 00 00 B0 55 03 00 01 00 16 00 
31 00 00 00 07 01 01 03 03 03 04 00 01 01 01 01 
01 01 01 00 05 00 00 00 AD F2 01 00 

[BINARY DATA]
25 08 00 C0 15 02 00 3E 16 94 92 EC 00 00 00 00 75 18 1A 05 00 00 00 00 7C 00 3D 00 48 00 41 00 3C 00 0E 00 0D 00 FA 41 E3 41 E3 41 CC 41 81 37 FC 37 7D 3F CB 0C BB 00 BB 00 BB 00 01 00 B6 49 C6 46 D4 45 D4 45 75 46 0A 46 06 04 BE 04 48 04 F2 03 C6 00 BA 00 01 01 01 00 BE 02 A2 02 99 02 97 02 9F 02 9B 02 78 2F 7B B5 01 00 00 00 8D 00 00 00 B0 55 03 00 01 00 16 00 31 00 00 00 07 01 01 03 03 03 04 00 01 01 01 01 01 01 01 00 05 00 00 00 AD F2 01 00 00 00 00 00 00 00 00 00 00 00 00 00 00 00 00 00 00 00 00 00 00 00 00 00 00 00 00 00 00 00 00 00 00 00 00 00 00 00 00 00 00 00 00 00 00 00 00 00 00 00 00 00 00 00 00 00 00 00 00 00 00 00 00 00 00 00 00 00 00 00 00 00 00 00 00 00 00 00 00 00 00 00 00 00 00 00 00 00 00 00 00 00 00 00 00 00 00 00 00 00 00 00 00 00 00 00 00 00 00 00 00 00 00 00 00 00 00 00 00 00 00 00 00 00 00 00 00 00 00 00 00 00 00 00 00 00 00 00 00 00 00 00 00 00 00 00 00 00 00 00 00 00 00 00 00 00 00 00 00 00 00 00 00 00 00 00 00 00 00 00 00 00 00 00 00 00 00 00 00 00 00 00 00 00 00 00 00 00 00 00 00 00 00 00 00 00 00 00 00 00 00 00 00 00 00 00 00 00 00 00 00 00 00 00 00 00 00 00 00 00 00 00 00 00 00 00 00 00 00 00 00 00 00 00 00 00 00 00 00 00 00 00 00 00 00 00 00 00 00 00 00 00 00 00 00 00 00 00 00 00 00 00 00 00 00 00 00 00 00 00 00 00 00 00 00 00 00 00 00 00 00 00 00 00 00 00 00 00 00 00 00 00 00 00 00 00 00 00 00 00 00 00 00 00 00 00 00 00 00 00 00 00 00 00 00 00 00 00 00 00 00 00 00 00 00 00 00 00 00 00 00 00 00 00 00 00 00 00 00 00 00 00 00 00 00 00 00 00 00 00 00 00 00 00 00 00 00 00 00 00 00 00 00 00 00 00 00 00 00 00 00 00 00 00 00 00 00 00 00 00 00 00 00 00 00 00 00 00 00 00 
