================= REPORT SAVE =================

[CCSDS HEADER]
MsgId      : 0x0000
Seq        : 0x0000
Len        : 0x0000
TimeCode   : 00 00 00 00 00 00
Padding    : 0x00000000

[REPORT BODY]
Reflected MID  : 0x0000
Reflected CC   : 0x00
RetType        : 0x00
RetCode        : 0
RetValSize     : 0

[RETURN VALUE]

[BINARY DATA]
00 00 00 00 00 00 00 00 00 00 00 00 00 00 00 00 00 00 00 00 00 00 00 00 00 00 00 00 00 00 00 00 00 00 00 00 00 00 00 00 00 00 00 00 00 00 00 00 00 00 00 00 00 00 00 00 00 00 00 00 00 00 00 00 00 00 00 00 00 00 00 00 00 00 00 00 00 00 00 00 00 00 00 00 00 00 00 00 00 00 00 00 00 00 00 00 00 00 00 00 00 00 00 00 00 00 00 00 00 00 00 00 00 00 00 00 00 00 00 00 00 00 00 00 00 00 00 00 00 00 00 00 00 00 00 00 00 00 00 00 00 00 00 00 00 00 00 00 00 00 00 00 
