================= REPORT SAVE =================

[CCSDS HEADER]
MsgId      : 0x0825
Seq        : 0xC000
Len        : 0x0215
TimeCode   : 00 3C 14 7F 78 CF
Padding    : 0x00000000

[REPORT BODY]
Reflected MID  : 0x1875
Reflected CC   : 0x1A
RetType        : 0x05
RetCode        : 0
RetValSize     : 124

================= PARSED BY MID/CC =================
ReflectedMID : 0x1875
ReflectedCC  : 0x1A
PayloadLen   : 124

[EPS P60 ACU GET TABLE HK]

[Inputs]
c_in[0..5]: 9 18 16 20 16 19
v_in[0..5]: 249 262 248 275 303 291

[Bus/Temp]
vbat: 16097
vcc : 3275
temp[0..2]: 195 195 197

[MPPT]
mppt_mode: 1
vboost[0..5]: 17930 17983 17983 17983 17983 18037
power[0..5]: 2 4 3 5 4 5

[DAC]
dac_en[0..2]: 1 1 1
dac_val[0..5]: 667 667 669 667 669 671

[Boot/Time]
bootcause : 3044749176
bootcnt   : 1
uptime    : 141
resetcause: 0x535D

[MPPT Timing]
mppt_time  : 1
mppt_period: 1

[Device]
device_type[0..7]: 22 0 49 0 0 0 7 1
device_status[0..7]: 1 3 3 3 4 0 1 1

[WDT]
wdt_cnt_gnd : 65793
wdt_gnd_left: 5

[PAYLOAD HEX]
09 00 12 00 10 00 14 00 10 00 13 00 F9 00 06 01 
F8 00 13 01 2F 01 23 01 E1 3E CB 0C C3 00 C3 00 
C5 00 01 00 0A 46 3F 46 3F 46 3F 46 3F 46 75 46 
02 00 04 00 03 00 05 00 04 00 05 00 01 01 01 00 
9B 02 9B 02 9D 02 9B 02 9D 02 9F 02 78 2F 7B B5 
01 00 00 00 8D 00 00 00 5D 53 01 00 01 00 16 00 
31 00 00 00 07 01 01 03 03 03 04 00 01 01 01 01 
01 01 01 00 05 00 00 00 5E A1 02 00 

[RETURN VALUE]
09 00 12 00 10 00 14 00 10 00 13 00 F9 00 06 01 
F8 00 13 01 2F 01 23 01 E1 3E CB 0C C3 00 C3 00 
C5 00 01 00 0A 46 3F 46 3F 46 3F 46 3F 46 75 46 
02 00 04 00 03 00 05 00 04 00 05 00 01 01 01 00 
9B 02 9B 02 9D 02 9B 02 9D 02 9F 02 78 2F 7B B5 
01 00 00 00 8D 00 00 00 5D 53 01 00 01 00 16 00 
31 00 00 00 07 01 01 03 03 03 04 00 01 01 01 01 
01 01 01 00 05 00 00 00 5E A1 02 00 

[BINARY DATA]
25 08 00 C0 15 02 00 3C 14 7F 78 CF 00 00 00 00 75 18 1A 05 00 00 00 00 7C 00 09 00 12 00 10 00 14 00 10 00 13 00 F9 00 06 01 F8 00 13 01 2F 01 23 01 E1 3E CB 0C C3 00 C3 00 C5 00 01 00 0A 46 3F 46 3F 46 3F 46 3F 46 75 46 02 00 04 00 03 00 05 00 04 00 05 00 01 01 01 00 9B 02 9B 02 9D 02 9B 02 9D 02 9F 02 78 2F 7B B5 01 00 00 00 8D 00 00 00 5D 53 01 00 01 00 16 00 31 00 00 00 07 01 01 03 03 03 04 00 01 01 01 01 01 01 01 00 05 00 00 00 5E A1 02 00 00 00 00 00 00 00 00 00 00 00 00 00 00 00 00 00 00 00 00 00 00 00 00 00 00 00 00 00 00 00 00 00 00 00 00 00 00 00 00 00 00 00 00 00 00 00 00 00 00 00 00 00 00 00 00 00 00 00 00 00 00 00 00 00 00 00 00 00 00 00 00 00 00 00 00 00 00 00 00 00 00 00 00 00 00 00 00 00 00 00 00 00 00 00 00 00 00 00 00 00 00 00 00 00 00 00 00 00 00 00 00 00 00 00 00 00 00 00 00 00 00 00 00 00 00 00 00 00 00 00 00 00 00 00 00 00 00 00 00 00 00 00 00 00 00 00 00 00 00 00 00 00 00 00 00 00 00 00 00 00 00 00 00 00 00 00 00 00 00 00 00 00 00 00 00 00 00 00 00 00 00 00 00 00 00 00 00 00 00 00 00 00 00 00 00 00 00 00 00 00 00 00 00 00 00 00 00 00 00 00 00 00 00 00 00 00 00 00 00 00 00 00 00 00 00 00 00 00 00 00 00 00 00 00 00 00 00 00 00 00 00 00 00 00 00 00 00 00 00 00 00 00 00 00 00 00 00 00 00 00 00 00 00 00 00 00 00 00 00 00 00 00 00 00 00 00 00 00 00 00 00 00 00 00 00 00 00 00 00 00 00 00 00 00 00 00 00 00 00 00 00 00 00 00 00 00 00 00 00 00 00 00 00 00 00 00 00 00 00 00 00 00 00 00 00 00 00 00 00 00 00 00 00 00 00 00 00 00 00 00 00 00 00 00 00 00 00 00 00 00 00 00 00 00 00 00 00 00 00 00 00 00 00 00 00 00 00 00 00 00 00 00 00 00 00 00 00 00 00 00 00 00 00 00 00 00 00 00 00 00 
