================= REPORT SAVE =================

[CCSDS HEADER]
MsgId      : 0x0825
Seq        : 0xC000
Len        : 0x0215
TimeCode   : 00 31 8E BF 3E 44
Padding    : 0x00000000

[REPORT BODY]
Reflected MID  : 0x1875
Reflected CC   : 0x1A
RetType        : 0x05
RetCode        : 0
RetValSize     : 124

================= PARSED BY MID/CC =================
ReflectedMID : 0x1875
ReflectedCC  : 0x1A
PayloadLen   : 124

[EPS P60 ACU GET TABLE HK]

[Inputs]
c_in[0..5]: 9 19 15 20 16 19
v_in[0..5]: 263 262 262 275 317 291

[Bus/Temp]
vbat: 16222
vcc : 3275
temp[0..2]: 215 215 216

[MPPT]
mppt_mode: 1
vboost[0..5]: 17930 17983 17983 18145 17983 17983
power[0..5]: 2 4 3 5 5 5

[DAC]
dac_en[0..2]: 1 1 1
dac_val[0..5]: 681 671 671 671 669 669

[Boot/Time]
bootcause : 0
bootcnt   : 1
uptime    : 139
resetcause: 0x3935

[MPPT Timing]
mppt_time  : 21
mppt_period: 1

[Device]
device_type[0..7]: 22 0 49 0 0 0 7 1
device_status[0..7]: 1 3 3 3 4 0 1 1

[WDT]
wdt_cnt_gnd : 65793
wdt_gnd_left: 5

[PAYLOAD HEX]
09 00 13 00 0F 00 14 00 10 00 13 00 07 01 06 01 
06 01 13 01 3D 01 23 01 5E 3F CB 0C D7 00 D7 00 
D8 00 01 00 0A 46 3F 46 3F 46 E1 46 3F 46 3F 46 
02 00 04 00 03 00 05 00 05 00 05 00 01 01 01 00 
A9 02 9F 02 9F 02 9F 02 9D 02 9D 02 00 00 00 00 
01 00 00 00 8B 00 00 00 35 39 15 00 01 00 16 00 
31 00 00 00 07 01 01 03 03 03 04 00 01 01 01 01 
01 01 01 00 05 00 00 00 E7 A2 02 00 

[RETURN VALUE]
09 00 13 00 0F 00 14 00 10 00 13 00 07 01 06 01 
06 01 13 01 3D 01 23 01 5E 3F CB 0C D7 00 D7 00 
D8 00 01 00 0A 46 3F 46 3F 46 E1 46 3F 46 3F 46 
02 00 04 00 03 00 05 00 05 00 05 00 01 01 01 00 
A9 02 9F 02 9F 02 9F 02 9D 02 9D 02 00 00 00 00 
01 00 00 00 8B 00 00 00 35 39 15 00 01 00 16 00 
31 00 00 00 07 01 01 03 03 03 04 00 01 01 01 01 
01 01 01 00 05 00 00 00 E7 A2 02 00 

[BINARY DATA]
25 08 00 C0 15 02 00 31 8E BF 3E 44 00 00 00 00 75 18 1A 05 00 00 00 00 7C 00 09 00 13 00 0F 00 14 00 10 00 13 00 07 01 06 01 06 01 13 01 3D 01 23 01 5E 3F CB 0C D7 00 D7 00 D8 00 01 00 0A 46 3F 46 3F 46 E1 46 3F 46 3F 46 02 00 04 00 03 00 05 00 05 00 05 00 01 01 01 00 A9 02 9F 02 9F 02 9F 02 9D 02 9D 02 00 00 00 00 01 00 00 00 8B 00 00 00 35 39 15 00 01 00 16 00 31 00 00 00 07 01 01 03 03 03 04 00 01 01 01 01 01 01 01 00 05 00 00 00 E7 A2 02 00 00 00 00 00 00 00 00 00 00 00 00 00 00 00 00 00 00 00 00 00 00 00 00 00 00 00 00 00 00 00 00 00 00 00 00 00 00 00 00 00 00 00 00 00 00 00 00 00 00 00 00 00 00 00 00 00 00 00 00 00 00 00 00 00 00 00 00 00 00 00 00 00 00 00 00 00 00 00 00 00 00 00 00 00 00 00 00 00 00 00 00 00 00 00 00 00 00 00 00 00 00 00 00 00 00 00 00 00 00 00 00 00 00 00 00 00 00 00 00 00 00 00 00 00 00 00 00 00 00 00 00 00 00 00 00 00 00 00 00 00 00 00 00 00 00 00 00 00 00 00 00 00 00 00 00 00 00 00 00 00 00 00 00 00 00 00 00 00 00 00 00 00 00 00 00 00 00 00 00 00 00 00 00 00 00 00 00 00 00 00 00 00 00 00 00 00 00 00 00 00 00 00 00 00 00 00 00 00 00 00 00 00 00 00 00 00 00 00 00 00 00 00 00 00 00 00 00 00 00 00 00 00 00 00 00 00 00 00 00 00 00 00 00 00 00 00 00 00 00 00 00 00 00 00 00 00 00 00 00 00 00 00 00 00 00 00 00 00 00 00 00 00 00 00 00 00 00 00 00 00 00 00 00 00 00 00 00 00 00 00 00 00 00 00 00 00 00 00 00 00 00 00 00 00 00 00 00 00 00 00 00 00 00 00 00 00 00 00 00 00 00 00 00 00 00 00 00 00 00 00 00 00 00 00 00 00 00 00 00 00 00 00 00 00 00 00 00 00 00 00 00 00 00 00 00 00 00 00 00 00 00 00 00 00 00 00 00 00 00 00 00 00 00 00 00 00 00 00 00 00 00 00 00 00 00 00 00 00 00 00 
