================= REPORT SAVE =================

[CCSDS HEADER]
MsgId      : 0x0825
Seq        : 0xC000
Len        : 0x0215
TimeCode   : 00 31 8E 3F 5E 4C
Padding    : 0x00000000

[REPORT BODY]
Reflected MID  : 0x1875
Reflected CC   : 0x14
RetType        : 0x05
RetCode        : 0
RetValSize     : 188

================= PARSED BY MID/CC =================
ReflectedMID : 0x1875
ReflectedCC  : 0x14
PayloadLen   : 188

[EPS P60 DOCK GET TABLE HK]

[Report Data]
c_out[0..12]: 54 59 16 3 9 0 -8 -5 25 517 18 9 18
v_out[0..12]: 0 0 0 0 16183 16184 260 275 16178 0 0 0 0
out_en[0..12]: 1 1 0 0 1 1 0 0 1 1 1 0 0

[Temps]
temp[0..1]: 0 220

[Boot/Time]
bootcause              : 256
bootcnt                : 162
uptime                 : 1390782
resetcause             : 0x0001

[Modes/Flags]
batt_mode              : 3
heater_on              : 0
conv_5v_en              : 1

[Latchups]
latchup[0..12]: 0 0 0 0 0 0 0 0 0 0 0 0 0

[Battery/Power]
vbat_v                 : 16180
vcc_c                  : -108
batt_c                 : -201
batt_v                 : 16193
batt_temp[0..1]: 0 0

[Device]
device_type[0..7]: 7 2 2 1 4 6 0 0
device_status[0..7]: 1 1 1 1 1 1 0 0
dearm_status           : 0

[WDT Counters]
wdt_cnt_gnd            : 5
wdt_cnt_i2c            : 0
wdt_cnt_can            : 1
wdt_cnt_csp[0..1]: 0 41

[WDT Left]
wdt_gnd_left           : 124772
wdt_i2c_left           : 0
wdt_can_left           : 298
wdt_csp_left[0..1]: 5 5

[Battery Currents]
batt_chrg              : -3
batt_dischrg           : 198

[Deploy]
ant6_depl              : 3
ar6_depl               : 3

[PAYLOAD HEX]
36 00 3B 00 10 00 03 00 09 00 00 00 F8 FF FB FF 
19 00 05 02 12 00 09 00 12 00 00 00 00 00 00 00 
00 00 37 3F 38 3F 04 01 13 01 32 3F 00 00 00 00 
00 00 00 00 01 01 00 00 01 01 00 00 01 01 01 00 
00 00 00 00 DC 00 D9 00 00 01 00 00 A2 00 00 00 
BE 38 15 00 01 00 03 00 01 00 00 00 00 00 00 00 
00 00 00 00 00 00 00 00 00 00 00 00 00 00 00 00 
00 00 00 00 34 3F 94 FF 37 FF 41 3F 00 00 00 00 
07 02 02 01 04 06 00 00 01 01 01 01 01 01 00 00 
00 00 00 00 05 00 00 00 00 00 00 00 01 00 00 00 
00 00 00 00 29 00 00 00 64 E7 01 00 00 00 00 00 
2A 01 00 00 05 05 FD FF C6 00 03 03 

[RETURN VALUE]
36 00 3B 00 10 00 03 00 09 00 00 00 F8 FF FB FF 
19 00 05 02 12 00 09 00 12 00 00 00 00 00 00 00 
00 00 37 3F 38 3F 04 01 13 01 32 3F 00 00 00 00 
00 00 00 00 01 01 00 00 01 01 00 00 01 01 01 00 
00 00 00 00 DC 00 D9 00 00 01 00 00 A2 00 00 00 
BE 38 15 00 01 00 03 00 01 00 00 00 00 00 00 00 
00 00 00 00 00 00 00 00 00 00 00 00 00 00 00 00 
00 00 00 00 34 3F 94 FF 37 FF 41 3F 00 00 00 00 
07 02 02 01 04 06 00 00 01 01 01 01 01 01 00 00 
00 00 00 00 05 00 00 00 00 00 00 00 01 00 00 00 
00 00 00 00 29 00 00 00 64 E7 01 00 00 00 00 00 
2A 01 00 00 05 05 FD FF C6 00 03 03 

[BINARY DATA]
25 08 00 C0 15 02 00 31 8E 3F 5E 4C 00 00 00 00 75 18 14 05 00 00 00 00 BC 00 36 00 3B 00 10 00 03 00 09 00 00 00 F8 FF FB FF 19 00 05 02 12 00 09 00 12 00 00 00 00 00 00 00 00 00 37 3F 38 3F 04 01 13 01 32 3F 00 00 00 00 00 00 00 00 01 01 00 00 01 01 00 00 01 01 01 00 00 00 00 00 DC 00 D9 00 00 01 00 00 A2 00 00 00 BE 38 15 00 01 00 03 00 01 00 00 00 00 00 00 00 00 00 00 00 00 00 00 00 00 00 00 00 00 00 00 00 00 00 00 00 34 3F 94 FF 37 FF 41 3F 00 00 00 00 07 02 02 01 04 06 00 00 01 01 01 01 01 01 00 00 00 00 00 00 05 00 00 00 00 00 00 00 01 00 00 00 00 00 00 00 29 00 00 00 64 E7 01 00 00 00 00 00 2A 01 00 00 05 05 FD FF C6 00 03 03 00 00 00 00 00 00 00 00 00 00 00 00 00 00 00 00 00 00 00 00 00 00 00 00 00 00 00 00 00 00 00 00 00 00 00 00 00 00 00 00 00 00 00 00 00 00 00 00 00 00 00 00 00 00 00 00 00 00 00 00 00 00 00 00 00 00 00 00 00 00 00 00 00 00 00 00 00 00 00 00 00 00 00 00 00 00 00 00 00 00 00 00 00 00 00 00 00 00 00 00 00 00 00 00 00 00 00 00 00 00 00 00 00 00 00 00 00 00 00 00 00 00 00 00 00 00 00 00 00 00 00 00 00 00 00 00 00 00 00 00 00 00 00 00 00 00 00 00 00 00 00 00 00 00 00 00 00 00 00 00 00 00 00 00 00 00 00 00 00 00 00 00 00 00 00 00 00 00 00 00 00 00 00 00 00 00 00 00 00 00 00 00 00 00 00 00 00 00 00 00 00 00 00 00 00 00 00 00 00 00 00 00 00 00 00 00 00 00 00 00 00 00 00 00 00 00 00 00 00 00 00 00 00 00 00 00 00 00 00 00 00 00 00 00 00 00 00 00 00 00 00 00 00 00 00 00 00 00 00 00 00 00 00 00 00 00 00 00 00 00 00 00 00 00 00 00 00 00 00 00 00 00 00 00 00 00 00 00 00 00 00 00 00 00 00 00 00 00 00 00 00 00 00 00 00 00 00 00 00 00 00 00 00 00 00 00 00 00 00 00 00 00 00 00 00 00 
