================= REPORT SAVE =================

[CCSDS HEADER]
MsgId      : 0x0825
Seq        : 0xC000
Len        : 0x0215
TimeCode   : 00 3C C2 9E 54 C5
Padding    : 0x00000000

[REPORT BODY]
Reflected MID  : 0x1875
Reflected CC   : 0x1A
RetType        : 0x05
RetCode        : 0
RetValSize     : 124

================= PARSED BY MID/CC =================
ReflectedMID : 0x1875
ReflectedCC  : 0x1A
PayloadLen   : 124

[EPS P60 ACU GET TABLE HK]

[Inputs]
c_in[0..5]: 58 69 68 67 14 13
v_in[0..5]: 16848 16840 16840 16802 14333 14721

[Bus/Temp]
vbat: 16222
vcc : 3275
temp[0..2]: 220 218 219

[MPPT]
mppt_mode: 1
vboost[0..5]: 18870 17446 17956 18118 17983 18037
power[0..5]: 977 1161 1145 1125 200 191

[DAC]
dac_en[0..2]: 1 1 1
dac_val[0..5]: 704 657 664 676 669 667

[Boot/Time]
bootcause : 3044749176
bootcnt   : 1
uptime    : 141
resetcause: 0x0191

[MPPT Timing]
mppt_time  : 2
mppt_period: 1

[Device]
device_type[0..7]: 22 0 49 0 0 0 7 1
device_status[0..7]: 1 3 3 3 4 0 1 1

[WDT]
wdt_cnt_gnd : 65793
wdt_gnd_left: 5

[PAYLOAD HEX]
3A 00 45 00 44 00 43 00 0E 00 0D 00 D0 41 C8 41 
C8 41 A2 41 FD 37 81 39 5E 3F CB 0C DC 00 DA 00 
DB 00 01 00 B6 49 26 44 24 46 C6 46 3F 46 75 46 
D1 03 89 04 79 04 65 04 C8 00 BF 00 01 01 01 00 
C0 02 91 02 98 02 A4 02 9D 02 9B 02 78 2F 7B B5 
01 00 00 00 8D 00 00 00 91 01 02 00 01 00 16 00 
31 00 00 00 07 01 01 03 03 03 04 00 01 01 01 01 
01 01 01 00 05 00 00 00 68 8B 02 00 

[RETURN VALUE]
3A 00 45 00 44 00 43 00 0E 00 0D 00 D0 41 C8 41 
C8 41 A2 41 FD 37 81 39 5E 3F CB 0C DC 00 DA 00 
DB 00 01 00 B6 49 26 44 24 46 C6 46 3F 46 75 46 
D1 03 89 04 79 04 65 04 C8 00 BF 00 01 01 01 00 
C0 02 91 02 98 02 A4 02 9D 02 9B 02 78 2F 7B B5 
01 00 00 00 8D 00 00 00 91 01 02 00 01 00 16 00 
31 00 00 00 07 01 01 03 03 03 04 00 01 01 01 01 
01 01 01 00 05 00 00 00 68 8B 02 00 

[BINARY DATA]
25 08 00 C0 15 02 00 3C C2 9E 54 C5 00 00 00 00 75 18 1A 05 00 00 00 00 7C 00 3A 00 45 00 44 00 43 00 0E 00 0D 00 D0 41 C8 41 C8 41 A2 41 FD 37 81 39 5E 3F CB 0C DC 00 DA 00 DB 00 01 00 B6 49 26 44 24 46 C6 46 3F 46 75 46 D1 03 89 04 79 04 65 04 C8 00 BF 00 01 01 01 00 C0 02 91 02 98 02 A4 02 9D 02 9B 02 78 2F 7B B5 01 00 00 00 8D 00 00 00 91 01 02 00 01 00 16 00 31 00 00 00 07 01 01 03 03 03 04 00 01 01 01 01 01 01 01 00 05 00 00 00 68 8B 02 00 00 00 00 00 00 00 00 00 00 00 00 00 00 00 00 00 00 00 00 00 00 00 00 00 00 00 00 00 00 00 00 00 00 00 00 00 00 00 00 00 00 00 00 00 00 00 00 00 00 00 00 00 00 00 00 00 00 00 00 00 00 00 00 00 00 00 00 00 00 00 00 00 00 00 00 00 00 00 00 00 00 00 00 00 00 00 00 00 00 00 00 00 00 00 00 00 00 00 00 00 00 00 00 00 00 00 00 00 00 00 00 00 00 00 00 00 00 00 00 00 00 00 00 00 00 00 00 00 00 00 00 00 00 00 00 00 00 00 00 00 00 00 00 00 00 00 00 00 00 00 00 00 00 00 00 00 00 00 00 00 00 00 00 00 00 00 00 00 00 00 00 00 00 00 00 00 00 00 00 00 00 00 00 00 00 00 00 00 00 00 00 00 00 00 00 00 00 00 00 00 00 00 00 00 00 00 00 00 00 00 00 00 00 00 00 00 00 00 00 00 00 00 00 00 00 00 00 00 00 00 00 00 00 00 00 00 00 00 00 00 00 00 00 00 00 00 00 00 00 00 00 00 00 00 00 00 00 00 00 00 00 00 00 00 00 00 00 00 00 00 00 00 00 00 00 00 00 00 00 00 00 00 00 00 00 00 00 00 00 00 00 00 00 00 00 00 00 00 00 00 00 00 00 00 00 00 00 00 00 00 00 00 00 00 00 00 00 00 00 00 00 00 00 00 00 00 00 00 00 00 00 00 00 00 00 00 00 00 00 00 00 00 00 00 00 00 00 00 00 00 00 00 00 00 00 00 00 00 00 00 00 00 00 00 00 00 00 00 00 00 00 00 00 00 00 00 00 00 00 00 00 00 00 00 00 00 00 00 00 00 
