================= REPORT SAVE =================

[CCSDS HEADER]
MsgId      : 0x0825
Seq        : 0xC000
Len        : 0x0215
TimeCode   : 00 2E 42 E3 80 3F
Padding    : 0x00000000

[REPORT BODY]
Reflected MID  : 0x1875
Reflected CC   : 0x1A
RetType        : 0x05
RetCode        : 0
RetValSize     : 124

================= PARSED BY MID/CC =================
ReflectedMID : 0x1875
ReflectedCC  : 0x1A
PayloadLen   : 124

[EPS P60 ACU GET TABLE HK]

[Inputs]
c_in[0..5]: 70 82 220 230 18 174
v_in[0..5]: 5967 5945 5986 5987 5987 6013

[Bus/Temp]
vbat: 16316
vcc : 3275
temp[0..2]: 207 206 209

[MPPT]
mppt_mode: 1
vboost[0..5]: 5967 5967 5967 5967 5967 5967
power[0..5]: 417 487 1316 1377 107 1046

[DAC]
dac_en[0..2]: 1 1 1
dac_val[0..5]: 222 222 222 222 222 222

[Boot/Time]
bootcause : 0
bootcnt   : 1
uptime    : 139
resetcause: 0xECF2

[MPPT Timing]
mppt_time  : 17
mppt_period: 1

[Device]
device_type[0..7]: 22 0 49 0 0 0 7 1
device_status[0..7]: 1 3 3 3 4 0 1 1

[WDT]
wdt_cnt_gnd : 65793
wdt_gnd_left: 5

[PAYLOAD HEX]
46 00 52 00 DC 00 E6 00 12 00 AE 00 4F 17 39 17 
62 17 63 17 63 17 7D 17 BC 3F CB 0C CF 00 CE 00 
D1 00 01 00 4F 17 4F 17 4F 17 4F 17 4F 17 4F 17 
A1 01 E7 01 24 05 61 05 6B 00 16 04 01 01 01 00 
DE 00 DE 00 DE 00 DE 00 DE 00 DE 00 00 00 00 00 
01 00 00 00 8B 00 00 00 F2 EC 11 00 01 00 16 00 
31 00 00 00 07 01 01 03 03 03 04 00 01 01 01 01 
01 01 01 00 05 00 00 00 A6 A2 02 00 

[RETURN VALUE]
46 00 52 00 DC 00 E6 00 12 00 AE 00 4F 17 39 17 
62 17 63 17 63 17 7D 17 BC 3F CB 0C CF 00 CE 00 
D1 00 01 00 4F 17 4F 17 4F 17 4F 17 4F 17 4F 17 
A1 01 E7 01 24 05 61 05 6B 00 16 04 01 01 01 00 
DE 00 DE 00 DE 00 DE 00 DE 00 DE 00 00 00 00 00 
01 00 00 00 8B 00 00 00 F2 EC 11 00 01 00 16 00 
31 00 00 00 07 01 01 03 03 03 04 00 01 01 01 01 
01 01 01 00 05 00 00 00 A6 A2 02 00 

[BINARY DATA]
25 08 00 C0 15 02 00 2E 42 E3 80 3F 00 00 00 00 75 18 1A 05 00 00 00 00 7C 00 46 00 52 00 DC 00 E6 00 12 00 AE 00 4F 17 39 17 62 17 63 17 63 17 7D 17 BC 3F CB 0C CF 00 CE 00 D1 00 01 00 4F 17 4F 17 4F 17 4F 17 4F 17 4F 17 A1 01 E7 01 24 05 61 05 6B 00 16 04 01 01 01 00 DE 00 DE 00 DE 00 DE 00 DE 00 DE 00 00 00 00 00 01 00 00 00 8B 00 00 00 F2 EC 11 00 01 00 16 00 31 00 00 00 07 01 01 03 03 03 04 00 01 01 01 01 01 01 01 00 05 00 00 00 A6 A2 02 00 00 00 00 00 00 00 00 00 00 00 00 00 00 00 00 00 00 00 00 00 00 00 00 00 00 00 00 00 00 00 00 00 00 00 00 00 00 00 00 00 00 00 00 00 00 00 00 00 00 00 00 00 00 00 00 00 00 00 00 00 00 00 00 00 00 00 00 00 00 00 00 00 00 00 00 00 00 00 00 00 00 00 00 00 00 00 00 00 00 00 00 00 00 00 00 00 00 00 00 00 00 00 00 00 00 00 00 00 00 00 00 00 00 00 00 00 00 00 00 00 00 00 00 00 00 00 00 00 00 00 00 00 00 00 00 00 00 00 00 00 00 00 00 00 00 00 00 00 00 00 00 00 00 00 00 00 00 00 00 00 00 00 00 00 00 00 00 00 00 00 00 00 00 00 00 00 00 00 00 00 00 00 00 00 00 00 00 00 00 00 00 00 00 00 00 00 00 00 00 00 00 00 00 00 00 00 00 00 00 00 00 00 00 00 00 00 00 00 00 00 00 00 00 00 00 00 00 00 00 00 00 00 00 00 00 00 00 00 00 00 00 00 00 00 00 00 00 00 00 00 00 00 00 00 00 00 00 00 00 00 00 00 00 00 00 00 00 00 00 00 00 00 00 00 00 00 00 00 00 00 00 00 00 00 00 00 00 00 00 00 00 00 00 00 00 00 00 00 00 00 00 00 00 00 00 00 00 00 00 00 00 00 00 00 00 00 00 00 00 00 00 00 00 00 00 00 00 00 00 00 00 00 00 00 00 00 00 00 00 00 00 00 00 00 00 00 00 00 00 00 00 00 00 00 00 00 00 00 00 00 00 00 00 00 00 00 00 00 00 00 00 00 00 00 00 00 00 00 00 00 00 00 00 00 00 00 00 00 00 00 
