================= REPORT SAVE =================

[CCSDS HEADER]
MsgId      : 0x0825
Seq        : 0xC000
Len        : 0x0215
TimeCode   : 00 3A 1A A5 DA E9
Padding    : 0x00000000

[REPORT BODY]
Reflected MID  : 0x1875
Reflected CC   : 0x1A
RetType        : 0x05
RetCode        : 0
RetValSize     : 124

================= PARSED BY MID/CC =================
ReflectedMID : 0x1875
ReflectedCC  : 0x1A
PayloadLen   : 124

[EPS P60 ACU GET TABLE HK]

[Inputs]
c_in[0..5]: 18 29 46 42 31 12
v_in[0..5]: 16862 16853 16881 16844 16857 15485

[Bus/Temp]
vbat: 16285
vcc : 3275
temp[0..2]: 215 216 217

[MPPT]
mppt_mode: 1
vboost[0..5]: 18037 18440 17446 17822 17983 17983
power[0..5]: 303 488 776 707 522 185

[DAC]
dac_en[0..2]: 1 1 1
dac_val[0..5]: 673 688 649 661 671 669

[Boot/Time]
bootcause : 3044749176
bootcnt   : 1
uptime    : 140
resetcause: 0x9458

[MPPT Timing]
mppt_time  : 6
mppt_period: 1

[Device]
device_type[0..7]: 22 0 49 0 0 0 7 1
device_status[0..7]: 1 3 3 3 4 0 1 1

[WDT]
wdt_cnt_gnd : 65793
wdt_gnd_left: 5

[PAYLOAD HEX]
12 00 1D 00 2E 00 2A 00 1F 00 0C 00 DE 41 D5 41 
F1 41 CC 41 D9 41 7D 3C 9D 3F CB 0C D7 00 D8 00 
D9 00 01 00 75 46 08 48 26 44 9E 45 3F 46 3F 46 
2F 01 E8 01 08 03 C3 02 0A 02 B9 00 01 01 01 00 
A1 02 B0 02 89 02 95 02 9F 02 9D 02 78 2F 7B B5 
01 00 00 00 8C 00 00 00 58 94 06 00 01 00 16 00 
31 00 00 00 07 01 01 03 03 03 04 00 01 01 01 01 
01 01 01 00 05 00 00 00 A0 0B 02 00 

[RETURN VALUE]
12 00 1D 00 2E 00 2A 00 1F 00 0C 00 DE 41 D5 41 
F1 41 CC 41 D9 41 7D 3C 9D 3F CB 0C D7 00 D8 00 
D9 00 01 00 75 46 08 48 26 44 9E 45 3F 46 3F 46 
2F 01 E8 01 08 03 C3 02 0A 02 B9 00 01 01 01 00 
A1 02 B0 02 89 02 95 02 9F 02 9D 02 78 2F 7B B5 
01 00 00 00 8C 00 00 00 58 94 06 00 01 00 16 00 
31 00 00 00 07 01 01 03 03 03 04 00 01 01 01 01 
01 01 01 00 05 00 00 00 A0 0B 02 00 

[BINARY DATA]
25 08 00 C0 15 02 00 3A 1A A5 DA E9 00 00 00 00 75 18 1A 05 00 00 00 00 7C 00 12 00 1D 00 2E 00 2A 00 1F 00 0C 00 DE 41 D5 41 F1 41 CC 41 D9 41 7D 3C 9D 3F CB 0C D7 00 D8 00 D9 00 01 00 75 46 08 48 26 44 9E 45 3F 46 3F 46 2F 01 E8 01 08 03 C3 02 0A 02 B9 00 01 01 01 00 A1 02 B0 02 89 02 95 02 9F 02 9D 02 78 2F 7B B5 01 00 00 00 8C 00 00 00 58 94 06 00 01 00 16 00 31 00 00 00 07 01 01 03 03 03 04 00 01 01 01 01 01 01 01 00 05 00 00 00 A0 0B 02 00 00 00 00 00 00 00 00 00 00 00 00 00 00 00 00 00 00 00 00 00 00 00 00 00 00 00 00 00 00 00 00 00 00 00 00 00 00 00 00 00 00 00 00 00 00 00 00 00 00 00 00 00 00 00 00 00 00 00 00 00 00 00 00 00 00 00 00 00 00 00 00 00 00 00 00 00 00 00 00 00 00 00 00 00 00 00 00 00 00 00 00 00 00 00 00 00 00 00 00 00 00 00 00 00 00 00 00 00 00 00 00 00 00 00 00 00 00 00 00 00 00 00 00 00 00 00 00 00 00 00 00 00 00 00 00 00 00 00 00 00 00 00 00 00 00 00 00 00 00 00 00 00 00 00 00 00 00 00 00 00 00 00 00 00 00 00 00 00 00 00 00 00 00 00 00 00 00 00 00 00 00 00 00 00 00 00 00 00 00 00 00 00 00 00 00 00 00 00 00 00 00 00 00 00 00 00 00 00 00 00 00 00 00 00 00 00 00 00 00 00 00 00 00 00 00 00 00 00 00 00 00 00 00 00 00 00 00 00 00 00 00 00 00 00 00 00 00 00 00 00 00 00 00 00 00 00 00 00 00 00 00 00 00 00 00 00 00 00 00 00 00 00 00 00 00 00 00 00 00 00 00 00 00 00 00 00 00 00 00 00 00 00 00 00 00 00 00 00 00 00 00 00 00 00 00 00 00 00 00 00 00 00 00 00 00 00 00 00 00 00 00 00 00 00 00 00 00 00 00 00 00 00 00 00 00 00 00 00 00 00 00 00 00 00 00 00 00 00 00 00 00 00 00 00 00 00 00 00 00 00 00 00 00 00 00 00 00 00 00 00 00 00 00 00 00 00 00 00 00 00 00 00 00 00 00 00 00 00 00 00 
