================= REPORT SAVE =================

[CCSDS HEADER]
MsgId      : 0x0825
Seq        : 0xC000
Len        : 0x0215
TimeCode   : 00 3C AC 8B 58 AF
Padding    : 0x00000000

[REPORT BODY]
Reflected MID  : 0x1875
Reflected CC   : 0x1A
RetType        : 0x05
RetCode        : 0
RetValSize     : 124

================= PARSED BY MID/CC =================
ReflectedMID : 0x1875
ReflectedCC  : 0x1A
PayloadLen   : 124

[EPS P60 ACU GET TABLE HK]

[Inputs]
c_in[0..5]: 48 62 52 48 14 13
v_in[0..5]: 16876 16840 16826 16788 14084 14499

[Bus/Temp]
vbat: 16253
vcc : 3275
temp[0..2]: 200 201 201

[MPPT]
mppt_mode: 1
vboost[0..5]: 18763 17607 18118 18655 17930 17822
power[0..5]: 810 1044 874 805 197 188

[DAC]
dac_en[0..2]: 1 1 1
dac_val[0..5]: 694 657 672 694 667 667

[Boot/Time]
bootcause : 3044749176
bootcnt   : 1
uptime    : 141
resetcause: 0xEB7B

[MPPT Timing]
mppt_time  : 1
mppt_period: 1

[Device]
device_type[0..7]: 22 0 49 0 0 0 7 1
device_status[0..7]: 1 3 3 3 4 0 1 1

[WDT]
wdt_cnt_gnd : 65793
wdt_gnd_left: 5

[PAYLOAD HEX]
30 00 3E 00 34 00 30 00 0E 00 0D 00 EC 41 C8 41 
BA 41 94 41 04 37 A3 38 7D 3F CB 0C C8 00 C9 00 
C9 00 01 00 4B 49 C7 44 C6 46 DF 48 0A 46 9E 45 
2A 03 14 04 6A 03 25 03 C5 00 BC 00 01 01 01 00 
B6 02 91 02 A0 02 B6 02 9B 02 9B 02 78 2F 7B B5 
01 00 00 00 8D 00 00 00 7B EB 01 00 01 00 16 00 
31 00 00 00 07 01 01 03 03 03 04 00 01 01 01 01 
01 01 01 00 05 00 00 00 7E A1 02 00 

[RETURN VALUE]
30 00 3E 00 34 00 30 00 0E 00 0D 00 EC 41 C8 41 
BA 41 94 41 04 37 A3 38 7D 3F CB 0C C8 00 C9 00 
C9 00 01 00 4B 49 C7 44 C6 46 DF 48 0A 46 9E 45 
2A 03 14 04 6A 03 25 03 C5 00 BC 00 01 01 01 00 
B6 02 91 02 A0 02 B6 02 9B 02 9B 02 78 2F 7B B5 
01 00 00 00 8D 00 00 00 7B EB 01 00 01 00 16 00 
31 00 00 00 07 01 01 03 03 03 04 00 01 01 01 01 
01 01 01 00 05 00 00 00 7E A1 02 00 

[BINARY DATA]
25 08 00 C0 15 02 00 3C AC 8B 58 AF 00 00 00 00 75 18 1A 05 00 00 00 00 7C 00 30 00 3E 00 34 00 30 00 0E 00 0D 00 EC 41 C8 41 BA 41 94 41 04 37 A3 38 7D 3F CB 0C C8 00 C9 00 C9 00 01 00 4B 49 C7 44 C6 46 DF 48 0A 46 9E 45 2A 03 14 04 6A 03 25 03 C5 00 BC 00 01 01 01 00 B6 02 91 02 A0 02 B6 02 9B 02 9B 02 78 2F 7B B5 01 00 00 00 8D 00 00 00 7B EB 01 00 01 00 16 00 31 00 00 00 07 01 01 03 03 03 04 00 01 01 01 01 01 01 01 00 05 00 00 00 7E A1 02 00 00 00 00 00 00 00 00 00 00 00 00 00 00 00 00 00 00 00 00 00 00 00 00 00 00 00 00 00 00 00 00 00 00 00 00 00 00 00 00 00 00 00 00 00 00 00 00 00 00 00 00 00 00 00 00 00 00 00 00 00 00 00 00 00 00 00 00 00 00 00 00 00 00 00 00 00 00 00 00 00 00 00 00 00 00 00 00 00 00 00 00 00 00 00 00 00 00 00 00 00 00 00 00 00 00 00 00 00 00 00 00 00 00 00 00 00 00 00 00 00 00 00 00 00 00 00 00 00 00 00 00 00 00 00 00 00 00 00 00 00 00 00 00 00 00 00 00 00 00 00 00 00 00 00 00 00 00 00 00 00 00 00 00 00 00 00 00 00 00 00 00 00 00 00 00 00 00 00 00 00 00 00 00 00 00 00 00 00 00 00 00 00 00 00 00 00 00 00 00 00 00 00 00 00 00 00 00 00 00 00 00 00 00 00 00 00 00 00 00 00 00 00 00 00 00 00 00 00 00 00 00 00 00 00 00 00 00 00 00 00 00 00 00 00 00 00 00 00 00 00 00 00 00 00 00 00 00 00 00 00 00 00 00 00 00 00 00 00 00 00 00 00 00 00 00 00 00 00 00 00 00 00 00 00 00 00 00 00 00 00 00 00 00 00 00 00 00 00 00 00 00 00 00 00 00 00 00 00 00 00 00 00 00 00 00 00 00 00 00 00 00 00 00 00 00 00 00 00 00 00 00 00 00 00 00 00 00 00 00 00 00 00 00 00 00 00 00 00 00 00 00 00 00 00 00 00 00 00 00 00 00 00 00 00 00 00 00 00 00 00 00 00 00 00 00 00 00 00 00 00 00 00 00 00 00 00 00 00 00 00 
