================= REPORT SAVE =================

[CCSDS HEADER]
MsgId      : 0x0825
Seq        : 0xC000
Len        : 0x0215
TimeCode   : 00 2E 43 A7 E8 3F
Padding    : 0x00000000

[REPORT BODY]
Reflected MID  : 0x1875
Reflected CC   : 0x1A
RetType        : 0x05
RetCode        : 0
RetValSize     : 124

================= PARSED BY MID/CC =================
ReflectedMID : 0x1875
ReflectedCC  : 0x1A
PayloadLen   : 124

[EPS P60 ACU GET TABLE HK]

[Inputs]
c_in[0..5]: 344 345 86 89 266 31
v_in[0..5]: 4510 4521 4521 4524 4552 4541

[Bus/Temp]
vbat: 16285
vcc : 3275
temp[0..2]: 212 211 214

[MPPT]
mppt_mode: 1
vboost[0..5]: 4543 4543 4543 4543 4543 4543
power[0..5]: 1551 1559 388 402 1210 140

[DAC]
dac_en[0..2]: 1 1 1
dac_val[0..5]: 170 170 170 170 170 170

[Boot/Time]
bootcause : 0
bootcnt   : 1
uptime    : 139
resetcause: 0xEDB6

[MPPT Timing]
mppt_time  : 17
mppt_period: 1

[Device]
device_type[0..7]: 22 0 49 0 0 0 7 1
device_status[0..7]: 1 3 3 3 4 0 1 1

[WDT]
wdt_cnt_gnd : 65793
wdt_gnd_left: 5

[PAYLOAD HEX]
58 01 59 01 56 00 59 00 0A 01 1F 00 9E 11 A9 11 
A9 11 AC 11 C8 11 BD 11 9D 3F CB 0C D4 00 D3 00 
D6 00 01 00 BF 11 BF 11 BF 11 BF 11 BF 11 BF 11 
0F 06 17 06 84 01 92 01 BA 04 8C 00 01 01 01 00 
AA 00 AA 00 AA 00 AA 00 AA 00 AA 00 00 00 00 00 
01 00 00 00 8B 00 00 00 B6 ED 11 00 01 00 16 00 
31 00 00 00 07 01 01 03 03 03 04 00 01 01 01 01 
01 01 01 00 05 00 00 00 E2 A1 02 00 

[RETURN VALUE]
58 01 59 01 56 00 59 00 0A 01 1F 00 9E 11 A9 11 
A9 11 AC 11 C8 11 BD 11 9D 3F CB 0C D4 00 D3 00 
D6 00 01 00 BF 11 BF 11 BF 11 BF 11 BF 11 BF 11 
0F 06 17 06 84 01 92 01 BA 04 8C 00 01 01 01 00 
AA 00 AA 00 AA 00 AA 00 AA 00 AA 00 00 00 00 00 
01 00 00 00 8B 00 00 00 B6 ED 11 00 01 00 16 00 
31 00 00 00 07 01 01 03 03 03 04 00 01 01 01 01 
01 01 01 00 05 00 00 00 E2 A1 02 00 

[BINARY DATA]
25 08 00 C0 15 02 00 2E 43 A7 E8 3F 00 00 00 00 75 18 1A 05 00 00 00 00 7C 00 58 01 59 01 56 00 59 00 0A 01 1F 00 9E 11 A9 11 A9 11 AC 11 C8 11 BD 11 9D 3F CB 0C D4 00 D3 00 D6 00 01 00 BF 11 BF 11 BF 11 BF 11 BF 11 BF 11 0F 06 17 06 84 01 92 01 BA 04 8C 00 01 01 01 00 AA 00 AA 00 AA 00 AA 00 AA 00 AA 00 00 00 00 00 01 00 00 00 8B 00 00 00 B6 ED 11 00 01 00 16 00 31 00 00 00 07 01 01 03 03 03 04 00 01 01 01 01 01 01 01 00 05 00 00 00 E2 A1 02 00 00 00 00 00 00 00 00 00 00 00 00 00 00 00 00 00 00 00 00 00 00 00 00 00 00 00 00 00 00 00 00 00 00 00 00 00 00 00 00 00 00 00 00 00 00 00 00 00 00 00 00 00 00 00 00 00 00 00 00 00 00 00 00 00 00 00 00 00 00 00 00 00 00 00 00 00 00 00 00 00 00 00 00 00 00 00 00 00 00 00 00 00 00 00 00 00 00 00 00 00 00 00 00 00 00 00 00 00 00 00 00 00 00 00 00 00 00 00 00 00 00 00 00 00 00 00 00 00 00 00 00 00 00 00 00 00 00 00 00 00 00 00 00 00 00 00 00 00 00 00 00 00 00 00 00 00 00 00 00 00 00 00 00 00 00 00 00 00 00 00 00 00 00 00 00 00 00 00 00 00 00 00 00 00 00 00 00 00 00 00 00 00 00 00 00 00 00 00 00 00 00 00 00 00 00 00 00 00 00 00 00 00 00 00 00 00 00 00 00 00 00 00 00 00 00 00 00 00 00 00 00 00 00 00 00 00 00 00 00 00 00 00 00 00 00 00 00 00 00 00 00 00 00 00 00 00 00 00 00 00 00 00 00 00 00 00 00 00 00 00 00 00 00 00 00 00 00 00 00 00 00 00 00 00 00 00 00 00 00 00 00 00 00 00 00 00 00 00 00 00 00 00 00 00 00 00 00 00 00 00 00 00 00 00 00 00 00 00 00 00 00 00 00 00 00 00 00 00 00 00 00 00 00 00 00 00 00 00 00 00 00 00 00 00 00 00 00 00 00 00 00 00 00 00 00 00 00 00 00 00 00 00 00 00 00 00 00 00 00 00 00 00 00 00 00 00 00 00 00 00 00 00 00 00 00 00 00 00 00 00 
