================= REPORT SAVE =================

[CCSDS HEADER]
MsgId      : 0x0825
Seq        : 0xC000
Len        : 0x0215
TimeCode   : 00 36 20 4A 9C E8
Padding    : 0x00000000

[REPORT BODY]
Reflected MID  : 0x1875
Reflected CC   : 0x1A
RetType        : 0x05
RetCode        : -110
RetValSize     : 124

================= PARSED BY MID/CC =================
ReflectedMID : 0x1875
ReflectedCC  : 0x1A
PayloadLen   : 124

[EPS P60 ACU GET TABLE HK]

[Inputs]
c_in[0..5]: 81 100 67 67 113 176
v_in[0..5]: 9964 9940 9968 9960 10001 10041

[Bus/Temp]
vbat: 16285
vcc : 3275
temp[0..2]: 210 209 212

[MPPT]
mppt_mode: 1
vboost[0..5]: 9811 9811 9811 9811 9811 9811
power[0..5]: 807 994 667 667 1130 1767

[DAC]
dac_en[0..2]: 1 1 1
dac_val[0..5]: 367 367 367 367 367 367

[Boot/Time]
bootcause : 3044749176
bootcnt   : 1
uptime    : 140
resetcause: 0x997E

[MPPT Timing]
mppt_time  : 2
mppt_period: 1

[Device]
device_type[0..7]: 22 0 0 0 0 0 160 47
device_status[0..7]: 123 181 168 47 123 181 176 47

[WDT]
wdt_cnt_gnd : 3044749200
wdt_gnd_left: 0

[PAYLOAD HEX]
51 00 64 00 43 00 43 00 71 00 B0 00 EC 26 D4 26 
F0 26 E8 26 11 27 39 27 9D 3F CB 0C D2 00 D1 00 
D4 00 01 00 53 26 53 26 53 26 53 26 53 26 53 26 
27 03 E2 03 9B 02 9B 02 6A 04 E7 06 01 01 01 00 
6F 01 6F 01 6F 01 6F 01 6F 01 6F 01 78 2F 7B B5 
01 00 00 00 8C 00 00 00 7E 99 02 00 01 00 16 00 
00 00 00 00 A0 2F 7B B5 A8 2F 7B B5 B0 2F 7B B5 
90 2F 7B B5 00 00 00 00 00 00 00 00 

[RETURN VALUE]
51 00 64 00 43 00 43 00 71 00 B0 00 EC 26 D4 26 
F0 26 E8 26 11 27 39 27 9D 3F CB 0C D2 00 D1 00 
D4 00 01 00 53 26 53 26 53 26 53 26 53 26 53 26 
27 03 E2 03 9B 02 9B 02 6A 04 E7 06 01 01 01 00 
6F 01 6F 01 6F 01 6F 01 6F 01 6F 01 78 2F 7B B5 
01 00 00 00 8C 00 00 00 7E 99 02 00 01 00 16 00 
00 00 00 00 A0 2F 7B B5 A8 2F 7B B5 B0 2F 7B B5 
90 2F 7B B5 00 00 00 00 00 00 00 00 

[BINARY DATA]
25 08 00 C0 15 02 00 36 20 4A 9C E8 00 00 00 00 75 18 1A 05 92 FF FF FF 7C 00 51 00 64 00 43 00 43 00 71 00 B0 00 EC 26 D4 26 F0 26 E8 26 11 27 39 27 9D 3F CB 0C D2 00 D1 00 D4 00 01 00 53 26 53 26 53 26 53 26 53 26 53 26 27 03 E2 03 9B 02 9B 02 6A 04 E7 06 01 01 01 00 6F 01 6F 01 6F 01 6F 01 6F 01 6F 01 78 2F 7B B5 01 00 00 00 8C 00 00 00 7E 99 02 00 01 00 16 00 00 00 00 00 A0 2F 7B B5 A8 2F 7B B5 B0 2F 7B B5 90 2F 7B B5 00 00 00 00 00 00 00 00 00 00 00 00 00 00 00 00 00 00 00 00 00 00 00 00 00 00 00 00 00 00 00 00 00 00 00 00 00 00 00 00 00 00 00 00 00 00 00 00 00 00 00 00 00 00 00 00 00 00 00 00 00 00 00 00 00 00 00 00 00 00 00 00 00 00 00 00 00 00 00 00 00 00 00 00 00 00 00 00 00 00 00 00 00 00 00 00 00 00 00 00 00 00 00 00 00 00 00 00 00 00 00 00 00 00 00 00 00 00 00 00 00 00 00 00 00 00 00 00 00 00 00 00 00 00 00 00 00 00 00 00 00 00 00 00 00 00 00 00 00 00 00 00 00 00 00 00 00 00 00 00 00 00 00 00 00 00 00 00 00 00 00 00 00 00 00 00 00 00 00 00 00 00 00 00 00 00 00 00 00 00 00 00 00 00 00 00 00 00 00 00 00 00 00 00 00 00 00 00 00 00 00 00 00 00 00 00 00 00 00 00 00 00 00 00 00 00 00 00 00 00 00 00 00 00 00 00 00 00 00 00 00 00 00 00 00 00 00 00 00 00 00 00 00 00 00 00 00 00 00 00 00 00 00 00 00 00 00 00 00 00 00 00 00 00 00 00 00 00 00 00 00 00 00 00 00 00 00 00 00 00 00 00 00 00 00 00 00 00 00 00 00 00 00 00 00 00 00 00 00 00 00 00 00 00 00 00 00 00 00 00 00 00 00 00 00 00 00 00 00 00 00 00 00 00 00 00 00 00 00 00 00 00 00 00 00 00 00 00 00 00 00 00 00 00 00 00 00 00 00 00 00 00 00 00 00 00 00 00 00 00 00 00 00 00 00 00 00 00 00 00 00 00 00 00 00 00 00 00 00 00 00 00 00 00 00 00 00 00 
