================= REPORT SAVE =================

[CCSDS HEADER]
MsgId      : 0x0825
Seq        : 0xC000
Len        : 0x0215
TimeCode   : 00 3A C0 F3 B2 BE
Padding    : 0x00000000

[REPORT BODY]
Reflected MID  : 0x1875
Reflected CC   : 0x17
RetType        : 0x05
RetCode        : 0
RetValSize     : 144

================= PARSED BY MID/CC =================
ReflectedMID : 0x1875
ReflectedCC  : 0x17
PayloadLen   : 144

[EPS P60 PDU GET TABLE HK]

[Report Data]
c_out[0..8]: 20 29 26 23 12 21 15 21 20
v_out[0..8]: 5050 0 0 0 1094 0 0 0 0
out_en[0..8]: 0 1 0 0 0 0 0 0 0
conv_en[0..2]: 0 0 1

[Power]
vcc                    : 3276
vbat                   : 16160
temp                   : 215

[Boot/Time]
bootcause              : 1
bootcnt                : 121
uptime                 : 473789
resetcause             : 0x0001

[Modes]
batt_mode              : 3

[Latchups]
latchup[0..8]: 0 0 0 0 0 0 0 0 0

[Device]
device_type[0..7]: 7 2 2 4 0 0 0 0
device_status[0..7]: 1 1 1 1 0 0 0 0

[WDT Counters]
wdt_cnt_gnd            : 5
wdt_cnt_i2c            : 0
wdt_cnt_can            : 0
wdt_cnt_csp[0..1]: 0 0

[WDT Left]
wdt_gnd_left           : 172651
wdt_i2c_left           : 0
wdt_can_left           : 0
wdt_csp_left[0..1]: 5 5

[PAYLOAD HEX]
14 00 1D 00 1A 00 17 00 0C 00 15 00 0F 00 15 00 
14 00 BA 13 00 00 00 00 00 00 46 04 00 00 00 00 
00 00 00 00 CC 0C 20 3F D7 00 00 00 01 00 01 00 
00 00 00 00 00 00 00 00 01 00 00 00 79 00 00 00 
BD 3A 07 00 01 00 03 00 00 00 00 00 00 00 00 00 
00 00 00 00 00 00 00 00 00 00 07 02 02 04 00 00 
00 00 01 01 01 01 00 00 00 00 00 00 05 00 00 00 
00 00 00 00 00 00 00 00 00 00 00 00 00 00 00 00 
6B A2 02 00 00 00 00 00 00 00 00 00 05 05 00 00 

[RETURN VALUE]
14 00 1D 00 1A 00 17 00 0C 00 15 00 0F 00 15 00 
14 00 BA 13 00 00 00 00 00 00 46 04 00 00 00 00 
00 00 00 00 CC 0C 20 3F D7 00 00 00 01 00 01 00 
00 00 00 00 00 00 00 00 01 00 00 00 79 00 00 00 
BD 3A 07 00 01 00 03 00 00 00 00 00 00 00 00 00 
00 00 00 00 00 00 00 00 00 00 07 02 02 04 00 00 
00 00 01 01 01 01 00 00 00 00 00 00 05 00 00 00 
00 00 00 00 00 00 00 00 00 00 00 00 00 00 00 00 
6B A2 02 00 00 00 00 00 00 00 00 00 05 05 00 00 

[BINARY DATA]
25 08 00 C0 15 02 00 3A C0 F3 B2 BE 00 00 00 00 75 18 17 05 00 00 00 00 90 00 14 00 1D 00 1A 00 17 00 0C 00 15 00 0F 00 15 00 14 00 BA 13 00 00 00 00 00 00 46 04 00 00 00 00 00 00 00 00 CC 0C 20 3F D7 00 00 00 01 00 01 00 00 00 00 00 00 00 00 00 01 00 00 00 79 00 00 00 BD 3A 07 00 01 00 03 00 00 00 00 00 00 00 00 00 00 00 00 00 00 00 00 00 00 00 07 02 02 04 00 00 00 00 01 01 01 01 00 00 00 00 00 00 05 00 00 00 00 00 00 00 00 00 00 00 00 00 00 00 00 00 00 00 6B A2 02 00 00 00 00 00 00 00 00 00 05 05 00 00 00 00 00 00 00 00 00 00 00 00 00 00 00 00 00 00 00 00 00 00 00 00 00 00 00 00 00 00 00 00 00 00 00 00 00 00 00 00 00 00 00 00 00 00 00 00 00 00 00 00 00 00 00 00 00 00 00 00 00 00 00 00 00 00 00 00 00 00 00 00 00 00 00 00 00 00 00 00 00 00 00 00 00 00 00 00 00 00 00 00 00 00 00 00 00 00 00 00 00 00 00 00 00 00 00 00 00 00 00 00 00 00 00 00 00 00 00 00 00 00 00 00 00 00 00 00 00 00 00 00 00 00 00 00 00 00 00 00 00 00 00 00 00 00 00 00 00 00 00 00 00 00 00 00 00 00 00 00 00 00 00 00 00 00 00 00 00 00 00 00 00 00 00 00 00 00 00 00 00 00 00 00 00 00 00 00 00 00 00 00 00 00 00 00 00 00 00 00 00 00 00 00 00 00 00 00 00 00 00 00 00 00 00 00 00 00 00 00 00 00 00 00 00 00 00 00 00 00 00 00 00 00 00 00 00 00 00 00 00 00 00 00 00 00 00 00 00 00 00 00 00 00 00 00 00 00 00 00 00 00 00 00 00 00 00 00 00 00 00 00 00 00 00 00 00 00 00 00 00 00 00 00 00 00 00 00 00 00 00 00 00 00 00 00 00 00 00 00 00 00 00 00 00 00 00 00 00 00 00 00 00 00 00 00 00 00 00 00 00 00 00 00 00 00 00 00 00 00 00 00 00 00 00 00 00 00 00 00 00 00 00 00 00 00 00 00 00 00 00 00 00 00 00 00 00 00 00 00 00 00 00 00 00 00 00 00 00 00 00 00 
