================= REPORT SAVE =================

[CCSDS HEADER]
MsgId      : 0x0825
Seq        : 0xC000
Len        : 0x0215
TimeCode   : 00 2F 81 45 D0 3F
Padding    : 0x00000000

[REPORT BODY]
Reflected MID  : 0x1875
Reflected CC   : 0x1A
RetType        : 0x05
RetCode        : 0
RetValSize     : 124

================= PARSED BY MID/CC =================
ReflectedMID : 0x1875
ReflectedCC  : 0x1A
PayloadLen   : 124

[EPS P60 ACU GET TABLE HK]

[Inputs]
c_in[0..5]: 9 17 61 56 14 12
v_in[0..5]: 652 4935 16881 16857 14333 15485

[Bus/Temp]
vbat: 16253
vcc : 3275
temp[0..2]: 220 221 222

[MPPT]
mppt_mode: 1
vboost[0..5]: 17930 18037 17607 18655 17930 17983
power[0..5]: 5 83 1029 943 200 185

[DAC]
dac_en[0..2]: 1 1 1
dac_val[0..5]: 667 671 655 694 667 669

[Boot/Time]
bootcause : 0
bootcnt   : 1
uptime    : 139
resetcause: 0x2B7B

[MPPT Timing]
mppt_time  : 19
mppt_period: 1

[Device]
device_type[0..7]: 22 0 49 0 0 0 7 1
device_status[0..7]: 1 3 3 3 4 0 1 1

[WDT]
wdt_cnt_gnd : 65793
wdt_gnd_left: 5

[PAYLOAD HEX]
09 00 11 00 3D 00 38 00 0E 00 0C 00 8C 02 47 13 
F1 41 D9 41 FD 37 7D 3C 7D 3F CB 0C DC 00 DD 00 
DE 00 01 00 0A 46 75 46 C7 44 DF 48 0A 46 3F 46 
05 00 53 00 05 04 AF 03 C8 00 B9 00 01 01 01 00 
9B 02 9F 02 8F 02 B6 02 9B 02 9D 02 00 00 00 00 
01 00 00 00 8B 00 00 00 7B 2B 13 00 01 00 16 00 
31 00 00 00 07 01 01 03 03 03 04 00 01 01 01 01 
01 01 01 00 05 00 00 00 6E A1 02 00 

[RETURN VALUE]
09 00 11 00 3D 00 38 00 0E 00 0C 00 8C 02 47 13 
F1 41 D9 41 FD 37 7D 3C 7D 3F CB 0C DC 00 DD 00 
DE 00 01 00 0A 46 75 46 C7 44 DF 48 0A 46 3F 46 
05 00 53 00 05 04 AF 03 C8 00 B9 00 01 01 01 00 
9B 02 9F 02 8F 02 B6 02 9B 02 9D 02 00 00 00 00 
01 00 00 00 8B 00 00 00 7B 2B 13 00 01 00 16 00 
31 00 00 00 07 01 01 03 03 03 04 00 01 01 01 01 
01 01 01 00 05 00 00 00 6E A1 02 00 

[BINARY DATA]
25 08 00 C0 15 02 00 2F 81 45 D0 3F 00 00 00 00 75 18 1A 05 00 00 00 00 7C 00 09 00 11 00 3D 00 38 00 0E 00 0C 00 8C 02 47 13 F1 41 D9 41 FD 37 7D 3C 7D 3F CB 0C DC 00 DD 00 DE 00 01 00 0A 46 75 46 C7 44 DF 48 0A 46 3F 46 05 00 53 00 05 04 AF 03 C8 00 B9 00 01 01 01 00 9B 02 9F 02 8F 02 B6 02 9B 02 9D 02 00 00 00 00 01 00 00 00 8B 00 00 00 7B 2B 13 00 01 00 16 00 31 00 00 00 07 01 01 03 03 03 04 00 01 01 01 01 01 01 01 00 05 00 00 00 6E A1 02 00 00 00 00 00 00 00 00 00 00 00 00 00 00 00 00 00 00 00 00 00 00 00 00 00 00 00 00 00 00 00 00 00 00 00 00 00 00 00 00 00 00 00 00 00 00 00 00 00 00 00 00 00 00 00 00 00 00 00 00 00 00 00 00 00 00 00 00 00 00 00 00 00 00 00 00 00 00 00 00 00 00 00 00 00 00 00 00 00 00 00 00 00 00 00 00 00 00 00 00 00 00 00 00 00 00 00 00 00 00 00 00 00 00 00 00 00 00 00 00 00 00 00 00 00 00 00 00 00 00 00 00 00 00 00 00 00 00 00 00 00 00 00 00 00 00 00 00 00 00 00 00 00 00 00 00 00 00 00 00 00 00 00 00 00 00 00 00 00 00 00 00 00 00 00 00 00 00 00 00 00 00 00 00 00 00 00 00 00 00 00 00 00 00 00 00 00 00 00 00 00 00 00 00 00 00 00 00 00 00 00 00 00 00 00 00 00 00 00 00 00 00 00 00 00 00 00 00 00 00 00 00 00 00 00 00 00 00 00 00 00 00 00 00 00 00 00 00 00 00 00 00 00 00 00 00 00 00 00 00 00 00 00 00 00 00 00 00 00 00 00 00 00 00 00 00 00 00 00 00 00 00 00 00 00 00 00 00 00 00 00 00 00 00 00 00 00 00 00 00 00 00 00 00 00 00 00 00 00 00 00 00 00 00 00 00 00 00 00 00 00 00 00 00 00 00 00 00 00 00 00 00 00 00 00 00 00 00 00 00 00 00 00 00 00 00 00 00 00 00 00 00 00 00 00 00 00 00 00 00 00 00 00 00 00 00 00 00 00 00 00 00 00 00 00 00 00 00 00 00 00 00 00 00 00 00 00 00 00 00 00 
