================= REPORT SAVE =================

[CCSDS HEADER]
MsgId      : 0x0825
Seq        : 0xC000
Len        : 0x0215
TimeCode   : 00 2F 80 D8 CA 4D
Padding    : 0x00000000

[REPORT BODY]
Reflected MID  : 0x1875
Reflected CC   : 0x1A
RetType        : 0x05
RetCode        : 0
RetValSize     : 124

================= PARSED BY MID/CC =================
ReflectedMID : 0x1875
ReflectedCC  : 0x1A
PayloadLen   : 124

[EPS P60 ACU GET TABLE HK]

[Inputs]
c_in[0..5]: 8 19 284 283 257 27
v_in[0..5]: 5801 5779 5834 5821 5849 5832

[Bus/Temp]
vbat: 16285
vcc : 3275
temp[0..2]: 225 222 225

[MPPT]
mppt_mode: 1
vboost[0..5]: 5860 5860 5833 5833 5833 5833
power[0..5]: 46 109 1656 1647 1503 151

[DAC]
dac_en[0..2]: 1 1 1
dac_val[0..5]: 217 217 217 215 217 215

[Boot/Time]
bootcause : 0
bootcnt   : 1
uptime    : 139
resetcause: 0x2B0E

[MPPT Timing]
mppt_time  : 19
mppt_period: 1

[Device]
device_type[0..7]: 22 0 49 0 0 0 7 1
device_status[0..7]: 1 3 3 3 4 0 1 1

[WDT]
wdt_cnt_gnd : 65793
wdt_gnd_left: 5

[PAYLOAD HEX]
08 00 13 00 1C 01 1B 01 01 01 1B 00 A9 16 93 16 
CA 16 BD 16 D9 16 C8 16 9D 3F CB 0C E1 00 DE 00 
E1 00 01 00 E4 16 E4 16 C9 16 C9 16 C9 16 C9 16 
2E 00 6D 00 78 06 6F 06 DF 05 97 00 01 01 01 00 
D9 00 D9 00 D9 00 D7 00 D9 00 D7 00 00 00 00 00 
01 00 00 00 8B 00 00 00 0E 2B 13 00 01 00 16 00 
31 00 00 00 07 01 01 03 03 03 04 00 01 01 01 01 
01 01 01 00 05 00 00 00 DB A1 02 00 

[RETURN VALUE]
08 00 13 00 1C 01 1B 01 01 01 1B 00 A9 16 93 16 
CA 16 BD 16 D9 16 C8 16 9D 3F CB 0C E1 00 DE 00 
E1 00 01 00 E4 16 E4 16 C9 16 C9 16 C9 16 C9 16 
2E 00 6D 00 78 06 6F 06 DF 05 97 00 01 01 01 00 
D9 00 D9 00 D9 00 D7 00 D9 00 D7 00 00 00 00 00 
01 00 00 00 8B 00 00 00 0E 2B 13 00 01 00 16 00 
31 00 00 00 07 01 01 03 03 03 04 00 01 01 01 01 
01 01 01 00 05 00 00 00 DB A1 02 00 

[BINARY DATA]
25 08 00 C0 15 02 00 2F 80 D8 CA 4D 00 00 00 00 75 18 1A 05 00 00 00 00 7C 00 08 00 13 00 1C 01 1B 01 01 01 1B 00 A9 16 93 16 CA 16 BD 16 D9 16 C8 16 9D 3F CB 0C E1 00 DE 00 E1 00 01 00 E4 16 E4 16 C9 16 C9 16 C9 16 C9 16 2E 00 6D 00 78 06 6F 06 DF 05 97 00 01 01 01 00 D9 00 D9 00 D9 00 D7 00 D9 00 D7 00 00 00 00 00 01 00 00 00 8B 00 00 00 0E 2B 13 00 01 00 16 00 31 00 00 00 07 01 01 03 03 03 04 00 01 01 01 01 01 01 01 00 05 00 00 00 DB A1 02 00 00 00 00 00 00 00 00 00 00 00 00 00 00 00 00 00 00 00 00 00 00 00 00 00 00 00 00 00 00 00 00 00 00 00 00 00 00 00 00 00 00 00 00 00 00 00 00 00 00 00 00 00 00 00 00 00 00 00 00 00 00 00 00 00 00 00 00 00 00 00 00 00 00 00 00 00 00 00 00 00 00 00 00 00 00 00 00 00 00 00 00 00 00 00 00 00 00 00 00 00 00 00 00 00 00 00 00 00 00 00 00 00 00 00 00 00 00 00 00 00 00 00 00 00 00 00 00 00 00 00 00 00 00 00 00 00 00 00 00 00 00 00 00 00 00 00 00 00 00 00 00 00 00 00 00 00 00 00 00 00 00 00 00 00 00 00 00 00 00 00 00 00 00 00 00 00 00 00 00 00 00 00 00 00 00 00 00 00 00 00 00 00 00 00 00 00 00 00 00 00 00 00 00 00 00 00 00 00 00 00 00 00 00 00 00 00 00 00 00 00 00 00 00 00 00 00 00 00 00 00 00 00 00 00 00 00 00 00 00 00 00 00 00 00 00 00 00 00 00 00 00 00 00 00 00 00 00 00 00 00 00 00 00 00 00 00 00 00 00 00 00 00 00 00 00 00 00 00 00 00 00 00 00 00 00 00 00 00 00 00 00 00 00 00 00 00 00 00 00 00 00 00 00 00 00 00 00 00 00 00 00 00 00 00 00 00 00 00 00 00 00 00 00 00 00 00 00 00 00 00 00 00 00 00 00 00 00 00 00 00 00 00 00 00 00 00 00 00 00 00 00 00 00 00 00 00 00 00 00 00 00 00 00 00 00 00 00 00 00 00 00 00 00 00 00 00 00 00 00 00 00 00 00 00 00 00 00 00 00 00 
