================= REPORT SAVE =================

[CCSDS HEADER]
MsgId      : 0x0825
Seq        : 0xC000
Len        : 0x0215
TimeCode   : 00 37 73 CB 02 C5
Padding    : 0x00000000

[REPORT BODY]
Reflected MID  : 0x1875
Reflected CC   : 0x1A
RetType        : 0x05
RetCode        : 0
RetValSize     : 124

================= PARSED BY MID/CC =================
ReflectedMID : 0x1875
ReflectedCC  : 0x1A
PayloadLen   : 124

[EPS P60 ACU GET TABLE HK]

[Inputs]
c_in[0..5]: 49 58 456 454 63 91
v_in[0..5]: 4316 4313 4369 4331 4345 4346

[Bus/Temp]
vbat: 16285
vcc : 3275
temp[0..2]: 232 231 234

[MPPT]
mppt_mode: 1
vboost[0..5]: 4381 4381 4381 4381 4381 4381
power[0..5]: 211 250 1992 1966 273 395

[DAC]
dac_en[0..2]: 1 1 1
dac_val[0..5]: 163 163 163 163 163 163

[Boot/Time]
bootcause : 3044749176
bootcnt   : 1
uptime    : 140
resetcause: 0xED29

[MPPT Timing]
mppt_time  : 3
mppt_period: 1

[Device]
device_type[0..7]: 22 0 49 0 0 0 7 1
device_status[0..7]: 1 3 3 3 4 0 1 1

[WDT]
wdt_cnt_gnd : 65793
wdt_gnd_left: 5

[PAYLOAD HEX]
31 00 3A 00 C8 01 C6 01 3F 00 5B 00 DC 10 D9 10 
11 11 EB 10 F9 10 FA 10 9D 3F CB 0C E8 00 E7 00 
EA 00 01 00 1D 11 1D 11 1D 11 1D 11 1D 11 1D 11 
D3 00 FA 00 C8 07 AE 07 11 01 8B 01 01 01 01 00 
A3 00 A3 00 A3 00 A3 00 A3 00 A3 00 78 2F 7B B5 
01 00 00 00 8C 00 00 00 29 ED 03 00 01 00 16 00 
31 00 00 00 07 01 01 03 03 03 04 00 01 01 01 01 
01 01 01 00 05 00 00 00 50 4F 01 00 

[RETURN VALUE]
31 00 3A 00 C8 01 C6 01 3F 00 5B 00 DC 10 D9 10 
11 11 EB 10 F9 10 FA 10 9D 3F CB 0C E8 00 E7 00 
EA 00 01 00 1D 11 1D 11 1D 11 1D 11 1D 11 1D 11 
D3 00 FA 00 C8 07 AE 07 11 01 8B 01 01 01 01 00 
A3 00 A3 00 A3 00 A3 00 A3 00 A3 00 78 2F 7B B5 
01 00 00 00 8C 00 00 00 29 ED 03 00 01 00 16 00 
31 00 00 00 07 01 01 03 03 03 04 00 01 01 01 01 
01 01 01 00 05 00 00 00 50 4F 01 00 

[BINARY DATA]
25 08 00 C0 15 02 00 37 73 CB 02 C5 00 00 00 00 75 18 1A 05 00 00 00 00 7C 00 31 00 3A 00 C8 01 C6 01 3F 00 5B 00 DC 10 D9 10 11 11 EB 10 F9 10 FA 10 9D 3F CB 0C E8 00 E7 00 EA 00 01 00 1D 11 1D 11 1D 11 1D 11 1D 11 1D 11 D3 00 FA 00 C8 07 AE 07 11 01 8B 01 01 01 01 00 A3 00 A3 00 A3 00 A3 00 A3 00 A3 00 78 2F 7B B5 01 00 00 00 8C 00 00 00 29 ED 03 00 01 00 16 00 31 00 00 00 07 01 01 03 03 03 04 00 01 01 01 01 01 01 01 00 05 00 00 00 50 4F 01 00 00 00 00 00 00 00 00 00 00 00 00 00 00 00 00 00 00 00 00 00 00 00 00 00 00 00 00 00 00 00 00 00 00 00 00 00 00 00 00 00 00 00 00 00 00 00 00 00 00 00 00 00 00 00 00 00 00 00 00 00 00 00 00 00 00 00 00 00 00 00 00 00 00 00 00 00 00 00 00 00 00 00 00 00 00 00 00 00 00 00 00 00 00 00 00 00 00 00 00 00 00 00 00 00 00 00 00 00 00 00 00 00 00 00 00 00 00 00 00 00 00 00 00 00 00 00 00 00 00 00 00 00 00 00 00 00 00 00 00 00 00 00 00 00 00 00 00 00 00 00 00 00 00 00 00 00 00 00 00 00 00 00 00 00 00 00 00 00 00 00 00 00 00 00 00 00 00 00 00 00 00 00 00 00 00 00 00 00 00 00 00 00 00 00 00 00 00 00 00 00 00 00 00 00 00 00 00 00 00 00 00 00 00 00 00 00 00 00 00 00 00 00 00 00 00 00 00 00 00 00 00 00 00 00 00 00 00 00 00 00 00 00 00 00 00 00 00 00 00 00 00 00 00 00 00 00 00 00 00 00 00 00 00 00 00 00 00 00 00 00 00 00 00 00 00 00 00 00 00 00 00 00 00 00 00 00 00 00 00 00 00 00 00 00 00 00 00 00 00 00 00 00 00 00 00 00 00 00 00 00 00 00 00 00 00 00 00 00 00 00 00 00 00 00 00 00 00 00 00 00 00 00 00 00 00 00 00 00 00 00 00 00 00 00 00 00 00 00 00 00 00 00 00 00 00 00 00 00 00 00 00 00 00 00 00 00 00 00 00 00 00 00 00 00 00 00 00 00 00 00 00 00 00 00 00 00 00 00 00 00 
