================= REPORT SAVE =================

[CCSDS HEADER]
MsgId      : 0x0825
Seq        : 0xC000
Len        : 0x0215
TimeCode   : 00 2E 42 CC 64 32
Padding    : 0x00000000

[REPORT BODY]
Reflected MID  : 0x1875
Reflected CC   : 0x1A
RetType        : 0x05
RetCode        : 0
RetValSize     : 124

================= PARSED BY MID/CC =================
ReflectedMID : 0x1875
ReflectedCC  : 0x1A
PayloadLen   : 124

[EPS P60 ACU GET TABLE HK]

[Inputs]
c_in[0..5]: 71 83 143 151 29 257
v_in[0..5]: 8063 8046 8074 8056 8097 8138

[Bus/Temp]
vbat: 16316
vcc : 3275
temp[0..2]: 207 205 209

[MPPT]
mppt_mode: 1
vboost[0..5]: 7930 7930 7930 7930 7930 7930
power[0..5]: 572 667 1154 1216 234 2091

[DAC]
dac_en[0..2]: 1 1 1
dac_val[0..5]: 298 298 298 298 298 298

[Boot/Time]
bootcause : 0
bootcnt   : 1
uptime    : 139
resetcause: 0xECDA

[MPPT Timing]
mppt_time  : 17
mppt_period: 1

[Device]
device_type[0..7]: 22 0 49 0 0 0 7 1
device_status[0..7]: 1 3 3 3 4 0 1 1

[WDT]
wdt_cnt_gnd : 65793
wdt_gnd_left: 5

[PAYLOAD HEX]
47 00 53 00 8F 00 97 00 1D 00 01 01 7F 1F 6E 1F 
8A 1F 78 1F A1 1F CA 1F BC 3F CB 0C CF 00 CD 00 
D1 00 01 00 FA 1E FA 1E FA 1E FA 1E FA 1E FA 1E 
3C 02 9B 02 82 04 C0 04 EA 00 2B 08 01 01 01 00 
2A 01 2A 01 2A 01 2A 01 2A 01 2A 01 00 00 00 00 
01 00 00 00 8B 00 00 00 DA EC 11 00 01 00 16 00 
31 00 00 00 07 01 01 03 03 03 04 00 01 01 01 01 
01 01 01 00 05 00 00 00 BE A2 02 00 

[RETURN VALUE]
47 00 53 00 8F 00 97 00 1D 00 01 01 7F 1F 6E 1F 
8A 1F 78 1F A1 1F CA 1F BC 3F CB 0C CF 00 CD 00 
D1 00 01 00 FA 1E FA 1E FA 1E FA 1E FA 1E FA 1E 
3C 02 9B 02 82 04 C0 04 EA 00 2B 08 01 01 01 00 
2A 01 2A 01 2A 01 2A 01 2A 01 2A 01 00 00 00 00 
01 00 00 00 8B 00 00 00 DA EC 11 00 01 00 16 00 
31 00 00 00 07 01 01 03 03 03 04 00 01 01 01 01 
01 01 01 00 05 00 00 00 BE A2 02 00 

[BINARY DATA]
25 08 00 C0 15 02 00 2E 42 CC 64 32 00 00 00 00 75 18 1A 05 00 00 00 00 7C 00 47 00 53 00 8F 00 97 00 1D 00 01 01 7F 1F 6E 1F 8A 1F 78 1F A1 1F CA 1F BC 3F CB 0C CF 00 CD 00 D1 00 01 00 FA 1E FA 1E FA 1E FA 1E FA 1E FA 1E 3C 02 9B 02 82 04 C0 04 EA 00 2B 08 01 01 01 00 2A 01 2A 01 2A 01 2A 01 2A 01 2A 01 00 00 00 00 01 00 00 00 8B 00 00 00 DA EC 11 00 01 00 16 00 31 00 00 00 07 01 01 03 03 03 04 00 01 01 01 01 01 01 01 00 05 00 00 00 BE A2 02 00 00 00 00 00 00 00 00 00 00 00 00 00 00 00 00 00 00 00 00 00 00 00 00 00 00 00 00 00 00 00 00 00 00 00 00 00 00 00 00 00 00 00 00 00 00 00 00 00 00 00 00 00 00 00 00 00 00 00 00 00 00 00 00 00 00 00 00 00 00 00 00 00 00 00 00 00 00 00 00 00 00 00 00 00 00 00 00 00 00 00 00 00 00 00 00 00 00 00 00 00 00 00 00 00 00 00 00 00 00 00 00 00 00 00 00 00 00 00 00 00 00 00 00 00 00 00 00 00 00 00 00 00 00 00 00 00 00 00 00 00 00 00 00 00 00 00 00 00 00 00 00 00 00 00 00 00 00 00 00 00 00 00 00 00 00 00 00 00 00 00 00 00 00 00 00 00 00 00 00 00 00 00 00 00 00 00 00 00 00 00 00 00 00 00 00 00 00 00 00 00 00 00 00 00 00 00 00 00 00 00 00 00 00 00 00 00 00 00 00 00 00 00 00 00 00 00 00 00 00 00 00 00 00 00 00 00 00 00 00 00 00 00 00 00 00 00 00 00 00 00 00 00 00 00 00 00 00 00 00 00 00 00 00 00 00 00 00 00 00 00 00 00 00 00 00 00 00 00 00 00 00 00 00 00 00 00 00 00 00 00 00 00 00 00 00 00 00 00 00 00 00 00 00 00 00 00 00 00 00 00 00 00 00 00 00 00 00 00 00 00 00 00 00 00 00 00 00 00 00 00 00 00 00 00 00 00 00 00 00 00 00 00 00 00 00 00 00 00 00 00 00 00 00 00 00 00 00 00 00 00 00 00 00 00 00 00 00 00 00 00 00 00 00 00 00 00 00 00 00 00 00 00 00 00 00 00 00 00 00 00 
