================= REPORT SAVE =================

[CCSDS HEADER]
MsgId      : 0x0825
Seq        : 0xC000
Len        : 0x0215
TimeCode   : 00 2F 81 0B 60 44
Padding    : 0x00000000

[REPORT BODY]
Reflected MID  : 0x1875
Reflected CC   : 0x1A
RetType        : 0x05
RetCode        : 0
RetValSize     : 124

================= PARSED BY MID/CC =================
ReflectedMID : 0x1875
ReflectedCC  : 0x1A
PayloadLen   : 124

[EPS P60 ACU GET TABLE HK]

[Inputs]
c_in[0..5]: 7 17 206 207 91 30
v_in[0..5]: 4857 4825 10203 10180 10194 10207

[Bus/Temp]
vbat: 16316
vcc : 3275
temp[0..2]: 225 223 226

[MPPT]
mppt_mode: 1
vboost[0..5]: 10026 10026 10026 10026 10026 10026
power[0..5]: 33 82 2101 2107 927 306

[DAC]
dac_en[0..2]: 1 1 1
dac_val[0..5]: 373 373 373 373 373 373

[Boot/Time]
bootcause : 0
bootcnt   : 1
uptime    : 139
resetcause: 0x2B41

[MPPT Timing]
mppt_time  : 19
mppt_period: 1

[Device]
device_type[0..7]: 22 0 49 0 0 0 7 1
device_status[0..7]: 1 3 3 3 4 0 1 1

[WDT]
wdt_cnt_gnd : 65793
wdt_gnd_left: 5

[PAYLOAD HEX]
07 00 11 00 CE 00 CF 00 5B 00 1E 00 F9 12 D9 12 
DB 27 C4 27 D2 27 DF 27 BC 3F CB 0C E1 00 DF 00 
E2 00 01 00 2A 27 2A 27 2A 27 2A 27 2A 27 2A 27 
21 00 52 00 35 08 3B 08 9F 03 32 01 01 01 01 00 
75 01 75 01 75 01 75 01 75 01 75 01 00 00 00 00 
01 00 00 00 8B 00 00 00 41 2B 13 00 01 00 16 00 
31 00 00 00 07 01 01 03 03 03 04 00 01 01 01 01 
01 01 01 00 05 00 00 00 A8 A1 02 00 

[RETURN VALUE]
07 00 11 00 CE 00 CF 00 5B 00 1E 00 F9 12 D9 12 
DB 27 C4 27 D2 27 DF 27 BC 3F CB 0C E1 00 DF 00 
E2 00 01 00 2A 27 2A 27 2A 27 2A 27 2A 27 2A 27 
21 00 52 00 35 08 3B 08 9F 03 32 01 01 01 01 00 
75 01 75 01 75 01 75 01 75 01 75 01 00 00 00 00 
01 00 00 00 8B 00 00 00 41 2B 13 00 01 00 16 00 
31 00 00 00 07 01 01 03 03 03 04 00 01 01 01 01 
01 01 01 00 05 00 00 00 A8 A1 02 00 

[BINARY DATA]
25 08 00 C0 15 02 00 2F 81 0B 60 44 00 00 00 00 75 18 1A 05 00 00 00 00 7C 00 07 00 11 00 CE 00 CF 00 5B 00 1E 00 F9 12 D9 12 DB 27 C4 27 D2 27 DF 27 BC 3F CB 0C E1 00 DF 00 E2 00 01 00 2A 27 2A 27 2A 27 2A 27 2A 27 2A 27 21 00 52 00 35 08 3B 08 9F 03 32 01 01 01 01 00 75 01 75 01 75 01 75 01 75 01 75 01 00 00 00 00 01 00 00 00 8B 00 00 00 41 2B 13 00 01 00 16 00 31 00 00 00 07 01 01 03 03 03 04 00 01 01 01 01 01 01 01 00 05 00 00 00 A8 A1 02 00 00 00 00 00 00 00 00 00 00 00 00 00 00 00 00 00 00 00 00 00 00 00 00 00 00 00 00 00 00 00 00 00 00 00 00 00 00 00 00 00 00 00 00 00 00 00 00 00 00 00 00 00 00 00 00 00 00 00 00 00 00 00 00 00 00 00 00 00 00 00 00 00 00 00 00 00 00 00 00 00 00 00 00 00 00 00 00 00 00 00 00 00 00 00 00 00 00 00 00 00 00 00 00 00 00 00 00 00 00 00 00 00 00 00 00 00 00 00 00 00 00 00 00 00 00 00 00 00 00 00 00 00 00 00 00 00 00 00 00 00 00 00 00 00 00 00 00 00 00 00 00 00 00 00 00 00 00 00 00 00 00 00 00 00 00 00 00 00 00 00 00 00 00 00 00 00 00 00 00 00 00 00 00 00 00 00 00 00 00 00 00 00 00 00 00 00 00 00 00 00 00 00 00 00 00 00 00 00 00 00 00 00 00 00 00 00 00 00 00 00 00 00 00 00 00 00 00 00 00 00 00 00 00 00 00 00 00 00 00 00 00 00 00 00 00 00 00 00 00 00 00 00 00 00 00 00 00 00 00 00 00 00 00 00 00 00 00 00 00 00 00 00 00 00 00 00 00 00 00 00 00 00 00 00 00 00 00 00 00 00 00 00 00 00 00 00 00 00 00 00 00 00 00 00 00 00 00 00 00 00 00 00 00 00 00 00 00 00 00 00 00 00 00 00 00 00 00 00 00 00 00 00 00 00 00 00 00 00 00 00 00 00 00 00 00 00 00 00 00 00 00 00 00 00 00 00 00 00 00 00 00 00 00 00 00 00 00 00 00 00 00 00 00 00 00 00 00 00 00 00 00 00 00 00 00 00 00 00 00 00 
