================= REPORT SAVE =================

[CCSDS HEADER]
MsgId      : 0x0825
Seq        : 0xC000
Len        : 0x0215
TimeCode   : 00 38 C7 32 56 E1
Padding    : 0x00000000

[REPORT BODY]
Reflected MID  : 0x1875
Reflected CC   : 0x14
RetType        : 0x05
RetCode        : 0
RetValSize     : 188

================= PARSED BY MID/CC =================
ReflectedMID : 0x1875
ReflectedCC  : 0x14
PayloadLen   : 188

[EPS P60 DOCK GET TABLE HK]

[Report Data]
c_out[0..12]: 54 56 16 0 6 3 -8 -5 25 509 18 12 18
v_out[0..12]: 0 0 0 0 16260 16260 260 275 16254 0 0 0 0
out_en[0..12]: 1 1 0 0 1 1 0 0 1 1 1 0 0

[Temps]
temp[0..1]: 0 215

[Boot/Time]
bootcause              : 256
bootcnt                : 163
uptime                 : 344254
resetcause             : 0x0301

[Modes/Flags]
batt_mode              : 3
heater_on              : 0
conv_5v_en              : 1

[Latchups]
latchup[0..12]: 0 0 0 0 0 0 0 0 0 0 0 0 0

[Battery/Power]
vbat_v                 : 16256
vcc_c                  : -108
batt_c                 : 59
batt_v                 : 16257
batt_temp[0..1]: 0 0

[Device]
device_type[0..7]: 7 2 2 1 4 6 0 0
device_status[0..7]: 1 1 1 1 1 1 0 0
dearm_status           : 0

[WDT Counters]
wdt_cnt_gnd            : 5
wdt_cnt_i2c            : 0
wdt_cnt_can            : 2
wdt_cnt_csp[0..1]: 0 41

[WDT Left]
wdt_gnd_left           : 128211
wdt_i2c_left           : 0
wdt_can_left           : 300
wdt_csp_left[0..1]: 5 5

[Battery Currents]
batt_chrg              : 262
batt_dischrg           : 203

[Deploy]
ant6_depl              : 3
ar6_depl               : 3

[PAYLOAD HEX]
36 00 38 00 10 00 00 00 06 00 03 00 F8 FF FB FF 
19 00 FD 01 12 00 0C 00 12 00 00 00 00 00 00 00 
00 00 84 3F 84 3F 04 01 13 01 7E 3F 00 00 00 00 
00 00 00 00 01 01 00 00 01 01 00 00 01 01 01 00 
00 00 00 00 D7 00 D5 00 00 01 00 00 A3 00 00 00 
BE 40 05 00 01 03 03 00 01 00 00 00 00 00 00 00 
00 00 00 00 00 00 00 00 00 00 00 00 00 00 00 00 
00 00 00 00 80 3F 94 FF 3B 00 81 3F 00 00 00 00 
07 02 02 01 04 06 00 00 01 01 01 01 01 01 00 00 
00 00 00 00 05 00 00 00 00 00 00 00 02 00 00 00 
00 00 00 00 29 00 00 00 D3 F4 01 00 00 00 00 00 
2C 01 00 00 05 05 06 01 CB 00 03 03 

[RETURN VALUE]
36 00 38 00 10 00 00 00 06 00 03 00 F8 FF FB FF 
19 00 FD 01 12 00 0C 00 12 00 00 00 00 00 00 00 
00 00 84 3F 84 3F 04 01 13 01 7E 3F 00 00 00 00 
00 00 00 00 01 01 00 00 01 01 00 00 01 01 01 00 
00 00 00 00 D7 00 D5 00 00 01 00 00 A3 00 00 00 
BE 40 05 00 01 03 03 00 01 00 00 00 00 00 00 00 
00 00 00 00 00 00 00 00 00 00 00 00 00 00 00 00 
00 00 00 00 80 3F 94 FF 3B 00 81 3F 00 00 00 00 
07 02 02 01 04 06 00 00 01 01 01 01 01 01 00 00 
00 00 00 00 05 00 00 00 00 00 00 00 02 00 00 00 
00 00 00 00 29 00 00 00 D3 F4 01 00 00 00 00 00 
2C 01 00 00 05 05 06 01 CB 00 03 03 

[BINARY DATA]
25 08 00 C0 15 02 00 38 C7 32 56 E1 00 00 00 00 75 18 14 05 00 00 00 00 BC 00 36 00 38 00 10 00 00 00 06 00 03 00 F8 FF FB FF 19 00 FD 01 12 00 0C 00 12 00 00 00 00 00 00 00 00 00 84 3F 84 3F 04 01 13 01 7E 3F 00 00 00 00 00 00 00 00 01 01 00 00 01 01 00 00 01 01 01 00 00 00 00 00 D7 00 D5 00 00 01 00 00 A3 00 00 00 BE 40 05 00 01 03 03 00 01 00 00 00 00 00 00 00 00 00 00 00 00 00 00 00 00 00 00 00 00 00 00 00 00 00 00 00 80 3F 94 FF 3B 00 81 3F 00 00 00 00 07 02 02 01 04 06 00 00 01 01 01 01 01 01 00 00 00 00 00 00 05 00 00 00 00 00 00 00 02 00 00 00 00 00 00 00 29 00 00 00 D3 F4 01 00 00 00 00 00 2C 01 00 00 05 05 06 01 CB 00 03 03 00 00 00 00 00 00 00 00 00 00 00 00 00 00 00 00 00 00 00 00 00 00 00 00 00 00 00 00 00 00 00 00 00 00 00 00 00 00 00 00 00 00 00 00 00 00 00 00 00 00 00 00 00 00 00 00 00 00 00 00 00 00 00 00 00 00 00 00 00 00 00 00 00 00 00 00 00 00 00 00 00 00 00 00 00 00 00 00 00 00 00 00 00 00 00 00 00 00 00 00 00 00 00 00 00 00 00 00 00 00 00 00 00 00 00 00 00 00 00 00 00 00 00 00 00 00 00 00 00 00 00 00 00 00 00 00 00 00 00 00 00 00 00 00 00 00 00 00 00 00 00 00 00 00 00 00 00 00 00 00 00 00 00 00 00 00 00 00 00 00 00 00 00 00 00 00 00 00 00 00 00 00 00 00 00 00 00 00 00 00 00 00 00 00 00 00 00 00 00 00 00 00 00 00 00 00 00 00 00 00 00 00 00 00 00 00 00 00 00 00 00 00 00 00 00 00 00 00 00 00 00 00 00 00 00 00 00 00 00 00 00 00 00 00 00 00 00 00 00 00 00 00 00 00 00 00 00 00 00 00 00 00 00 00 00 00 00 00 00 00 00 00 00 00 00 00 00 00 00 00 00 00 00 00 00 00 00 00 00 00 00 00 00 00 00 00 00 00 00 00 00 00 00 00 00 00 00 00 00 00 00 00 00 00 00 00 00 00 00 00 00 00 00 00 00 00 
