================= REPORT SAVE =================

[CCSDS HEADER]
MsgId      : 0x0825
Seq        : 0xC000
Len        : 0x0215
TimeCode   : 00 3C AC AD 64 CC
Padding    : 0x00000000

[REPORT BODY]
Reflected MID  : 0x1875
Reflected CC   : 0x1A
RetType        : 0x05
RetCode        : 0
RetValSize     : 124

================= PARSED BY MID/CC =================
ReflectedMID : 0x1875
ReflectedCC  : 0x1A
PayloadLen   : 124

[EPS P60 ACU GET TABLE HK]

[Inputs]
c_in[0..5]: 46 59 50 46 14 13
v_in[0..5]: 16848 16840 16840 16802 14084 14401

[Bus/Temp]
vbat: 16222
vcc : 3275
temp[0..2]: 202 202 203

[MPPT]
mppt_mode: 1
vboost[0..5]: 18602 17284 17849 18440 17876 18037
power[0..5]: 775 993 842 772 197 187

[DAC]
dac_en[0..2]: 1 1 1
dac_val[0..5]: 694 641 670 684 669 671

[Boot/Time]
bootcause : 3044749176
bootcnt   : 1
uptime    : 141
resetcause: 0xEB9D

[MPPT Timing]
mppt_time  : 1
mppt_period: 1

[Device]
device_type[0..7]: 22 0 49 0 0 0 7 1
device_status[0..7]: 1 3 3 3 4 0 1 1

[WDT]
wdt_cnt_gnd : 65793
wdt_gnd_left: 5

[PAYLOAD HEX]
2E 00 3B 00 32 00 2E 00 0E 00 0D 00 D0 41 C8 41 
C8 41 A2 41 04 37 41 38 5E 3F CB 0C CA 00 CA 00 
CB 00 01 00 AA 48 84 43 B9 45 08 48 D4 45 75 46 
07 03 E1 03 4A 03 04 03 C5 00 BB 00 01 01 01 00 
B6 02 81 02 9E 02 AC 02 9D 02 9F 02 78 2F 7B B5 
01 00 00 00 8D 00 00 00 9D EB 01 00 01 00 16 00 
31 00 00 00 07 01 01 03 03 03 04 00 01 01 01 01 
01 01 01 00 05 00 00 00 5C A1 02 00 

[RETURN VALUE]
2E 00 3B 00 32 00 2E 00 0E 00 0D 00 D0 41 C8 41 
C8 41 A2 41 04 37 41 38 5E 3F CB 0C CA 00 CA 00 
CB 00 01 00 AA 48 84 43 B9 45 08 48 D4 45 75 46 
07 03 E1 03 4A 03 04 03 C5 00 BB 00 01 01 01 00 
B6 02 81 02 9E 02 AC 02 9D 02 9F 02 78 2F 7B B5 
01 00 00 00 8D 00 00 00 9D EB 01 00 01 00 16 00 
31 00 00 00 07 01 01 03 03 03 04 00 01 01 01 01 
01 01 01 00 05 00 00 00 5C A1 02 00 

[BINARY DATA]
25 08 00 C0 15 02 00 3C AC AD 64 CC 00 00 00 00 75 18 1A 05 00 00 00 00 7C 00 2E 00 3B 00 32 00 2E 00 0E 00 0D 00 D0 41 C8 41 C8 41 A2 41 04 37 41 38 5E 3F CB 0C CA 00 CA 00 CB 00 01 00 AA 48 84 43 B9 45 08 48 D4 45 75 46 07 03 E1 03 4A 03 04 03 C5 00 BB 00 01 01 01 00 B6 02 81 02 9E 02 AC 02 9D 02 9F 02 78 2F 7B B5 01 00 00 00 8D 00 00 00 9D EB 01 00 01 00 16 00 31 00 00 00 07 01 01 03 03 03 04 00 01 01 01 01 01 01 01 00 05 00 00 00 5C A1 02 00 00 00 00 00 00 00 00 00 00 00 00 00 00 00 00 00 00 00 00 00 00 00 00 00 00 00 00 00 00 00 00 00 00 00 00 00 00 00 00 00 00 00 00 00 00 00 00 00 00 00 00 00 00 00 00 00 00 00 00 00 00 00 00 00 00 00 00 00 00 00 00 00 00 00 00 00 00 00 00 00 00 00 00 00 00 00 00 00 00 00 00 00 00 00 00 00 00 00 00 00 00 00 00 00 00 00 00 00 00 00 00 00 00 00 00 00 00 00 00 00 00 00 00 00 00 00 00 00 00 00 00 00 00 00 00 00 00 00 00 00 00 00 00 00 00 00 00 00 00 00 00 00 00 00 00 00 00 00 00 00 00 00 00 00 00 00 00 00 00 00 00 00 00 00 00 00 00 00 00 00 00 00 00 00 00 00 00 00 00 00 00 00 00 00 00 00 00 00 00 00 00 00 00 00 00 00 00 00 00 00 00 00 00 00 00 00 00 00 00 00 00 00 00 00 00 00 00 00 00 00 00 00 00 00 00 00 00 00 00 00 00 00 00 00 00 00 00 00 00 00 00 00 00 00 00 00 00 00 00 00 00 00 00 00 00 00 00 00 00 00 00 00 00 00 00 00 00 00 00 00 00 00 00 00 00 00 00 00 00 00 00 00 00 00 00 00 00 00 00 00 00 00 00 00 00 00 00 00 00 00 00 00 00 00 00 00 00 00 00 00 00 00 00 00 00 00 00 00 00 00 00 00 00 00 00 00 00 00 00 00 00 00 00 00 00 00 00 00 00 00 00 00 00 00 00 00 00 00 00 00 00 00 00 00 00 00 00 00 00 00 00 00 00 00 00 00 00 00 00 00 00 00 00 00 00 00 00 00 00 00 
