================= REPORT SAVE =================

[CCSDS HEADER]
MsgId      : 0x0825
Seq        : 0xC000
Len        : 0x0215
TimeCode   : 00 3C C1 8F 54 D8
Padding    : 0x00000000

[REPORT BODY]
Reflected MID  : 0x1875
Reflected CC   : 0x1A
RetType        : 0x05
RetCode        : 0
RetValSize     : 124

================= PARSED BY MID/CC =================
ReflectedMID : 0x1875
ReflectedCC  : 0x1A
PayloadLen   : 124

[EPS P60 ACU GET TABLE HK]

[Inputs]
c_in[0..5]: 50 61 65 62 14 12
v_in[0..5]: 16848 16826 16826 16802 15050 15137

[Bus/Temp]
vbat: 16222
vcc : 3275
temp[0..2]: 210 211 211

[MPPT]
mppt_mode: 1
vboost[0..5]: 17930 18817 17473 17069 17822 17876
power[0..5]: 842 1026 1093 1041 210 181

[DAC]
dac_en[0..2]: 1 1 1
dac_val[0..5]: 661 694 652 635 657 669

[Boot/Time]
bootcause : 3044749176
bootcnt   : 1
uptime    : 141
resetcause: 0x0082

[MPPT Timing]
mppt_time  : 2
mppt_period: 1

[Device]
device_type[0..7]: 22 0 49 0 0 0 7 1
device_status[0..7]: 1 3 3 3 4 0 1 1

[WDT]
wdt_cnt_gnd : 65793
wdt_gnd_left: 5

[PAYLOAD HEX]
32 00 3D 00 41 00 3E 00 0E 00 0C 00 D0 41 BA 41 
BA 41 A2 41 CA 3A 21 3B 5E 3F CB 0C D2 00 D3 00 
D3 00 01 00 0A 46 81 49 41 44 AD 42 9E 45 D4 45 
4A 03 02 04 45 04 11 04 D2 00 B5 00 01 01 01 00 
95 02 B6 02 8C 02 7B 02 91 02 9D 02 78 2F 7B B5 
01 00 00 00 8D 00 00 00 82 00 02 00 01 00 16 00 
31 00 00 00 07 01 01 03 03 03 04 00 01 01 01 01 
01 01 01 00 05 00 00 00 77 8C 02 00 

[RETURN VALUE]
32 00 3D 00 41 00 3E 00 0E 00 0C 00 D0 41 BA 41 
BA 41 A2 41 CA 3A 21 3B 5E 3F CB 0C D2 00 D3 00 
D3 00 01 00 0A 46 81 49 41 44 AD 42 9E 45 D4 45 
4A 03 02 04 45 04 11 04 D2 00 B5 00 01 01 01 00 
95 02 B6 02 8C 02 7B 02 91 02 9D 02 78 2F 7B B5 
01 00 00 00 8D 00 00 00 82 00 02 00 01 00 16 00 
31 00 00 00 07 01 01 03 03 03 04 00 01 01 01 01 
01 01 01 00 05 00 00 00 77 8C 02 00 

[BINARY DATA]
25 08 00 C0 15 02 00 3C C1 8F 54 D8 00 00 00 00 75 18 1A 05 00 00 00 00 7C 00 32 00 3D 00 41 00 3E 00 0E 00 0C 00 D0 41 BA 41 BA 41 A2 41 CA 3A 21 3B 5E 3F CB 0C D2 00 D3 00 D3 00 01 00 0A 46 81 49 41 44 AD 42 9E 45 D4 45 4A 03 02 04 45 04 11 04 D2 00 B5 00 01 01 01 00 95 02 B6 02 8C 02 7B 02 91 02 9D 02 78 2F 7B B5 01 00 00 00 8D 00 00 00 82 00 02 00 01 00 16 00 31 00 00 00 07 01 01 03 03 03 04 00 01 01 01 01 01 01 01 00 05 00 00 00 77 8C 02 00 00 00 00 00 00 00 00 00 00 00 00 00 00 00 00 00 00 00 00 00 00 00 00 00 00 00 00 00 00 00 00 00 00 00 00 00 00 00 00 00 00 00 00 00 00 00 00 00 00 00 00 00 00 00 00 00 00 00 00 00 00 00 00 00 00 00 00 00 00 00 00 00 00 00 00 00 00 00 00 00 00 00 00 00 00 00 00 00 00 00 00 00 00 00 00 00 00 00 00 00 00 00 00 00 00 00 00 00 00 00 00 00 00 00 00 00 00 00 00 00 00 00 00 00 00 00 00 00 00 00 00 00 00 00 00 00 00 00 00 00 00 00 00 00 00 00 00 00 00 00 00 00 00 00 00 00 00 00 00 00 00 00 00 00 00 00 00 00 00 00 00 00 00 00 00 00 00 00 00 00 00 00 00 00 00 00 00 00 00 00 00 00 00 00 00 00 00 00 00 00 00 00 00 00 00 00 00 00 00 00 00 00 00 00 00 00 00 00 00 00 00 00 00 00 00 00 00 00 00 00 00 00 00 00 00 00 00 00 00 00 00 00 00 00 00 00 00 00 00 00 00 00 00 00 00 00 00 00 00 00 00 00 00 00 00 00 00 00 00 00 00 00 00 00 00 00 00 00 00 00 00 00 00 00 00 00 00 00 00 00 00 00 00 00 00 00 00 00 00 00 00 00 00 00 00 00 00 00 00 00 00 00 00 00 00 00 00 00 00 00 00 00 00 00 00 00 00 00 00 00 00 00 00 00 00 00 00 00 00 00 00 00 00 00 00 00 00 00 00 00 00 00 00 00 00 00 00 00 00 00 00 00 00 00 00 00 00 00 00 00 00 00 00 00 00 00 00 00 00 00 00 00 00 00 00 00 00 00 00 00 
