================= REPORT SAVE =================

[CCSDS HEADER]
MsgId      : 0x0825
Seq        : 0xC000
Len        : 0x0215
TimeCode   : 00 3C C2 AE 46 CE
Padding    : 0x00000000

[REPORT BODY]
Reflected MID  : 0x1875
Reflected CC   : 0x1A
RetType        : 0x05
RetCode        : 0
RetValSize     : 124

================= PARSED BY MID/CC =================
ReflectedMID : 0x1875
ReflectedCC  : 0x1A
PayloadLen   : 124

[EPS P60 ACU GET TABLE HK]

[Inputs]
c_in[0..5]: 56 67 65 64 14 13
v_in[0..5]: 16834 16826 16826 16802 14291 14749

[Bus/Temp]
vbat: 16222
vcc : 3275
temp[0..2]: 220 219 219

[MPPT]
mppt_mode: 1
vboost[0..5]: 18763 17338 17688 17903 17876 17876
power[0..5]: 942 1127 1093 1075 200 191

[DAC]
dac_en[0..2]: 1 1 1
dac_val[0..5]: 698 645 660 662 667 665

[Boot/Time]
bootcause : 3044749176
bootcnt   : 1
uptime    : 141
resetcause: 0x01A1

[MPPT Timing]
mppt_time  : 2
mppt_period: 1

[Device]
device_type[0..7]: 22 0 49 0 0 0 7 1
device_status[0..7]: 1 3 3 3 4 0 1 1

[WDT]
wdt_cnt_gnd : 65793
wdt_gnd_left: 5

[PAYLOAD HEX]
38 00 43 00 41 00 40 00 0E 00 0D 00 C2 41 BA 41 
BA 41 A2 41 D3 37 9D 39 5E 3F CB 0C DC 00 DB 00 
DB 00 01 00 4B 49 BA 43 18 45 EF 45 D4 45 D4 45 
AE 03 67 04 45 04 33 04 C8 00 BF 00 01 01 01 00 
BA 02 85 02 94 02 96 02 9B 02 99 02 78 2F 7B B5 
01 00 00 00 8D 00 00 00 A1 01 02 00 01 00 16 00 
31 00 00 00 07 01 01 03 03 03 04 00 01 01 01 01 
01 01 01 00 05 00 00 00 58 8B 02 00 

[RETURN VALUE]
38 00 43 00 41 00 40 00 0E 00 0D 00 C2 41 BA 41 
BA 41 A2 41 D3 37 9D 39 5E 3F CB 0C DC 00 DB 00 
DB 00 01 00 4B 49 BA 43 18 45 EF 45 D4 45 D4 45 
AE 03 67 04 45 04 33 04 C8 00 BF 00 01 01 01 00 
BA 02 85 02 94 02 96 02 9B 02 99 02 78 2F 7B B5 
01 00 00 00 8D 00 00 00 A1 01 02 00 01 00 16 00 
31 00 00 00 07 01 01 03 03 03 04 00 01 01 01 01 
01 01 01 00 05 00 00 00 58 8B 02 00 

[BINARY DATA]
25 08 00 C0 15 02 00 3C C2 AE 46 CE 00 00 00 00 75 18 1A 05 00 00 00 00 7C 00 38 00 43 00 41 00 40 00 0E 00 0D 00 C2 41 BA 41 BA 41 A2 41 D3 37 9D 39 5E 3F CB 0C DC 00 DB 00 DB 00 01 00 4B 49 BA 43 18 45 EF 45 D4 45 D4 45 AE 03 67 04 45 04 33 04 C8 00 BF 00 01 01 01 00 BA 02 85 02 94 02 96 02 9B 02 99 02 78 2F 7B B5 01 00 00 00 8D 00 00 00 A1 01 02 00 01 00 16 00 31 00 00 00 07 01 01 03 03 03 04 00 01 01 01 01 01 01 01 00 05 00 00 00 58 8B 02 00 00 00 00 00 00 00 00 00 00 00 00 00 00 00 00 00 00 00 00 00 00 00 00 00 00 00 00 00 00 00 00 00 00 00 00 00 00 00 00 00 00 00 00 00 00 00 00 00 00 00 00 00 00 00 00 00 00 00 00 00 00 00 00 00 00 00 00 00 00 00 00 00 00 00 00 00 00 00 00 00 00 00 00 00 00 00 00 00 00 00 00 00 00 00 00 00 00 00 00 00 00 00 00 00 00 00 00 00 00 00 00 00 00 00 00 00 00 00 00 00 00 00 00 00 00 00 00 00 00 00 00 00 00 00 00 00 00 00 00 00 00 00 00 00 00 00 00 00 00 00 00 00 00 00 00 00 00 00 00 00 00 00 00 00 00 00 00 00 00 00 00 00 00 00 00 00 00 00 00 00 00 00 00 00 00 00 00 00 00 00 00 00 00 00 00 00 00 00 00 00 00 00 00 00 00 00 00 00 00 00 00 00 00 00 00 00 00 00 00 00 00 00 00 00 00 00 00 00 00 00 00 00 00 00 00 00 00 00 00 00 00 00 00 00 00 00 00 00 00 00 00 00 00 00 00 00 00 00 00 00 00 00 00 00 00 00 00 00 00 00 00 00 00 00 00 00 00 00 00 00 00 00 00 00 00 00 00 00 00 00 00 00 00 00 00 00 00 00 00 00 00 00 00 00 00 00 00 00 00 00 00 00 00 00 00 00 00 00 00 00 00 00 00 00 00 00 00 00 00 00 00 00 00 00 00 00 00 00 00 00 00 00 00 00 00 00 00 00 00 00 00 00 00 00 00 00 00 00 00 00 00 00 00 00 00 00 00 00 00 00 00 00 00 00 00 00 00 00 00 00 00 00 00 00 00 00 00 00 00 00 
