================= REPORT SAVE =================

[CCSDS HEADER]
MsgId      : 0x0825
Seq        : 0xC000
Len        : 0x0215
TimeCode   : 00 2E 44 3D D6 3D
Padding    : 0x00000000

[REPORT BODY]
Reflected MID  : 0x1875
Reflected CC   : 0x1A
RetType        : 0x05
RetCode        : 0
RetValSize     : 124

================= PARSED BY MID/CC =================
ReflectedMID : 0x1875
ReflectedCC  : 0x1A
PayloadLen   : 124

[EPS P60 ACU GET TABLE HK]

[Inputs]
c_in[0..5]: 370 372 20 23 69 397
v_in[0..5]: 3913 3940 3926 3931 3959 3971

[Bus/Temp]
vbat: 16285
vcc : 3275
temp[0..2]: 215 216 217

[MPPT]
mppt_mode: 1
vboost[0..5]: 3951 3951 3951 3951 3951 3951
power[0..5]: 1447 1465 78 90 273 1576

[DAC]
dac_en[0..2]: 1 1 1
dac_val[0..5]: 154 154 154 154 154 152

[Boot/Time]
bootcause : 0
bootcnt   : 1
uptime    : 139
resetcause: 0xEE4C

[MPPT Timing]
mppt_time  : 17
mppt_period: 1

[Device]
device_type[0..7]: 22 0 49 0 0 0 7 1
device_status[0..7]: 1 3 3 3 4 0 1 1

[WDT]
wdt_cnt_gnd : 65793
wdt_gnd_left: 5

[PAYLOAD HEX]
72 01 74 01 14 00 17 00 45 00 8D 01 49 0F 64 0F 
56 0F 5B 0F 77 0F 83 0F 9D 3F CB 0C D7 00 D8 00 
D9 00 01 00 6F 0F 6F 0F 6F 0F 6F 0F 6F 0F 6F 0F 
A7 05 B9 05 4E 00 5A 00 11 01 28 06 01 01 01 00 
9A 00 9A 00 9A 00 9A 00 9A 00 98 00 00 00 00 00 
01 00 00 00 8B 00 00 00 4C EE 11 00 01 00 16 00 
31 00 00 00 07 01 01 03 03 03 04 00 01 01 01 01 
01 01 01 00 05 00 00 00 4C A1 02 00 

[RETURN VALUE]
72 01 74 01 14 00 17 00 45 00 8D 01 49 0F 64 0F 
56 0F 5B 0F 77 0F 83 0F 9D 3F CB 0C D7 00 D8 00 
D9 00 01 00 6F 0F 6F 0F 6F 0F 6F 0F 6F 0F 6F 0F 
A7 05 B9 05 4E 00 5A 00 11 01 28 06 01 01 01 00 
9A 00 9A 00 9A 00 9A 00 9A 00 98 00 00 00 00 00 
01 00 00 00 8B 00 00 00 4C EE 11 00 01 00 16 00 
31 00 00 00 07 01 01 03 03 03 04 00 01 01 01 01 
01 01 01 00 05 00 00 00 4C A1 02 00 

[BINARY DATA]
25 08 00 C0 15 02 00 2E 44 3D D6 3D 00 00 00 00 75 18 1A 05 00 00 00 00 7C 00 72 01 74 01 14 00 17 00 45 00 8D 01 49 0F 64 0F 56 0F 5B 0F 77 0F 83 0F 9D 3F CB 0C D7 00 D8 00 D9 00 01 00 6F 0F 6F 0F 6F 0F 6F 0F 6F 0F 6F 0F A7 05 B9 05 4E 00 5A 00 11 01 28 06 01 01 01 00 9A 00 9A 00 9A 00 9A 00 9A 00 98 00 00 00 00 00 01 00 00 00 8B 00 00 00 4C EE 11 00 01 00 16 00 31 00 00 00 07 01 01 03 03 03 04 00 01 01 01 01 01 01 01 00 05 00 00 00 4C A1 02 00 00 00 00 00 00 00 00 00 00 00 00 00 00 00 00 00 00 00 00 00 00 00 00 00 00 00 00 00 00 00 00 00 00 00 00 00 00 00 00 00 00 00 00 00 00 00 00 00 00 00 00 00 00 00 00 00 00 00 00 00 00 00 00 00 00 00 00 00 00 00 00 00 00 00 00 00 00 00 00 00 00 00 00 00 00 00 00 00 00 00 00 00 00 00 00 00 00 00 00 00 00 00 00 00 00 00 00 00 00 00 00 00 00 00 00 00 00 00 00 00 00 00 00 00 00 00 00 00 00 00 00 00 00 00 00 00 00 00 00 00 00 00 00 00 00 00 00 00 00 00 00 00 00 00 00 00 00 00 00 00 00 00 00 00 00 00 00 00 00 00 00 00 00 00 00 00 00 00 00 00 00 00 00 00 00 00 00 00 00 00 00 00 00 00 00 00 00 00 00 00 00 00 00 00 00 00 00 00 00 00 00 00 00 00 00 00 00 00 00 00 00 00 00 00 00 00 00 00 00 00 00 00 00 00 00 00 00 00 00 00 00 00 00 00 00 00 00 00 00 00 00 00 00 00 00 00 00 00 00 00 00 00 00 00 00 00 00 00 00 00 00 00 00 00 00 00 00 00 00 00 00 00 00 00 00 00 00 00 00 00 00 00 00 00 00 00 00 00 00 00 00 00 00 00 00 00 00 00 00 00 00 00 00 00 00 00 00 00 00 00 00 00 00 00 00 00 00 00 00 00 00 00 00 00 00 00 00 00 00 00 00 00 00 00 00 00 00 00 00 00 00 00 00 00 00 00 00 00 00 00 00 00 00 00 00 00 00 00 00 00 00 00 00 00 00 00 00 00 00 00 00 00 00 00 00 00 00 00 00 00 
